0.16366227	0.038552124	0.13428074	-0.025218228	0.060630422	-0.04860283	0.07635895	0.18254618	-0.036923587	-0.024324425	0.11793855	-0.14043346	0.16466218	0.004161934	0.0066023367	-0.037475146
0.2558744	0.161172	0.11617654	-0.2445714	0.24014734	-0.044114027	0.11120568	0.10926006	-0.2556927	-0.094602756	0.20029211	-0.22675505	0.2986031	-0.03913075	-0.0017446917	-0.17865488
0.5091491	0.19660965	0.27589595	-0.331315	0.4483134	-0.06275087	0.23075898	0.078529164	-0.40626562	-0.17864457	0.3667179	-0.36249933	0.4462659	-0.051041722	-0.10559449	-0.25945604
-0.3559758	-0.99254936	-0.85752285	0.8937415	-1.2150425	-0.23378375	-0.9532004	-0.38182923	1.1073265	0.7689285	-1.1164114	1.1691327	-1.0480618	0.43967018	0.45406285	0.9724071
0.04237942	-0.025583427	-0.068274334	0.007817007	-0.067374445	0.009224985	-0.037196	-0.045745578	-0.014460459	0.07457661	-0.01610786	0.06851173	-0.07256255	0.06832564	0.065444104	0.00036667148
-0.05482685	0.058452133	-0.076833405	-0.11763194	0.030101353	0.08261188	0.047359876	-0.14991717	-0.07007226	-0.05954468	0.09941132	-0.109568834	0.055204343	-0.09534877	-0.09831785	-0.051998455
0.101412274	-0.7874718	-0.10667452	0.7752312	-0.98535204	-0.45594546	-0.8113948	0.18304133	0.9925835	0.7356402	-0.9941962	0.9317487	-0.88668174	0.57151556	0.54479164	0.90771383
0.04294518	0.03338645	-0.062326383	-0.076887056	0.042908292	0.05884322	0.07570919	-0.074758634	-0.12084938	-0.09491479	0.09437551	-0.10256633	0.073583424	-0.03432838	-0.06682428	-0.06449774
-0.0787555	-0.67899305	-0.34394184	0.6358225	-0.8145879	-0.27732137	-0.57813746	0.060033545	0.83008534	0.5576012	-0.75227386	0.83286786	-0.6778615	0.39502418	0.37427112	0.7005131
0.08207407	0.00014209698	0.051263127	-0.007195832	0.053848162	-0.034993056	0.013652671	0.020522442	-0.028315566	0.036950387	0.052776422	-0.060655877	0.063337065	0.025551511	0.0044260966	-0.04528832
0.008595947	-0.87879264	-0.16457896	0.897629	-1.0371212	-0.4481107	-0.8750788	0.18660973	1.0799855	0.73710644	-0.9863004	0.99977106	-0.897739	0.62526596	0.56127644	0.91779095
0.07896755	0.19400583	0.034798767	-0.22536936	0.311372	0.04318287	0.24287277	0.02184155	-0.2637712	-0.15443955	0.29817382	-0.22712384	0.2807009	-0.14127599	-0.07917022	-0.17893979
-0.03211081	-0.5093366	-0.1580646	0.58699113	-0.65280974	-0.3135731	-0.51380175	0.05970689	0.67514837	0.43726996	-0.6365178	0.6476929	-0.58850706	0.35248202	0.2963224	0.59362215
0.3379921	0.62575823	0.12484757	-0.7722492	0.83644146	0.21701676	0.59697473	-0.25035655	-0.82767123	-0.49733567	0.76262486	-0.7488952	0.7973072	-0.35246453	-0.33273146	-0.67586625
0.119207956	-0.019716248	0.05706354	-0.016054755	0.0020581675	-0.017595002	-0.05307353	0.065435015	0.020792466	0.08058154	0.020116203	0.036704533	0.0064841197	0.09307291	0.059379324	0.011356245
0.06880552	-0.087333746	0.06439745	-0.014596109	-0.024419727	-0.053830788	-0.05007829	0.017656852	0.110499464	0.09278936	-0.0762964	0.07005597	0.00755685	0.06178885	0.08466087	0.059441146
-0.23181148	0.23075633	-0.32652625	-0.19103098	0.1781228	0.1983668	0.17376006	-0.28519925	-0.1822645	-0.24599148	0.15228143	-0.24257784	0.15073617	-0.17071424	-0.20824577	-0.2362643
-0.2589952	-0.10151878	-0.37611264	0.15463494	-0.24225137	0.029948514	-0.09833585	-0.21577471	0.18816829	0.1213071	-0.19682735	0.19954076	-0.11507594	-0.007525882	-0.07268729	0.124235354
0.29692528	0.11506946	0.32335767	-0.18447553	0.20218544	-0.04294265	0.12586676	0.058852866	-0.15206712	-0.13354309	0.21832229	-0.19168234	0.20277111	0.0039367736	-0.04416671	-0.101530336
0.12527406	-0.5989062	0.09302114	0.5187851	-0.6025857	-0.3291928	-0.54423434	0.30270654	0.66366607	0.5168391	-0.5767555	0.5792905	-0.5006316	0.4240282	0.37657055	0.53073126
0.2974961	-0.2392445	0.32823893	0.30738452	-0.24475808	-0.29247925	-0.27429634	0.34135133	0.33591184	0.2586814	-0.30565888	0.2446475	-0.21003751	0.28339958	0.27760056	0.27522326
0.03915701	0.073447876	-0.01363677	-0.10690486	0.061092936	0.01815306	0.012069032	-0.032113146	-0.025855746	-0.020920737	0.023793757	-0.095030755	0.08048399	-0.08387527	-0.063625336	-0.1108427
0.09285079	0.16778158	0.09621637	-0.1745757	0.14986026	0.081942745	0.14637846	0.0986091	-0.16550408	-0.07746581	0.15768553	-0.15049905	0.19916503	-0.05439736	-0.028040223	-0.1584487
0.19146857	0.14655556	0.25491846	-0.13182387	0.17093904	-0.015470847	0.08594796	0.09311473	-0.16655625	-0.049148984	0.19310765	-0.20150696	0.16455716	-0.001874871	-0.015112877	-0.096658766
0.068512276	-0.05818971	0.087878235	-0.0174613	-0.019221552	-0.038036037	-0.059605632	-0.0394873	0.039832946	0.077391304	-0.029178943	0.06438237	0.02180136	0.06570271	0.015018941	0.04272662
0.27788258	-0.77249503	0.2452499	0.7646056	-0.8895363	-0.5567727	-0.6739276	0.4745171	0.86743784	0.65065813	-0.7711114	0.7810861	-0.7350995	0.6183437	0.58173734	0.7214333
0.103514545	-0.112870194	0.14007725	0.09613887	-0.04843117	-0.14487265	-0.099823885	0.11934561	0.11818259	0.033319153	-0.07498895	0.030206539	-0.10636314	0.10397661	0.102784134	0.081296965
-0.19310732	0.19877566	-0.17673317	-0.2191365	0.27433816	0.21912825	0.2617244	-0.24068387	-0.32967696	-0.22798772	0.26032552	-0.23480262	0.31850618	-0.20494154	-0.17771147	-0.2341218
-0.2168035	0.34924325	-0.18642673	-0.33880043	0.33702838	0.23810458	0.2841325	-0.231587	-0.36923757	-0.3264043	0.30097556	-0.35066015	0.32252955	-0.30773816	-0.30338863	-0.32253256
0.10590376	-0.59061664	0.058129948	0.57284695	-0.7021527	-0.33998272	-0.5616975	0.17461844	0.69847643	0.56531113	-0.6374385	0.6000514	-0.53586394	0.44306135	0.38610384	0.6171769
0.4831958	-0.88682085	0.43071848	0.91229445	-1.0737501	-0.7248855	-0.9516906	0.54183674	1.0326458	0.8903555	-0.954234	0.97475886	-0.9033453	0.7390919	0.73763496	0.9533248
-0.011794073	-0.2882798	-0.04922825	0.21791524	-0.2735173	-0.14197804	-0.2162486	0.01965291	0.2760446	0.19503781	-0.3184874	0.3203628	-0.2717234	0.18229094	0.118783616	0.25372207
0.5363973	-0.6161763	0.45776808	0.6175268	-0.6361916	-0.5581597	-0.5855762	0.57591933	0.6844298	0.5613919	-0.57828236	0.57025826	-0.5452372	0.58134246	0.5810502	0.59320474
-0.084490515	0.1825959	-0.06522339	-0.16609326	0.21606325	0.18351367	0.20479153	-0.11925805	-0.20902362	-0.18830748	0.26600802	-0.19808257	0.25374258	-0.13186519	-0.14746027	-0.23190047
0.10727989	0.314306	-0.06327428	-0.33622205	0.46118587	0.16319165	0.35272092	-0.18986657	-0.4168417	-0.2925119	0.37832886	-0.36736435	0.4007029	-0.2635636	-0.26711366	-0.36396107
0.04248021	-0.07920735	-0.02850388	0.13587776	-0.13279378	-0.008822777	-0.15255815	0.061446194	0.13488746	0.14643203	-0.09327547	0.19464637	-0.08791954	0.11827355	0.06648944	0.1761835
0.29586864	-0.1826219	0.19668789	0.15002249	-0.07681985	-0.13047707	-0.12600861	0.14483756	0.10462511	0.10961041	-0.10166881	0.055219337	-0.09756888	0.18484294	0.10256457	0.11167027
0.068399556	0.20453788	-0.0013448964	-0.23450372	0.30942142	0.047897737	0.16335967	-0.0730614	-0.22807156	-0.20068198	0.25814024	-0.25443333	0.28228965	-0.11420261	-0.10081786	-0.24672884
0.040603284	0.30423346	-0.0012167274	-0.25199383	0.3068047	0.14042564	0.25186747	-0.13079341	-0.34385523	-0.25546464	0.28062776	-0.34588563	0.27975526	-0.15943593	-0.11841471	-0.24585073
0.030768916	0.07375253	0.022852918	-0.02970559	0.007844239	-0.048651796	0.029413864	-0.034139995	-0.08501073	-0.011465273	0.016579146	-0.036001552	0.015052512	-0.06268005	0.0054899617	0.0030691023
0.2969334	-0.06950836	0.2605771	0.027977236	-0.05581078	-0.122976206	-0.10146656	0.23645449	0.087866	0.07403423	-0.06109707	0.07742037	-0.02320788	0.11055358	0.10574118	0.062680155
0.016446993	0.21644263	-0.024576157	-0.24041133	0.35255492	0.11420217	0.27853414	-0.16097593	-0.35054073	-0.28352737	0.28405872	-0.35883096	0.26001707	-0.18795434	-0.21797766	-0.3179162
-0.119884565	0.3605024	-0.088765986	-0.5043649	0.48543617	0.32175553	0.39737767	-0.3007718	-0.4495665	-0.37173325	0.5136241	-0.49540892	0.49013802	-0.30296034	-0.27402765	-0.42909846
-0.22727878	0.7986903	-0.32038316	-0.7962405	0.99910027	0.5892606	0.8225475	-0.57067233	-0.99103546	-0.7430061	0.93233985	-0.9450672	0.8398893	-0.6408917	-0.6487414	-0.89427286
-0.00028345318	0.069053195	-0.14967817	-0.02277867	0.08893671	0.07912518	0.08920327	-0.015502749	-0.11018358	-0.07879251	0.09107775	-0.09394615	0.038270634	-0.08291571	-0.07752836	-0.05471657
0.22650276	-0.78036153	0.1883987	0.7899375	-0.88387924	-0.4535132	-0.6766065	0.41249982	0.88633883	0.6391014	-0.7798586	0.82011944	-0.7196935	0.5475595	0.57383734	0.76440203
-0.06514981	-0.10054256	-0.03799764	0.09350709	-0.0834188	-0.01843818	-0.112657286	0.0322876	0.1724305	0.036488697	-0.104840256	0.1293432	-0.0768323	0.018823335	-0.01746827	0.040888064
-0.6149579	1.6211298	-1.1125853	-1.6457369	1.7696497	1.232596	1.5263324	-1.5042562	-1.9151313	-1.5529276	1.7331258	-1.7139193	1.6539315	-1.3296068	-1.273386	-1.7103156
-0.19698343	0.21196291	-0.23893698	-0.23086986	0.28865123	0.19935004	0.25476414	-0.19418329	-0.2513572	-0.20306204	0.25253084	-0.21481493	0.21209681	-0.18068019	-0.18749292	-0.21409269
0.69309396	-1.2670299	0.65513384	1.1848828	-1.3714103	-0.97004825	-1.196869	0.8606934	1.4075555	1.1635802	-1.3161324	1.3061963	-1.2285652	1.0441768	0.97869474	1.2896155
0.36215827	-0.60500246	0.356216	0.60373497	-0.67900497	-0.5199063	-0.58157825	0.38325348	0.69922024	0.57955015	-0.6332283	0.7173272	-0.56094027	0.47602192	0.49598205	0.68615246
-0.08234606	0.22756588	-0.18115228	-0.2747617	0.28277883	0.19346096	0.2608561	-0.15726748	-0.2264883	-0.17238945	0.2614152	-0.21348397	0.24490677	-0.17861925	-0.18270883	-0.24696906
0.121230125	-0.08425661	0.16185872	0.10087755	-0.11025405	-0.12306561	-0.15215464	0.07089676	0.13634716	0.112379335	-0.09035798	0.14964342	-0.09370593	0.1027562	0.122732826	0.15870279
0.050080102	0.029392583	0.02092753	0.051338714	-0.04105811	-0.09229006	-0.06364734	-0.0058663324	0.03447245	0.042463914	-0.03880369	0.053663477	-0.030123647	0.08058533	0.017559158	0.008879297
-0.03871641	0.060986347	-0.062180314	-0.0686417	0.028650517	0.05215912	0.012119858	-0.008247694	0.031027833	0.012252325	0.0014896026	-0.06682815	0.03689603	-0.015159774	-0.07147716	-0.03082151
-0.14554349	0.5103921	-0.23969	-0.56992006	0.63393885	0.40352017	0.5101707	-0.3680882	-0.608357	-0.45832542	0.6169812	-0.5945866	0.5965191	-0.42607468	-0.38359743	-0.59101516
-0.05953093	0.20572877	-0.05029439	-0.25923592	0.28949353	0.12711719	0.22282282	-0.07531346	-0.28612167	-0.14662449	0.2557206	-0.27210334	0.22407071	-0.17477271	-0.16596296	-0.24921845
-0.090892024	0.17433308	-0.18403108	-0.2309264	0.21738067	0.12253462	0.18897624	-0.23963405	-0.24386273	-0.21464883	0.20161396	-0.2179628	0.20755826	-0.1486538	-0.20073892	-0.23798122
0.27011186	-0.15256539	0.2730047	0.2277831	-0.21680777	-0.20608693	-0.1607604	0.23869264	0.22207612	0.22504817	-0.1982558	0.15001573	-0.18088287	0.14852366	0.20353957	0.16062097
-0.14553326	0.46607912	-0.095892034	-0.45580828	0.47859952	0.33688533	0.40846145	-0.25908223	-0.5391078	-0.44242457	0.52847415	-0.5203627	0.4742038	-0.35464713	-0.36586222	-0.44072223
0.16387887	-0.13128965	0.25636226	0.060880803	-0.12832107	-0.09587979	-0.09992374	0.17701763	0.08949452	0.06654041	-0.1238151	0.053755615	-0.09990746	0.13046835	0.1255354	0.11680571
0.38934076	-0.6245071	0.3791603	0.6667378	-0.74744934	-0.49931338	-0.58157265	0.5036222	0.67726696	0.5596731	-0.70004445	0.65401304	-0.6416142	0.5274961	0.46073014	0.61533785
0.7610957	-1.2418474	0.75331813	1.2185577	-1.317784	-0.9821381	-1.2114763	0.99398005	1.4490696	1.1599977	-1.3254235	1.2874913	-1.1995611	1.0890063	0.95940304	1.2796923
-0.07362488	0.17927785	-0.098417066	-0.24753296	0.2814141	0.10205242	0.19395961	-0.122609496	-0.27296585	-0.15216847	0.28321075	-0.27795509	0.22015531	-0.20153192	-0.15699677	-0.17895916
-0.19548383	0.4771918	-0.25523165	-0.4292864	0.45413274	0.27791113	0.36875686	-0.35550562	-0.47574252	-0.4293954	0.4264279	-0.4228311	0.4540638	-0.33251595	-0.29914698	-0.4354131
0.75953233	-1.1038398	0.73641586	1.0998217	-1.1663003	-0.87475747	-1.0446056	0.9002813	1.2318759	0.9979398	-1.1106273	1.1658733	-1.0961331	0.90948737	0.84337366	1.1348557
-0.05142894	0.094300896	-0.06524504	-0.0962754	0.106570706	0.026436562	0.028093187	-0.045159418	-0.054930918	-0.0946686	0.041298475	-0.06347412	0.044511065	-0.0038954618	-0.061563466	-0.04962345
0.05357221	0.03115434	0.0742183	-0.002185862	0.05515896	0.0307518	0.060103204	0.0017510753	-0.07720475	-0.026055735	0.06149361	-0.07714824	0.059690177	-0.014557533	-0.041903317	-0.022711363
-0.05234266	0.039589114	-0.16145158	0.0016993817	-0.009600074	0.009708335	0.021846725	-0.020178782	0.020398628	-0.04790898	-0.028972778	0.02409278	0.01042774	-0.025062567	-0.0066701598	-0.040635373
-0.03510352	-0.23934677	-0.14583431	0.24408264	-0.25439584	-0.07646641	-0.20314652	-0.039356634	0.1743629	0.14680848	-0.21023981	0.24683863	-0.16546997	0.13977523	0.054880504	0.1561336
-0.056340083	0.1006255	-0.016197063	-0.100176886	0.0688084	0.06904646	0.13160203	-0.04840348	-0.103977345	-0.11819669	0.07464086	-0.13589334	0.07931603	-0.031977568	-0.060986932	-0.069934204
-0.44255453	0.5123404	-0.34712356	-0.5506569	0.6023643	0.5423655	0.5360666	-0.49965575	-0.5757107	-0.5297276	0.52861834	-0.56210446	0.5210084	-0.47746006	-0.48739386	-0.59378296
0.5060262	-0.50128096	0.5283155	0.5250739	-0.6143923	-0.47689635	-0.499082	0.45877886	0.5985763	0.49120194	-0.547956	0.5168141	-0.52771854	0.5356121	0.507462	0.5751884
-0.1247781	0.39697182	-0.18472037	-0.3978478	0.398692	0.29166177	0.33289894	-0.28066096	-0.38207576	-0.30892625	0.44421217	-0.39975667	0.40638795	-0.30994076	-0.28322247	-0.35964558
-0.032218203	0.087081	-0.012414265	-0.10075798	0.07511708	0.02395134	0.013780599	-0.13381802	-0.117123194	-0.07479745	0.03768522	-0.1015781	0.0752739	-0.023709126	-0.08424721	-0.08831252
0.17156683	0.076319784	0.13804339	-0.1025236	0.09673069	-0.057286866	0.084871404	0.0065595903	-0.07258608	-0.018535087	0.07780479	-0.06520556	0.09226786	-0.00809177	-0.022765243	-0.03570381
0.0034218722	-0.12787062	-0.03292394	0.12139526	-0.17031938	-0.039669786	-0.098302	-0.0063719894	0.16646273	0.050418522	-0.08568198	0.08529487	-0.06098313	0.120050676	0.11265433	0.15604323
0.29459283	-0.33346727	0.22141157	0.27017617	-0.33962673	-0.24702701	-0.23747312	0.23603651	0.30157274	0.25857654	-0.3310953	0.25224254	-0.21567166	0.23091675	0.23092023	0.3134675
-0.49122784	0.47701108	-0.634976	-0.43231338	0.40181324	0.52630883	0.46207544	-0.52727157	-0.4969586	-0.44624177	0.4597688	-0.41262797	0.4697415	-0.46490136	-0.43655473	-0.5113127
-0.10839471	0.15485764	-0.16341725	-0.17538199	0.19861405	0.14621797	0.1599484	-0.12538545	-0.14282523	-0.1967994	0.21733773	-0.23375149	0.20170671	-0.13245274	-0.15298496	-0.20725843
0.29192948	-0.26133004	0.2985791	0.27026364	-0.320276	-0.26621822	-0.307574	0.2472976	0.34967342	0.29935822	-0.26489294	0.32260293	-0.24826017	0.23011817	0.24925847	0.25321984
0.25862202	-0.6412031	0.22372736	0.55376905	-0.7334262	-0.45707217	-0.63084966	0.38398275	0.6637232	0.5618477	-0.66336805	0.6667258	-0.6197692	0.43864688	0.47693756	0.64909965
0.4461956	-0.53678375	0.42512798	0.5548405	-0.5650308	-0.50319785	-0.54415154	0.39231	0.614787	0.4905664	-0.6007378	0.5365086	-0.5327329	0.47592425	0.47084707	0.56518483
0.25904828	-0.33328864	0.27861816	0.33382797	-0.3055939	-0.27315715	-0.33015075	0.26420662	0.3222642	0.32037914	-0.35977632	0.30495396	-0.3333376	0.2872906	0.26705408	0.29754117
0.060851872	-0.057098713	0.035649154	0.05335801	-0.106265344	-0.02025997	-0.13543582	0.0013087643	0.075662024	0.08262588	-0.10477184	0.07615985	-0.06969053	0.11477113	0.10073817	0.14086522
0.0025617646	0.27700454	-0.15001442	-0.34115684	0.35798296	0.15159579	0.2644757	-0.18151566	-0.41613716	-0.3173953	0.32851633	-0.30079544	0.3448595	-0.26303616	-0.17832313	-0.33159915
-0.04150848	0.23046392	-0.14451721	-0.19160183	0.23275343	0.15572259	0.16777559	-0.100201264	-0.23837708	-0.14063698	0.2147242	-0.22908524	0.15176696	-0.100902684	-0.120905556	-0.18144771
0.43303448	-0.83308315	0.43117118	0.7781249	-0.83490855	-0.6454098	-0.7574207	0.50418496	0.8447052	0.75558764	-0.85524744	0.8023981	-0.7841884	0.7104287	0.63388985	0.8109227
0.14182812	-0.48543775	0.06897867	0.51408774	-0.5974389	-0.351041	-0.5044467	0.16192266	0.6167673	0.44121283	-0.524251	0.52586615	-0.5023417	0.38935328	0.3576609	0.48767024
-0.15286428	0.22529642	-0.31654042	-0.30349538	0.26274204	0.22373046	0.2481739	-0.32646328	-0.33865207	-0.24187672	0.20746051	-0.25948548	0.24270046	-0.2540392	-0.25779313	-0.31437233
0.24050657	-0.3244992	0.2054093	0.32601413	-0.32513198	-0.31052932	-0.29716012	0.30339614	0.3663626	0.29498652	-0.3089936	0.34175	-0.3216433	0.29841134	0.23448661	0.34663612
-0.23006885	0.2959422	-0.28986007	-0.21814968	0.25697085	0.1981533	0.21919736	-0.3539774	-0.32517135	-0.28753492	0.21904959	-0.20926929	0.28348368	-0.20757179	-0.28467932	-0.22315747
-0.093633704	0.62789625	-0.30962187	-0.6527386	0.81081617	0.49776497	0.60919917	-0.5138058	-0.7838343	-0.5954366	0.7748386	-0.7724857	0.7456012	-0.5208768	-0.5541545	-0.76794755
-0.81496984	0.84247696	-0.63761556	-0.81173563	0.82059985	0.8128412	0.8374049	-0.7222603	-0.8709697	-0.8120935	0.87319267	-0.84652114	0.77820635	-0.74024934	-0.7814855	-0.8462529
0.029822882	0.18414214	-0.06445041	-0.19495764	0.25370827	0.12781236	0.13796695	-0.14416191	-0.26835313	-0.19585033	0.2477231	-0.24757254	0.27084908	-0.1622799	-0.10646062	-0.26160154
0.067129835	0.17473926	-0.01720865	-0.15129302	0.25166497	0.049375534	0.12452005	-0.080451846	-0.21776144	-0.14772244	0.16763864	-0.22512934	0.18586326	-0.120911576	-0.09489143	-0.15045768
0.057651848	-0.19103481	-0.012606658	0.22572254	-0.2655351	-0.13623844	-0.1807288	0.08386843	0.22169663	0.16086766	-0.21133374	0.2488886	-0.21117933	0.16676497	0.18363205	0.23132728
0.40339872	-0.69347936	0.32471076	0.66944546	-0.72864974	-0.51212066	-0.67210466	0.5342873	0.7441785	0.6657313	-0.7230864	0.7410285	-0.67682856	0.60345316	0.5483358	0.7314894
0.050629336	-0.19580123	0.13596457	0.21872164	-0.18766776	-0.09890484	-0.1864283	0.14715937	0.15153663	0.17441158	-0.217367	0.16321233	-0.15243351	0.114924684	0.109049216	0.21131897
-0.08742032	-0.10734348	-0.19237429	0.09530995	-0.19582316	-0.0215365	-0.080081105	-0.0027497374	0.123144135	0.057516005	-0.12606783	0.12819092	-0.11814009	0.005189003	0.04970553	0.118644334
0.55553776	-0.6901054	0.3888627	0.68676436	-0.78146076	-0.5606992	-0.6578938	0.5676821	0.7239227	0.6373909	-0.70692164	0.7228116	-0.6849735	0.58153737	0.5669029	0.7131488
0.07850954	-0.2534217	0.034867108	0.27809528	-0.2906473	-0.13011567	-0.24489759	0.14198133	0.27665728	0.20345332	-0.31066012	0.24561623	-0.20868035	0.23278041	0.15270127	0.2332927
-0.037958745	0.0035050744	-0.0059122867	-0.0644723	0.026886547	0.0031904269	-0.0034991961	-0.033526395	-0.028119514	-0.0528088	-0.005460057	-0.07156103	0.008166968	-0.057624046	0.001362918	-0.06505383
0.293776	-0.42229012	0.29137966	0.46662268	-0.5348665	-0.33762792	-0.42139217	0.26453403	0.54833734	0.43545333	-0.45588183	0.46003076	-0.466399	0.3885976	0.37098658	0.4634924
-0.5353449	0.86059445	-0.5359822	-0.8265504	0.91549826	0.70138127	0.7959065	-0.689172	-0.9414771	-0.8086013	0.85022277	-0.90492177	0.84362787	-0.7174556	-0.666532	-0.9157784
0.1850839	-0.35301855	0.16136557	0.3420093	-0.40831468	-0.2630719	-0.3908703	0.28147042	0.45911077	0.38578132	-0.4160792	0.3730691	-0.34251374	0.2797407	0.2993442	0.44102272
-0.11491076	0.28524464	-0.07562502	-0.24800828	0.29306534	0.25925708	0.24944136	-0.09339669	-0.26342294	-0.24842928	0.31360167	-0.3157632	0.26343912	-0.17977971	-0.21853781	-0.27999175
0.1581342	-0.24625108	0.12194985	0.23347335	-0.26398018	-0.16760436	-0.2384261	0.23516443	0.28443593	0.22560424	-0.2620358	0.27519274	-0.27623233	0.2578632	0.18618405	0.3056195
0.21620187	-0.23722939	0.2120837	0.20409061	-0.26796642	-0.21253967	-0.21124126	0.23074603	0.2384446	0.24297975	-0.24016304	0.22414042	-0.22881016	0.21924296	0.18096569	0.20571142
-0.12980469	-0.07485203	-0.14624193	0.07321725	-0.16388829	-0.0058011957	-0.05224735	-0.014387677	0.11508204	0.07814435	-0.13250425	0.14864069	-0.08314151	0.01997999	0.023384716	0.1122093
-0.2653738	0.08905199	-0.3368073	-0.13665457	0.10729752	0.18464075	0.122600056	-0.25341117	-0.1423	-0.09857308	0.0891821	-0.08942668	0.092932045	-0.19396918	-0.15744297	-0.13902552
0.18947154	-0.16973718	0.14987019	0.16554072	-0.14774449	-0.09748627	-0.09631209	0.09943309	0.08441903	0.12239339	-0.12200632	0.1358248	-0.12398459	0.083021194	0.0778715	0.13148308
0.0069552013	0.009298473	0.11617892	0.03114128	0.01468914	-0.020971019	0.019421574	0.068146735	0.018931601	0.059538	-0.029552957	0.025801087	0.0070544397	0.05066207	0.0807376	0.049299594
0.2482331	-0.4457566	0.17152058	0.4269474	-0.47286466	-0.34790957	-0.37607548	0.28155008	0.5150705	0.4458233	-0.47952077	0.49137744	-0.46195063	0.36748624	0.29159516	0.4182922
0.2203551	-0.4414052	0.20325164	0.5012723	-0.5477484	-0.33931038	-0.45090246	0.26545364	0.5785042	0.453457	-0.55381274	0.5197452	-0.4854894	0.4097385	0.3733326	0.5027788
-0.07081137	0.21439515	-0.13292527	-0.21493398	0.27624926	0.22573562	0.21877843	-0.2047867	-0.2329412	-0.2504046	0.21458597	-0.23995417	0.24384882	-0.17884135	-0.21290433	-0.21896435
0.18909015	0.05010122	0.11227753	-0.09705182	0.14282651	0.05768064	0.0693803	0.023580281	-0.10581738	-0.041222952	0.12965477	-0.11178556	0.10522908	-0.04137297	-0.054411925	-0.14003748
-0.03741715	0.037784852	-0.040680934	-0.115438126	0.12914771	0.045823704	0.095097564	0.0048478884	-0.1080884	-0.028771184	0.12598452	-0.12943259	0.11549612	-0.09123038	-0.064954296	-0.052190714
0.21401009	-0.27733055	0.11116721	0.2584682	-0.35077205	-0.2452657	-0.30630472	0.29152757	0.29078516	0.3138173	-0.30991387	0.2715338	-0.22901888	0.26436567	0.20202073	0.2611545
0.4853029	-0.69337374	0.52533305	0.61287516	-0.71144223	-0.57739466	-0.63268936	0.55711424	0.7657539	0.59675956	-0.72165626	0.72001845	-0.6854303	0.57701313	0.58741677	0.7275563
-0.29608092	0.31462982	-0.2921112	-0.28104326	0.26467434	0.32353938	0.27648258	-0.2956758	-0.2638441	-0.27793694	0.25806934	-0.2694767	0.3322192	-0.3104454	-0.27891085	-0.32185373
0.03368691	0.10175769	-0.035521798	-0.12365865	0.16263439	0.11495594	0.08489882	-0.059935503	-0.14876394	-0.14045364	0.096698694	-0.111983985	0.09355272	-0.09628203	-0.05149045	-0.13273853
0.011901115	0.2866017	-0.13446727	-0.31503415	0.3053844	0.18949594	0.2726293	-0.25348976	-0.411695	-0.227793	0.32579803	-0.29389197	0.31625947	-0.20995733	-0.24108706	-0.3540634
0.035921436	-0.1258822	0.04422421	0.115517564	-0.066042826	-0.06915398	-0.032398302	0.09560412	0.15329778	0.058322743	-0.065241925	0.1159553	-0.0761332	0.05238375	0.10721248	0.13948587
0.55895644	-0.6944274	0.45629206	0.7068305	-0.7555487	-0.5759899	-0.65224886	0.63340807	0.79730046	0.7037728	-0.69893867	0.79463446	-0.66126865	0.6255879	0.60844636	0.7392394
-0.19910462	0.26741016	-0.16741423	-0.28916696	0.27221924	0.22447225	0.26928267	-0.16937657	-0.24945566	-0.27480203	0.29921234	-0.2513255	0.23541136	-0.20286812	-0.25209552	-0.31746638
0.22761948	0.21948712	0.1485688	-0.30213144	0.28117782	0.024075855	0.18778077	-0.0346161	-0.3377225	-0.1726985	0.3003936	-0.34620863	0.3402996	-0.09573227	-0.11763878	-0.30240503
0.15236343	-0.1412863	0.17710274	0.09753948	-0.0668558	-0.09617217	-0.115986034	0.060890283	0.06745598	0.06350761	-0.13543625	0.1449792	-0.08250538	0.14524478	0.06652927	0.14704615
0.28760344	-0.5624057	0.35635105	0.5397091	-0.589367	-0.4317565	-0.46478367	0.5463134	0.6319416	0.55088323	-0.55883414	0.5585127	-0.5087005	0.4611319	0.5061674	0.53388625
-0.32048622	0.46891075	-0.4395309	-0.47261027	0.55031943	0.47559005	0.49001482	-0.49583185	-0.57592845	-0.45641708	0.5207692	-0.530763	0.54872096	-0.44210222	-0.39555272	-0.50759774
0.055540618	-0.084438354	-0.040110406	0.00790916	0.001030587	-0.023225943	-0.055944543	-0.05072457	-0.008579779	0.038399488	0.0116034085	0.042774577	0.0036008523	-0.010786229	0.06151322	-0.016379036
-0.11537306	0.038496524	-0.10825735	0.001135163	0.022718392	0.10658087	0.020150905	-0.11345259	-0.017901916	0.008049938	0.026734907	-0.041366015	-0.04081139	-0.06891679	-0.06531228	0.011492408
0.018928435	0.052961547	-0.023897804	-0.096930325	0.092902645	-0.011677092	0.073991455	-0.010923248	-0.07652651	-0.01094577	0.120223254	-0.062674545	0.0664865	-0.005265285	-0.0106378235	-0.024033641
0.1963938	-0.09808909	0.22985934	0.14240043	-0.05701724	-0.19329362	-0.16346939	0.2064819	0.134171	0.11994356	-0.11456144	0.08127857	-0.13426527	0.18410638	0.19186418	0.14474005
0.18111289	-0.30271044	0.41944563	0.33123612	-0.35583162	-0.3356402	-0.27051136	0.37529916	0.4006233	0.32489493	-0.3836294	0.3995843	-0.38152638	0.30256858	0.29095227	0.3329759
0.3218634	-0.42784435	0.2704797	0.42396685	-0.4427514	-0.39326134	-0.45506838	0.33598667	0.44891366	0.42039555	-0.43199283	0.45908564	-0.4380176	0.32493246	0.33345208	0.48448977
0.24724317	-0.45607102	0.28232512	0.44625023	-0.5657663	-0.40114892	-0.4090137	0.32979295	0.550748	0.43958935	-0.5250976	0.5190832	-0.4841995	0.3999444	0.3865473	0.5228973
0.2513857	-0.47746566	0.2894989	0.44401118	-0.5430189	-0.37873447	-0.49448884	0.4005333	0.5089869	0.48376417	-0.47952944	0.4828012	-0.4120182	0.35979617	0.43225375	0.5092329
0.1818062	-0.28673133	0.17061149	0.30899456	-0.40244094	-0.21842621	-0.36299434	0.21975768	0.4247878	0.26834866	-0.36401197	0.31749177	-0.33978412	0.240879	0.23087963	0.2998035
0.7314954	-1.0024112	0.6810856	0.94880086	-1.0733442	-0.8345195	-0.94583684	0.8209076	1.0713499	0.9539427	-0.97900575	1.0376068	-0.95048165	0.85752004	0.81776863	1.0569609
-1.2225869	1.6424887	-1.5087758	-1.67207	1.8549191	1.499944	1.6451037	-1.665339	-1.9786202	-1.6838487	1.7371718	-1.7595223	1.7274544	-1.5465981	-1.4769624	-1.7699485
0.029054552	-0.022147818	0.051969744	-0.075425446	0.04926911	0.0031437457	0.029749004	0.048185177	-0.04629964	-0.06718669	-0.00609182	-0.080798544	0.10340944	-0.015331371	0.01612187	-0.033361718
-0.16370249	0.29148436	-0.21610613	-0.25423017	0.38766196	0.27130583	0.28631717	-0.17258206	-0.3892635	-0.33382472	0.34894058	-0.3340955	0.37175506	-0.30815762	-0.29152903	-0.3486298
0.18362263	0.0027441105	0.046158466	-0.00065177155	0.10782334	-0.034611225	-0.0061787935	0.0936788	-0.015643718	-0.048245482	0.057784684	-0.10507631	0.08141311	-0.030125534	-0.023405047	-0.026826186
-0.21852925	0.37779954	-0.347851	-0.40245506	0.338363	0.28894958	0.335607	-0.29478776	-0.3672786	-0.30571333	0.33599448	-0.37929702	0.36431068	-0.37482074	-0.32568482	-0.32549497
0.15685639	-0.049889546	0.114953406	0.072771885	-0.028111111	-0.07887498	-0.084726945	0.03325209	0.10364609	0.08417613	-0.06069026	0.10320404	-0.07231281	0.054223333	0.082167536	0.048643414
0.12553912	0.040653225	0.104097046	0.025307233	0.029111503	0.014020512	-0.010257038	0.10715571	0.010636432	0.000790235	0.0021507596	-0.0034724653	-0.01300414	0.05502413	0.006758821	0.042266026
-0.039539505	0.06347842	-0.011932151	-0.05804952	0.06332601	0.04832725	-9.307925e-05	-0.033998027	-0.07117939	-0.039075658	0.08491116	-0.04903273	0.081316374	-0.06629647	-0.020515526	-0.051845897
0.09341081	-0.18775724	0.12338354	0.20163786	-0.2093543	-0.17979647	-0.18904315	0.11122476	0.21691959	0.14775562	-0.26065323	0.20172115	-0.195348	0.21477805	0.1804092	0.24733089
-0.021474535	0.12257655	-0.056058824	-0.108053945	0.12764461	0.107177824	0.13260233	-0.030045753	-0.19596198	-0.13318768	0.18787953	-0.14281294	0.19946152	-0.12263866	-0.06343172	-0.15434383
-0.563186	0.73190206	-0.47612926	-0.65384483	0.71856415	0.61025226	0.6290094	-0.597711	-0.7654177	-0.6350951	0.71106404	-0.6703635	0.63421875	-0.557583	-0.59878975	-0.64786136
0.39202625	-0.4540657	0.37003973	0.37141934	-0.4108622	-0.37890592	-0.38852724	0.3707056	0.40884998	0.42172286	-0.44327772	0.40226823	-0.38075274	0.35696036	0.39328575	0.41969082
0.049222708	0.012664056	0.087682486	-0.0917947	0.018834308	0.033607293	0.058024354	0.0034719827	-0.022120852	-0.06202293	0.022143349	-0.06513511	0.031346034	-0.05342556	0.028128643	-0.057590596
0.23648462	-0.37611547	0.1910824	0.32325095	-0.38228926	-0.24663924	-0.32186976	0.27740285	0.3791052	0.30065608	-0.3561939	0.3905762	-0.39744413	0.26195496	0.3332258	0.3136047
0.16337147	-0.008507693	0.11756527	0.040152952	-0.06893052	-0.04113531	-0.0007179083	0.11791242	0.048387475	0.069075465	-0.06767757	-0.016229564	0.03353256	0.013686885	0.025885535	0.037754536
0.32020783	-0.17585354	0.24736981	0.18165708	-0.17549922	-0.19072016	-0.113885105	0.2051493	0.17872745	0.18623173	-0.12074355	0.16843523	-0.09387385	0.19079395	0.17778116	0.13735285
-0.34915924	0.53672975	-0.39746213	-0.53668207	0.52329403	0.4218006	0.45941055	-0.48243237	-0.5840764	-0.46165776	0.533622	-0.513831	0.46999642	-0.43883926	-0.49864364	-0.4838671
-0.090125315	0.1917917	-0.115931384	-0.1364162	0.22692612	0.10817291	0.18344909	-0.0656527	-0.14449741	-0.12496246	0.13892877	-0.18937026	0.19122194	-0.19249351	-0.1186151	-0.22159365
-0.041717954	0.09546337	-0.09124093	-0.07512086	0.054248825	0.05682379	0.019427363	-0.07578674	-0.11401185	-0.10809704	0.032904495	-0.08243292	0.058541007	-0.09595245	-0.03975638	-0.086555585
1.021682	-1.2921292	0.927154	1.2923443	-1.4570389	-1.1336594	-1.2866895	1.0968428	1.5529743	1.3175082	-1.3543824	1.3494502	-1.2902596	1.216908	1.1736358	1.3835183
0.57666695	-0.723606	0.4791076	0.7212814	-0.8596035	-0.6631282	-0.7004054	0.5597978	0.8619211	0.7187529	-0.77059764	0.83612424	-0.80669075	0.7076563	0.6277307	0.74820614
0.29125533	-0.3590429	0.26953092	0.39139348	-0.44551668	-0.3069156	-0.3814222	0.3693273	0.4708441	0.41545734	-0.42011148	0.48702475	-0.3749469	0.35741296	0.33510566	0.429201
0.25141007	-0.3661553	0.25294593	0.28905064	-0.3792013	-0.23557174	-0.3101942	0.24320391	0.34874055	0.29146495	-0.32464182	0.32358134	-0.33277217	0.24898826	0.2455105	0.26984203
0.1915586	-0.2852082	0.12562525	0.32663742	-0.32371804	-0.26099858	-0.30967617	0.20977506	0.39981756	0.24848635	-0.3459717	0.29756433	-0.29457435	0.20512488	0.1951444	0.30321816
-0.13802907	0.3203064	-0.24862343	-0.33749866	0.43271503	0.3292746	0.3370071	-0.26189905	-0.3905135	-0.38612682	0.39836922	-0.3986887	0.39670628	-0.26680744	-0.34747472	-0.38374463
0.030082097	-0.02402697	0.043970842	0.027746765	-0.02083801	-0.076272115	0.006247195	0.043298632	-0.023748659	0.022100339	0.0055849133	0.045297544	-0.01726733	0.004173182	0.029409708	-0.012319825
-0.04587034	0.13157897	-0.14741033	-0.111650005	0.1325284	0.050153207	0.08695536	-0.06384457	-0.16918981	-0.121789515	0.15631749	-0.17091638	0.1396506	-0.076942705	-0.068626195	-0.09050587
-0.5002013	0.6094908	-0.6030787	-0.64795876	0.65895146	0.56222045	0.5902864	-0.6202475	-0.75863916	-0.6646425	0.7141236	-0.634841	0.66399944	-0.61300135	-0.62758017	-0.63929546
0.06402541	-0.0010340954	0.0386605	-0.027316963	0.042557023	0.028167294	0.02924904	0.03141177	0.027891092	0.03960337	0.032493897	-0.012826418	-0.012257836	0.031358246	-0.028517481	0.0071433317
-0.1227423	0.12039942	-0.12225763	-0.087864555	0.05455085	0.10403345	0.05350903	-0.10235626	-0.056716587	-0.12907645	0.08097149	-0.08479186	0.09405043	-0.055043235	-0.11279394	-0.1271136
0.04785475	-0.06752077	0.05650644	0.05076975	-0.12702125	-0.042480428	-0.053829655	0.022630949	0.10761718	0.11428762	-0.10472344	0.13886642	-0.048961658	0.038153384	0.08953502	0.086763196
0.47060367	-0.8571273	0.54510325	0.8202852	-0.88149804	-0.70202196	-0.8494242	0.60993093	0.9837596	0.8023713	-0.89320934	0.9280667	-0.8497362	0.7120457	0.62257457	0.9051391
-0.97878414	1.3328923	-1.1033198	-1.3649192	1.4574429	1.1596062	1.3322285	-1.2277468	-1.553798	-1.2875901	1.4162072	-1.372876	1.3079046	-1.2619016	-1.1622056	-1.3736902
0.08683509	0.051673286	0.062953755	-0.010590219	0.056888014	-0.09228366	0.017869715	0.07471499	-0.050796516	-0.024917927	0.032757767	-0.012867944	0.023148961	0.034295704	0.0048135184	-0.009159077
-0.111102134	0.2281727	-0.17004018	-0.3083704	0.27664092	0.20268427	0.29467383	-0.22527343	-0.33785507	-0.26637998	0.32503825	-0.2714175	0.25363252	-0.25670537	-0.2402972	-0.32257056
-0.09701642	0.11778519	-0.13607758	-0.21174918	0.13018155	0.06351656	0.16593717	-0.12368194	-0.218206	-0.13614309	0.13418362	-0.20443463	0.12485371	-0.15773006	-0.10279158	-0.2073304
0.11081784	-0.19728552	0.026194425	0.1391334	-0.25086144	-0.056050804	-0.16535518	0.098183006	0.23856242	0.11590856	-0.16993901	0.14474703	-0.14777558	0.12588926	0.109045066	0.20851326
0.10974688	-0.1496541	0.03892253	0.086424105	-0.113976166	-0.12578623	-0.14587274	0.07511976	0.13485819	0.102890834	-0.113554485	0.10799991	-0.10891929	0.12623034	0.15326007	0.13565868
-0.07541639	0.19146812	-0.13413174	-0.24166997	0.21785112	0.1156429	0.24562636	-0.08536311	-0.19567111	-0.15777893	0.21717803	-0.21331023	0.25868213	-0.20188816	-0.20886199	-0.24971709
-0.08133089	0.11442452	-0.025315907	-0.095006496	0.09699334	0.044048898	0.04995932	-0.008725774	-0.0513315	-0.10584763	0.021145849	-0.1202258	0.102873795	-0.12226395	-0.020901376	-0.07391017
-0.12413348	0.34193835	-0.18455017	-0.3707278	0.35256645	0.23464647	0.27829343	-0.20058301	-0.37101668	-0.3311239	0.34114873	-0.36861077	0.36617112	-0.23455504	-0.27380338	-0.3633496
-0.048356775	0.29476786	-0.10771744	-0.31654418	0.33857352	0.20782402	0.29479134	-0.19889574	-0.35802847	-0.20075981	0.29082474	-0.34278896	0.34492067	-0.1916844	-0.16925228	-0.32726392
0.15758917	-0.21295567	0.13998507	0.2506583	-0.18942173	-0.16795962	-0.20000556	0.19398467	0.20318961	0.25497988	-0.2138965	0.25126508	-0.21914111	0.22594573	0.22714327	0.20143563
0.40115243	-0.5546435	0.27148467	0.47412372	-0.55953074	-0.5001941	-0.52386147	0.35796627	0.56520253	0.50827205	-0.587979	0.5859697	-0.4806304	0.44280386	0.49358717	0.4977532
-0.2233108	0.26376763	-0.29234603	-0.25269434	0.32347208	0.294224	0.28859425	-0.33364555	-0.3020342	-0.2985938	0.29079875	-0.28748807	0.29349026	-0.25776452	-0.23971978	-0.34323928
-0.42003766	0.6695546	-0.44180033	-0.70622903	0.73763657	0.54093295	0.62187314	-0.6047132	-0.7246331	-0.6354223	0.6934097	-0.71753263	0.70900023	-0.55528694	-0.6173441	-0.6609174
-0.26801708	0.40614882	-0.29208866	-0.46428275	0.42431238	0.2615762	0.32110834	-0.27888855	-0.4819863	-0.41207105	0.46411088	-0.44703346	0.37209728	-0.34014264	-0.37946776	-0.42382
0.31772143	-0.40288004	0.36445448	0.43256685	-0.40375203	-0.30955365	-0.3681314	0.38805762	0.4050798	0.41874295	-0.35293603	0.43501526	-0.34927794	0.38219848	0.3492801	0.38934153
0.049151774	-0.042085573	0.045233235	-0.010990398	0.044988025	-0.024742855	0.044334304	-0.067370385	-0.035769533	-0.037356216	-0.0091539	-0.057245623	-0.027718158	-0.011669387	-0.036222555	0.002530902
0.21880428	-0.35535896	0.22130711	0.35454592	-0.41460723	-0.29533836	-0.29762638	0.19581637	0.43386972	0.3056235	-0.35347852	0.41883013	-0.399099	0.32650545	0.29643017	0.35309818
0.42295316	-0.504968	0.3748113	0.47112602	-0.56160605	-0.49142632	-0.53751147	0.4541852	0.57890666	0.50267434	-0.5730444	0.5348518	-0.5040792	0.5117334	0.50224906	0.55756396
0.38601977	-0.32965693	0.3252666	0.37673113	-0.3932595	-0.34355488	-0.34471744	0.3634885	0.34051922	0.3362363	-0.31876543	0.37067533	-0.29551357	0.3829088	0.3560077	0.30923852
-0.79810303	1.0922065	-0.8936225	-1.049837	1.1170095	0.94854116	1.0108751	-0.97787225	-1.2518768	-1.0658973	1.0965455	-1.1400607	1.0889982	-0.9321555	-0.90145785	-1.1491579
0.51767224	-0.54288995	0.43116626	0.5679538	-0.645009	-0.49894705	-0.6071007	0.5011186	0.7035399	0.5821263	-0.60599744	0.64445394	-0.59953827	0.5431762	0.5011136	0.6547399
0.023321185	-0.26427084	0.0640178	0.18355969	-0.26852307	-0.12193037	-0.2196617	0.14867057	0.286336	0.19950673	-0.22591896	0.3120368	-0.19445628	0.20337294	0.20633416	0.21521196
0.20628095	-0.26037145	0.1578231	0.26891765	-0.25206724	-0.23021798	-0.19825327	0.22187616	0.24242264	0.2539373	-0.21603571	0.19369294	-0.2018649	0.22215152	0.14929171	0.21305875
-0.19339027	0.23227903	-0.25906548	-0.32444665	0.29446837	0.24799539	0.2405023	-0.34333494	-0.32548338	-0.2708903	0.23173468	-0.22660825	0.3080555	-0.2948582	-0.26672056	-0.28891978
0.19862257	-0.2668148	0.15400706	0.2023166	-0.19871338	-0.13630062	-0.16486356	0.21826042	0.17363912	0.22254616	-0.19881812	0.16081846	-0.12141775	0.16029283	0.13977908	0.1758408
0.079902306	-0.2108542	0.050327178	0.20247014	-0.22298662	-0.20482077	-0.2097803	0.19991523	0.30653316	0.2126643	-0.21540025	0.24336146	-0.21169434	0.2222143	0.1748817	0.28477654
0.018818267	0.085754074	0.029137526	-0.13559762	0.1604708	0.035045654	0.092174314	-0.09008735	-0.09750557	-0.048861384	0.08138544	-0.080607295	0.15356813	-0.07042966	-0.012090678	-0.064034194
-0.033322565	0.106580615	-0.17423001	-0.042624995	0.09644481	0.05963667	0.117552176	-0.10711365	-0.07849008	-0.07179413	0.1289508	-0.113536805	0.086042404	-0.081663534	-0.07534932	-0.12835653
0.44642773	-0.5073887	0.4197014	0.55468446	-0.59043497	-0.5532437	-0.55699134	0.4515418	0.5750092	0.49918416	-0.6210078	0.53991115	-0.6040482	0.5288575	0.5125797	0.5619121
0.04007701	-0.037717737	-0.03927087	0.016534362	0.012168216	0.031857833	-0.015994623	-0.007623702	0.034276757	0.06823815	-0.07132196	0.071528085	-0.056411278	0.04348372	0.01846676	-0.016485944
-0.59136003	0.73675525	-0.5646668	-0.8072896	0.801025	0.683239	0.7382907	-0.61359733	-0.8191648	-0.707289	0.7952634	-0.8183142	0.7596548	-0.6676324	-0.67908776	-0.8568295
0.16297692	-0.09180508	0.14628768	0.11747755	-0.12429491	-0.116856344	-0.19487727	0.17509103	0.10488061	0.20734613	-0.1493179	0.17414223	-0.1439057	0.16408731	0.21234429	0.11553249
-1.6861845	1.9306544	-1.8122109	-1.9786818	2.0164227	1.8156403	1.9545791	-1.9199601	-2.1996481	-1.8944856	1.9854534	-2.0217285	1.982475	-1.8208926	-1.8292109	-2.0587418
-0.38269427	0.6744724	-0.52165574	-0.6461483	0.7590969	0.5858503	0.6589373	-0.5806901	-0.7069913	-0.616712	0.66659963	-0.6381106	0.6664582	-0.6107151	-0.5300114	-0.6854724
-0.37810788	0.2938954	-0.41070914	-0.29531628	0.2785843	0.34493628	0.34368914	-0.33908772	-0.31157073	-0.26294822	0.25229874	-0.3489172	0.3022263	-0.30660075	-0.3315848	-0.30706087
-0.11974295	0.13687961	-0.19244511	-0.20313281	0.1881598	0.14136988	0.15690923	-0.14714658	-0.15759097	-0.15900302	0.1846456	-0.13301295	0.17548378	-0.10416532	-0.15798937	-0.12685607
0.51694524	-0.5489219	0.50000376	0.5944622	-0.567913	-0.47367844	-0.5051174	0.52206075	0.66427636	0.5555103	-0.5766997	0.58608603	-0.5760439	0.49424836	0.5087557	0.5765464
0.084626704	-0.047681097	0.11503792	0.06503819	-0.06751806	-0.14444894	-0.073900275	0.059990425	0.14467916	0.13145068	-0.072978556	0.13468106	-0.13537441	0.119046226	0.06632364	0.06272863
-0.06064395	0.10916074	-0.083373934	-0.09481524	0.07113591	0.060602378	0.097272485	-0.07597098	-0.094305255	-0.13670467	0.060810614	-0.1229156	0.09637653	-0.053428255	-0.12872128	-0.11243131
0.32969365	-0.34263906	0.32235786	0.29596475	-0.35033533	-0.29741797	-0.25344738	0.27945974	0.35256737	0.34067225	-0.2581699	0.2657451	-0.31317544	0.32747987	0.27028942	0.30037883
-0.1340643	-0.05861526	-0.043556906	0.029456731	-0.025833232	0.06737104	0.059958298	0.0011277539	-0.011873632	-0.008978125	-0.008114433	0.020446245	-0.0072982083	-0.03952988	-0.04437745	0.054913767
-0.17258932	0.16464943	-0.20057143	-0.10359672	0.12336632	0.1547109	0.22993957	-0.17202686	-0.1291943	-0.20458494	0.16594458	-0.15720166	0.22634237	-0.21129094	-0.19875908	-0.18396094
-0.05315554	0.15061955	-0.17694691	-0.22301807	0.20855391	0.14296465	0.20225494	-0.096155584	-0.26480764	-0.1325015	0.23938473	-0.18052033	0.20082429	-0.14554374	-0.16402788	-0.2235312
-0.31651655	0.47827145	-0.08670362	-0.4151392	0.53261244	0.36859417	0.47256473	-0.2507178	-0.5282666	-0.44964975	0.5195147	-0.4664734	0.35512653	-0.38583744	-0.30352646	-0.4285103
0.03732943	-0.05690617	0.0868452	0.09432285	-0.07575055	-0.07778104	-0.020605356	0.0727554	0.08332165	0.075804055	-0.06906505	0.14789087	-0.13614042	0.08368439	0.06323356	0.10722951
-0.0013132244	0.08540345	-0.0965507	-0.10268536	0.09307509	0.11391386	0.06946282	-0.067748904	-0.08013994	-0.0411398	0.08449977	-0.07711782	0.10672734	-0.07675531	-0.081247434	-0.052792005
-0.37476614	0.23905651	-0.3669977	-0.315357	0.25635424	0.2844438	0.2864793	-0.4153549	-0.3119453	-0.32751137	0.26718363	-0.23490597	0.25338358	-0.25322747	-0.3467031	-0.27275974
0.023151794	0.065005675	-0.019343691	-0.06873911	0.17755467	0.0313761	0.13266145	-0.08284511	-0.11968672	-0.092992485	0.09991724	-0.10909274	0.097168826	-0.09483606	-0.029325165	-0.118250966
-0.14275712	0.2688351	-0.16222627	-0.2912744	0.31459934	0.24808778	0.24907985	-0.19664487	-0.29344448	-0.2897471	0.32355145	-0.2662648	0.3324724	-0.2244386	-0.25806123	-0.31274837
-0.123128176	0.17618468	-0.1573427	-0.124184296	0.17264271	0.092392236	0.15755165	-0.10074388	-0.15067784	-0.118992016	0.13224557	-0.16585879	0.17646386	-0.13125129	-0.13015418	-0.10812661
-0.058003917	0.010584973	-0.07366669	-0.0620387	0.056431353	-0.009923557	0.02171359	-0.024199909	-0.029940171	-0.07359215	0.06293199	-0.041050747	0.029582106	-0.009286299	0.024524229	-0.0392804
0.15388446	-0.118574314	0.16611752	0.2101509	-0.1841705	-0.12848432	-0.17251718	0.19991112	0.25320467	0.14591824	-0.23345302	0.14950252	-0.19867712	0.14812295	0.14267144	0.20008245
0.19512296	-0.340147	0.24955514	0.32138222	-0.40032664	-0.32437554	-0.31230372	0.33244964	0.36413693	0.33183733	-0.37802285	0.3344647	-0.3829627	0.2928458	0.3100278	0.35827225
-0.11356526	0.15509321	-0.10177758	-0.15620415	0.14566964	0.14589444	0.16335893	-0.10139964	-0.18544956	-0.12413038	0.16101219	-0.1897318	0.18326919	-0.17146204	-0.14753316	-0.16003548
0.20068987	-0.35563022	0.10635866	0.34972245	-0.4012842	-0.23714834	-0.3325237	0.18971534	0.3485362	0.2705838	-0.30966938	0.34598905	-0.27522084	0.27417147	0.2641083	0.3541511
-0.088478245	0.18100947	-0.114130296	-0.07779729	0.12463706	0.13069113	0.13179897	-0.13031247	-0.097927175	-0.18338147	0.17526056	-0.1655574	0.1233859	-0.09669674	-0.08172388	-0.16192
-0.6290997	0.81189483	-0.7353936	-0.82852954	0.8569671	0.733456	0.7383275	-0.725418	-0.8852182	-0.7365602	0.8172518	-0.7934304	0.74932593	-0.7721568	-0.7091688	-0.7819569
0.26507813	-0.24683248	0.20269495	0.27614847	-0.34365648	-0.2998176	-0.30328292	0.21327707	0.2766886	0.32793844	-0.33209094	0.28707182	-0.32137537	0.30517128	0.27870175	0.32974476
-0.17530055	0.26618695	-0.18590364	-0.24376386	0.27508456	0.2611373	0.27736866	-0.25323665	-0.26712063	-0.27964866	0.3026168	-0.20581065	0.2579639	-0.25019398	-0.17659275	-0.23477247
-0.16060127	0.25558463	-0.11545084	-0.27169725	0.22979347	0.16292349	0.21760847	-0.17470062	-0.2957452	-0.18130298	0.23543754	-0.24129911	0.21620634	-0.19442734	-0.19763453	-0.2927156
-0.19425066	0.24790601	-0.22000223	-0.2953052	0.23222603	0.270926	0.28630203	-0.23690212	-0.28304264	-0.26904815	0.29150447	-0.2297751	0.21715759	-0.212285	-0.18884705	-0.24603343
-0.3916372	0.44776404	-0.47690567	-0.4600178	0.46963033	0.39660144	0.43627027	-0.39746168	-0.5141761	-0.41726065	0.4516184	-0.5146941	0.4398023	-0.42160857	-0.43900782	-0.5259559
0.12536201	-0.25980547	0.09135522	0.3079243	-0.30642048	-0.23091838	-0.20005564	0.2353781	0.34259453	0.2922856	-0.26118186	0.2718661	-0.23468879	0.1958412	0.18057123	0.26821378
0.5133507	-0.71013856	0.4570744	0.7003324	-0.7297623	-0.590523	-0.6106447	0.61224496	0.77132165	0.69013035	-0.6869929	0.7580279	-0.6883278	0.6213402	0.58707464	0.7053554
0.25853598	-0.29318795	0.20195867	0.28358886	-0.24616021	-0.29407284	-0.27488026	0.18444294	0.2344148	0.276178	-0.23508504	0.23304285	-0.24176836	0.25087968	0.20313336	0.21716584
0.66646713	-0.7558688	0.66430956	0.80081403	-0.84846985	-0.72739005	-0.8234177	0.6165	0.8668441	0.7972771	-0.7942604	0.8736217	-0.82722235	0.77271265	0.67225355	0.8178209
0.02411637	0.11622637	0.009715314	-0.11504466	0.18178177	0.02436218	0.07667564	-0.051018257	-0.15999441	-0.1043879	0.14758432	-0.17312612	0.17587161	-0.12982619	-0.13514951	-0.17292447
0.40335813	-0.41351762	0.38061872	0.39037573	-0.45419577	-0.42312753	-0.4519094	0.39816236	0.435189	0.413626	-0.4072829	0.42160442	-0.45042893	0.4281517	0.41904655	0.38478738
0.36575285	-0.40785748	0.3630446	0.3981299	-0.3901781	-0.39693514	-0.3594932	0.3779032	0.43273464	0.43530345	-0.35769928	0.40731633	-0.3533367	0.42863467	0.35232502	0.42051253
0.49325532	-0.67077595	0.51255524	0.6135709	-0.6817075	-0.5790834	-0.58781886	0.5354382	0.70630497	0.57580787	-0.61859214	0.61992997	-0.55966187	0.61648726	0.5698068	0.7028883
0.11241783	-0.14437066	0.07218561	0.15264936	-0.15937677	-0.10396097	-0.08781537	0.057765126	0.14604247	0.15517865	-0.09946762	0.13895132	-0.11082836	0.14693023	0.15216647	0.1584002
0.18133582	-0.16465355	0.05560192	0.13608809	-0.11288028	-0.17954914	-0.11453269	0.15587716	0.16366465	0.1299006	-0.140346	0.10008295	-0.16405144	0.12487464	0.12262465	0.11512974
0.5192169	-0.6879977	0.46422	0.6374404	-0.70478827	-0.58079517	-0.6057825	0.5965223	0.7001554	0.6713305	-0.66015905	0.613571	-0.5796243	0.62977874	0.6204993	0.6239876
-0.15382265	0.08174448	-0.1169562	-0.048316233	0.04623404	0.106540486	0.06467728	-0.116243884	-0.09405103	-0.015508395	0.031394802	-0.00024010353	0.09306952	-0.05401977	-0.1128759	-0.003015501
0.020527612	-0.095357865	0.0007131328	0.07624782	-0.05920328	-0.03517073	-0.043340493	-0.035152778	0.07549629	0.046636343	-0.06565392	0.090822265	-0.08946118	-0.015522664	0.00047127838	0.020059817
-0.26963803	0.26358896	-0.2465476	-0.34480646	0.30731326	0.2772226	0.33281058	-0.23427401	-0.29832593	-0.25109455	0.25376296	-0.31111166	0.24977481	-0.28964376	-0.28236762	-0.32680857
0.21949235	-0.21182878	0.24811481	0.23330311	-0.20125699	-0.25617623	-0.19037086	0.21770796	0.24675897	0.22112548	-0.20107014	0.18717837	-0.17659241	0.22544195	0.2385128	0.2124293
0.088961326	-0.06967596	0.033145864	0.031731088	-0.09334891	-0.02431452	-0.025424512	0.031649355	0.11963434	0.07565129	-0.089789234	0.022640038	-0.007709022	0.053713843	0.034944844	0.0072213775
0.6994478	-0.8515688	0.75608355	0.8499504	-0.9957866	-0.80494034	-0.8770904	0.77732277	0.955493	0.81827754	-0.88778186	0.8826104	-0.8716339	0.8198885	0.7646576	0.87414753
0.05179598	-0.26020437	0.1545586	0.28922	-0.34507462	-0.24521057	-0.20540144	0.32031378	0.32070246	0.23505293	-0.28285867	0.3122358	-0.31767935	0.26978636	0.24836406	0.330216
0.35283583	-0.4097665	0.2969096	0.39487922	-0.53502	-0.4423867	-0.43412384	0.36597747	0.503302	0.4103847	-0.4411846	0.49373418	-0.44990823	0.4404699	0.3575091	0.4432496
-0.101737544	0.16434392	-0.10811581	-0.1795999	0.14579193	0.20968045	0.12657483	-0.22990927	-0.18081464	-0.20585439	0.13574268	-0.16571209	0.1638646	-0.21233183	-0.13759229	-0.17254393
0.22805531	-0.41182384	0.24627957	0.43986514	-0.48259568	-0.35353526	-0.4289649	0.30180752	0.48306403	0.41697395	-0.40045726	0.44972458	-0.37935713	0.32966354	0.3460404	0.39224824
0.046039417	-0.14318502	0.033500504	0.11495874	-0.15607062	-0.07392301	-0.110490836	0.05995233	0.19489472	0.14717236	-0.2089086	0.17906599	-0.17027628	0.14296652	0.107200064	0.092590645
-0.2071018	0.09583025	-0.17488712	-0.060261082	0.06811105	0.13895789	0.11919906	-0.17416754	-0.113619044	-0.055180453	0.12158194	-0.06634021	0.060196497	-0.14897831	-0.14754388	-0.09203628
-0.31111065	0.41912347	-0.28988683	-0.34261385	0.37986514	0.30884784	0.38530433	-0.35906458	-0.3837971	-0.4000813	0.45322973	-0.4112813	0.4084952	-0.32968685	-0.34488946	-0.37735808
0.1066438	-0.013630431	0.02032837	0.081783734	-0.061793644	-0.024948092	-0.042259093	0.053674053	0.08852574	0.058681786	-0.045655027	0.024382126	0.013549031	0.068239056	0.08888415	0.019065863
-0.020850325	-0.11829962	-0.0861858	0.1294876	-0.12822649	-0.057553746	-0.062523335	0.057240505	0.17975865	0.10284003	-0.13346517	0.152323	-0.14577055	0.07473318	0.03234375	0.14787379
-0.35445213	0.5362682	-0.3863764	-0.6040005	0.6405291	0.5021216	0.53680915	-0.45521083	-0.63810045	-0.51574177	0.65511316	-0.5920019	0.5456635	-0.5220014	-0.47154018	-0.5580601
-0.1400676	0.19752519	-0.12356196	-0.2158604	0.26329696	0.18507342	0.21738833	-0.1055711	-0.29307443	-0.23051736	0.21919435	-0.24618949	0.22208521	-0.24286437	-0.14351462	-0.27623475
-0.2809922	0.26479426	-0.27678543	-0.1903088	0.18035175	0.23008211	0.18697043	-0.21710059	-0.21554913	-0.2599823	0.22771458	-0.21844941	0.20440389	-0.19756235	-0.21265312	-0.21692067
-0.27007186	0.592208	-0.3616078	-0.6933966	0.71672624	0.45193696	0.5670337	-0.5291762	-0.6897424	-0.62069225	0.6445692	-0.6293657	0.6151092	-0.50646776	-0.47140625	-0.6333112
-0.5351176	0.40685222	-0.28639823	-0.41071948	0.38470736	0.38262203	0.41322157	-0.34452385	-0.41738403	-0.37490964	0.39533797	-0.40680918	0.33648106	-0.4135174	-0.41241014	-0.44975367
-0.09127882	0.23924111	-0.22506233	-0.21549389	0.25276035	0.22430323	0.24462865	-0.19671473	-0.264938	-0.23069811	0.26458862	-0.22569981	0.17505124	-0.1985236	-0.13842277	-0.17781931
-0.19295368	0.22251491	-0.19164018	-0.24411303	0.26535404	0.21436371	0.24751873	-0.27504602	-0.20858304	-0.24665178	0.19157602	-0.27318507	0.2049099	-0.1693865	-0.19673118	-0.21842374
-0.036113776	0.07195066	0.01420275	-0.05818658	-0.0031867137	0.037996996	0.034919355	-0.042485453	-0.06269721	-0.050172433	0.013496376	-0.044718657	0.061013952	-0.008174908	0.012902571	-0.07485168
-0.2039733	0.4425508	-0.34202063	-0.46057826	0.42026517	0.3511382	0.37163103	-0.37336713	-0.45377365	-0.4260736	0.41974166	-0.4205569	0.39271972	-0.3933574	-0.35225195	-0.44783512
-0.25371057	0.37859645	-0.24120732	-0.39403513	0.42129207	0.30658862	0.33949485	-0.30990583	-0.50603807	-0.33313933	0.39200053	-0.47068307	0.36939165	-0.37506625	-0.30763215	-0.46036634
0.1874552	-0.22964449	0.184747	0.25464475	-0.18816558	-0.14618126	-0.18305106	0.17577274	0.22266772	0.21161489	-0.23257941	0.15511842	-0.19765191	0.1782701	0.18120055	0.23942462
0.3897878	-0.419739	0.33978772	0.41207522	-0.4755241	-0.41015008	-0.43722638	0.34572417	0.5354507	0.50851643	-0.5232589	0.52392614	-0.46162492	0.41678035	0.4569915	0.51625705
-0.0811124	0.17065938	-0.1068764	-0.20343219	0.21621047	0.13381164	0.106045805	-0.092368595	-0.24208327	-0.20027877	0.19500051	-0.22055425	0.20659396	-0.10963698	-0.087107964	-0.12582329
-0.79008764	1.0243186	-0.89609873	-0.988994	1.1149337	0.8822247	0.97389716	-0.9878096	-1.1445749	-1.0027	1.0404774	-1.0891385	1.0329084	-0.9174922	-0.9708614	-1.0649576
-0.28826058	0.36380604	-0.3671221	-0.35554367	0.38862208	0.35187888	0.31418896	-0.3153084	-0.37532857	-0.35335088	0.40158805	-0.37389618	0.38590553	-0.32410094	-0.35362107	-0.4002113
0.181245	-0.32531843	0.17173457	0.25652686	-0.30280936	-0.22976887	-0.27713493	0.12906316	0.30170134	0.25749436	-0.307442	0.2784192	-0.2789854	0.2375535	0.253425	0.23998636
0.10426411	-0.13532293	0.097006775	0.13851753	-0.142791	-0.10294377	-0.19330205	0.13125779	0.2118691	0.16407001	-0.16406317	0.19007684	-0.17708264	0.13505064	0.075924695	0.13204725
0.13413925	-0.18312396	0.18736194	0.15625088	-0.16031574	-0.21297233	-0.23169121	0.24083434	0.23625238	0.15303342	-0.20811728	0.19971512	-0.2136076	0.20740037	0.21043085	0.15607734
-0.27763614	0.4253238	-0.2991142	-0.39687684	0.43454316	0.34783888	0.40332848	-0.37362957	-0.42742348	-0.35555562	0.39485225	-0.40776715	0.36001763	-0.35582292	-0.35471898	-0.43503326
0.03500618	0.056700148	0.00849472	-0.017674262	0.004903444	0.04054111	0.037344526	0.011083228	-0.05224635	-0.039813586	0.016000198	-0.011819554	0.0712102	-0.02539505	-0.0031566848	-0.08699501
-0.34761125	0.3029964	-0.35738122	-0.29428184	0.29154435	0.32166815	0.28467557	-0.3139286	-0.2527712	-0.28496024	0.27491495	-0.24088655	0.19230211	-0.2842735	-0.24798802	-0.30364278
0.21684252	-0.1969066	0.17838377	0.19197737	-0.14135827	-0.18840247	-0.18116929	0.12364637	0.12142822	0.16308863	-0.11153961	0.13422413	-0.10927858	0.16283938	0.123877265	0.20033117
0.1716059	-0.13901259	0.12756595	0.16173738	-0.08780221	-0.16124462	-0.12043761	0.16638501	0.11145036	0.12257205	-0.1026797	0.09301119	-0.108210824	0.15093352	0.13307203	0.07113714
0.086977854	-0.35388196	0.09467543	0.28827655	-0.3767257	-0.24993505	-0.29945222	0.19353074	0.3569889	0.26996887	-0.28364825	0.36671615	-0.2809647	0.272234	0.21112655	0.2978517
-0.22880849	0.20873457	-0.28713077	-0.19734925	0.18436185	0.20584999	0.24906468	-0.22799717	-0.2240433	-0.1703795	0.16420287	-0.18605195	0.20062265	-0.20827632	-0.19693804	-0.24071904
-0.23031117	0.23652217	-0.27202827	-0.29021978	0.28428248	0.2751842	0.31313416	-0.22984652	-0.28059435	-0.26364255	0.28060433	-0.25624323	0.3242317	-0.23548841	-0.2133664	-0.28942215
-0.22261249	0.23079112	-0.2350803	-0.2892695	0.27150583	0.24279432	0.22513391	-0.20134935	-0.30812934	-0.26166597	0.3062071	-0.28726986	0.31452677	-0.26048416	-0.28544095	-0.24714988
0.25077507	-0.23117414	0.23976277	0.24290292	-0.19007725	-0.19311734	-0.2332014	0.14567162	0.26656443	0.23198773	-0.20624259	0.20192099	-0.2632163	0.17041469	0.1678706	0.22349583
-0.46479276	0.4981867	-0.50403506	-0.5633471	0.519159	0.5189803	0.5476153	-0.58159965	-0.5540246	-0.558745	0.51429135	-0.55714506	0.5423938	-0.49673247	-0.52844256	-0.5310008
0.0716516	-0.13769075	0.054749366	0.100484475	-0.19203033	-0.15386687	-0.2076008	0.14816993	0.24464095	0.13138974	-0.1795022	0.19540292	-0.17578784	0.13370451	0.11622672	0.20711403
0.16701135	-0.052047722	0.08749389	0.02050948	-0.078335755	-0.05685269	-0.09917607	0.092505775	0.049076997	0.042880785	-0.029776476	0.08554394	-0.0012953479	0.13622463	0.06562671	0.06345889
0.11914289	-0.1586353	0.08036487	0.07918803	-0.14379571	-0.12331405	-0.1463326	0.103473924	0.21274786	0.142944	-0.14084144	0.13934147	-0.10263009	0.13354066	0.16968605	0.14905441
0.03713777	0.017666047	0.07772737	-0.087522216	0.10314305	-0.0338647	0.056363367	0.043662198	-0.09701502	-0.018685643	0.033811465	-0.022789728	0.014623651	0.029305918	0.0039729797	-0.004072589
-0.09791828	0.13458228	-0.2043964	-0.14032088	0.09819705	0.14180608	0.10477042	-0.095446624	-0.16372535	-0.15712227	0.16733722	-0.11849532	0.12178806	-0.07361176	-0.14490466	-0.17140123
-0.05618978	-0.04762516	-0.03457367	-0.044215266	0.03936177	-0.042176295	0.038892582	-0.03584562	-0.027860688	0.016210124	0.0034562775	-0.057700787	-0.02002018	0.02484228	-0.0007896538	-0.014822062
-0.09297475	0.13193654	-0.18484984	-0.08952587	0.0848797	0.07507657	0.11326278	-0.07485011	-0.16366294	-0.11777786	0.104720496	-0.17253844	0.11644831	-0.12840998	-0.0817134	-0.16893263
0.42599425	-0.56124145	0.4298217	0.604199	-0.6803499	-0.45138225	-0.55700475	0.48975822	0.6353823	0.5701228	-0.64371634	0.62429	-0.52189225	0.5724128	0.49364978	0.59554696
-0.8023976	1.0465297	-0.8903417	-1.0751345	1.1607244	0.93150765	1.0471681	-1.0091344	-1.1711093	-1.0463097	1.0406582	-1.1168879	1.026325	-0.9647074	-0.9668342	-1.1171768
-0.20989104	0.25351027	-0.31826216	-0.2460757	0.2082226	0.24872732	0.23180915	-0.3062063	-0.24879253	-0.18663049	0.15695286	-0.19103248	0.16420138	-0.21791609	-0.2387521	-0.26117834
0.1570062	-0.26170516	0.18487579	0.331243	-0.34399205	-0.24957971	-0.3504159	0.19839373	0.35844082	0.28905368	-0.3580938	0.33670482	-0.26603332	0.21646549	0.25417376	0.3030061
-0.29654077	0.3604049	-0.3863814	-0.42571697	0.45435768	0.31923944	0.33494294	-0.33191353	-0.42397472	-0.33969265	0.36519575	-0.44082505	0.41118327	-0.42236298	-0.39500508	-0.39986756
0.03480638	-0.15754198	-0.007774095	0.26076323	-0.20744433	-0.13007192	-0.19627018	0.0857701	0.23291905	0.16243173	-0.18113886	0.22493985	-0.23305383	0.1022151	0.1079606	0.18762225
-0.34756172	0.44611487	-0.33931538	-0.4236981	0.41624695	0.40748262	0.32944435	-0.35461292	-0.3814653	-0.33794576	0.35594374	-0.40687028	0.38210085	-0.3631029	-0.36518896	-0.39430672
0.083388075	-0.008661013	0.14570343	0.059791856	-0.0033427712	-0.015049072	-0.05846178	0.016041242	0.011042623	0.095812276	-0.07308054	0.025610002	-0.041294277	0.03591554	0.09590747	0.04507832
-0.08165036	0.03189517	-0.047115684	0.03247134	0.03365701	-0.0012462896	0.025686232	-0.0049129175	0.01758605	-0.029027762	0.03218027	0.015533682	0.02423334	0.016095366	-0.03393307	0.030190932
-0.6497874	0.8945403	-0.74461323	-0.8492256	0.9466467	0.786185	0.8156202	-0.87135243	-1.0566752	-0.90258116	0.93591124	-0.9308901	0.906095	-0.7699667	-0.8142278	-0.8869801
0.14880116	-0.1455835	0.23927622	0.118763424	-0.18995854	-0.17060667	-0.14716457	0.16224186	0.219685	0.13424215	-0.17398123	0.18566279	-0.18909217	0.17172429	0.10635583	0.13685271
0.23157293	-0.28214926	0.26097775	0.26127094	-0.20282786	-0.2424553	-0.21217841	0.19543348	0.2555908	0.19958532	-0.21638203	0.2316268	-0.17754173	0.20608015	0.25650048	0.22403969
0.23324488	-0.2624513	0.21346527	0.25167346	-0.2533675	-0.23132257	-0.26103455	0.22790529	0.26129442	0.2338912	-0.27791566	0.28427815	-0.27517664	0.23599386	0.25110233	0.29671115
0.08597141	-0.15508075	0.10785683	0.098933674	-0.097399384	-0.085542515	-0.070277244	0.08649228	0.18818513	0.09172048	-0.13926192	0.073059596	-0.06587259	0.11783084	0.06642059	0.11084557
0.3096823	-0.18031707	0.36415038	0.18425271	-0.21071489	-0.24959356	-0.25689238	0.22838536	0.17627613	0.2714627	-0.21645126	0.25244084	-0.22531775	0.24196702	0.19918452	0.17798698
-0.05171003	0.08529448	-0.014412319	-0.12825038	0.12788615	0.003758006	0.09342037	0.0051097735	-0.09883728	-0.031852756	0.09338254	-0.07206723	0.08321119	-0.09912102	-0.03876588	-0.08612874
-0.9954795	1.059506	-0.87344766	-1.0547552	1.1596981	1.0183088	1.11869	-0.92501956	-1.2243174	-1.0314522	1.0751282	-1.1456189	1.0277393	-1.005251	-0.9503945	-1.0988158
-0.20639637	0.104258284	-0.26773626	-0.08044242	0.032583233	0.13708413	0.108663626	-0.205173	-0.1166258	-0.13338026	0.13266414	-0.053222857	0.06551307	-0.16521838	-0.17628871	-0.091021344
0.7785405	-0.8503741	0.7206935	0.8639201	-0.9358883	-0.78346324	-0.8426902	0.7275052	1.0408432	0.9050647	-0.9401468	0.91613394	-0.8704569	0.82263505	0.8088596	0.8920507
0.10372996	-0.06201847	0.06617824	0.008391145	-0.083577454	-0.016259445	-0.03648527	-0.006020985	0.050434023	0.09200634	-0.02046	0.07701804	-0.10801922	0.037263714	0.04348002	0.062157527
0.047404747	0.14543614	-0.020777168	-0.123218134	0.20134571	0.075131595	0.102934465	-0.030439898	-0.17061646	-0.10343039	0.18392766	-0.1046289	0.11620072	-0.050408896	-0.07681094	-0.16835067
-0.18225697	0.3484223	-0.2866557	-0.37875998	0.3230317	0.29311076	0.2871265	-0.24977908	-0.3372042	-0.36570752	0.3766516	-0.40586963	0.30734152	-0.26083088	-0.28034025	-0.3496888
0.09042379	-0.13890289	0.1022502	0.10000635	-0.047837757	-0.051703513	-0.10354483	0.14124352	0.14906289	0.090015404	-0.06675868	0.087400064	-0.13188136	0.06429407	0.12595351	0.078515746
-0.25139934	0.284919	-0.2846855	-0.20611183	0.3024359	0.19158047	0.30023465	-0.19015957	-0.34618512	-0.23430711	0.30486748	-0.2761697	0.310332	-0.21378838	-0.1910148	-0.24488838
-0.2705827	0.4331788	-0.33276197	-0.39049935	0.43700513	0.34018856	0.42727843	-0.47246522	-0.4535544	-0.4441894	0.49055627	-0.45893258	0.44692355	-0.4238196	-0.40994734	-0.47215477
0.20379144	-0.2932553	0.16492616	0.23933235	-0.2716846	-0.21507993	-0.2107845	0.20856155	0.31465098	0.21750401	-0.2507308	0.2930123	-0.22135063	0.20027266	0.19137473	0.24944216
0.24127391	-0.27904648	0.21176432	0.2726344	-0.26772386	-0.21233875	-0.2539085	0.25581294	0.26170966	0.27180523	-0.29480657	0.31607515	-0.24644928	0.20684192	0.22596404	0.30845883
0.14882268	-0.215377	0.1939287	0.2203079	-0.17770535	-0.2161581	-0.17514259	0.19999005	0.20707615	0.16904736	-0.23838268	0.18668711	-0.1717623	0.15034084	0.23250218	0.17714287
0.047405466	-0.022928976	0.06613495	0.043155473	-0.06626174	-0.04829773	-0.09003007	0.06778713	0.02997999	0.071296975	-0.046208844	0.011978374	-0.0014993416	0.02446547	0.033782605	0.02528729
0.28266627	-0.11719696	0.19984975	0.11590017	-0.12734014	-0.22908299	-0.21040416	0.19183055	0.18949883	0.18007703	-0.13161968	0.18226881	-0.15608718	0.19768524	0.16215007	0.19943954
0.66890806	-0.80700666	0.6723815	0.79340553	-0.76720613	-0.6642253	-0.7850813	0.73392284	0.8830967	0.7313826	-0.82915235	0.8431687	-0.7381747	0.6949508	0.6442405	0.78608656
0.2319569	-0.30966273	0.2155756	0.2856339	-0.3358158	-0.25630367	-0.26718038	0.2280259	0.28902683	0.2971767	-0.32393444	0.31009105	-0.28763074	0.26345125	0.24287756	0.2922776
0.10780317	0.033944912	0.08266308	-0.09014506	0.02823483	-0.022843283	0.017682178	-0.023677394	-0.050680224	-0.03369608	0.07626955	-0.066994004	0.029799944	0.034209643	0.051340356	-0.02008189
-0.323536	0.51827383	-0.47322994	-0.45864922	0.5474299	0.43980855	0.5221151	-0.4473388	-0.5092667	-0.49859866	0.48224977	-0.53257024	0.4469912	-0.45996255	-0.46762714	-0.50976104
-0.5241113	0.86579865	-0.7250972	-0.8207257	0.9007343	0.7279684	0.80045706	-0.7832001	-1.009193	-0.7808137	0.8473791	-0.93386334	0.82419896	-0.7325042	-0.7218322	-0.871494
0.0517767	-0.008077265	-0.023426706	0.0026782204	0.0071139154	-0.033854738	-0.0592184	-0.02155865	0.01467801	-0.01949592	-0.01048246	0.010723049	-0.0050191535	0.012171504	0.017069615	-0.027617713
-0.14222369	0.15726161	-0.13099949	-0.15672995	0.114261374	0.1810238	0.17053434	-0.13101214	-0.19955336	-0.13942234	0.17038086	-0.1517412	0.19365555	-0.16200817	-0.16326566	-0.18494657
0.7465544	-0.784902	0.7446418	0.832416	-0.8749811	-0.77515674	-0.7517478	0.7447771	0.86688673	0.78115714	-0.82524264	0.8064451	-0.7555554	0.7642111	0.7133324	0.83534455
0.13721263	-0.20137331	0.11834048	0.21292654	-0.24674717	-0.17912534	-0.24661516	0.20406716	0.24956882	0.2733547	-0.21982664	0.26401386	-0.27912956	0.18156484	0.2413495	0.26598367
-0.19776951	0.39564475	-0.29839265	-0.37966502	0.43849018	0.32523823	0.42574102	-0.34851456	-0.42399687	-0.335192	0.398538	-0.41107774	0.39265323	-0.37557387	-0.35345802	-0.44583654
0.4831829	-0.6757893	0.43976176	0.65086514	-0.6793044	-0.5698556	-0.62461126	0.5565536	0.78489333	0.6588123	-0.6754516	0.686911	-0.62853396	0.52678835	0.5065683	0.6949065
0.18673037	-0.3665773	0.20184113	0.35737002	-0.37341082	-0.2734537	-0.26453203	0.249917	0.35271645	0.3252038	-0.32639852	0.37790915	-0.32409117	0.2550001	0.26830915	0.3149619
-0.20002374	0.16210565	-0.25577277	-0.26187295	0.19952221	0.18269046	0.18494001	-0.22826764	-0.20533152	-0.19699624	0.16891809	-0.16820966	0.25680274	-0.2287972	-0.22980063	-0.24531451
-0.50930154	0.70787436	-0.65970916	-0.6737651	0.77068406	0.6407847	0.7304777	-0.6431471	-0.8222969	-0.6662881	0.7146077	-0.74450576	0.6805341	-0.6110266	-0.6927033	-0.7620141
0.33812356	-0.438784	0.2692654	0.4845927	-0.49182785	-0.40029916	-0.42655036	0.30473796	0.538697	0.42701203	-0.4481532	0.49962255	-0.39229575	0.43861347	0.417774	0.4908799
-0.19707827	0.15208279	-0.22920635	-0.25035155	0.22822022	0.14550847	0.2166447	-0.18538089	-0.24411026	-0.2083169	0.27817854	-0.2496399	0.23486806	-0.19544388	-0.19823052	-0.19695105
-0.2509083	0.2530286	-0.27019736	-0.23163477	0.2913601	0.28549054	0.22091572	-0.2733171	-0.2966326	-0.23705578	0.23569907	-0.29949057	0.31146145	-0.28108758	-0.2314257	-0.24743351
0.20985855	-0.40240106	0.2711595	0.36199078	-0.43665373	-0.32557827	-0.41306046	0.23557217	0.5088383	0.38283917	-0.4262321	0.43686643	-0.42300102	0.33233085	0.29002854	0.4152255
-0.06018977	0.045763902	-0.035667676	0.00050752546	0.06912637	0.014259043	0.006557025	-0.033633493	-0.078178234	-0.08537608	0.029772207	-0.07289209	0.0025601482	-0.05880647	-0.02208567	-0.053669885
-0.27465302	0.26697212	-0.29899454	-0.26480243	0.31817213	0.25324136	0.26068455	-0.26240158	-0.31887093	-0.23702256	0.24322404	-0.27241996	0.2526276	-0.2112905	-0.22744583	-0.27657083
-0.14144588	0.35859427	-0.31109387	-0.39026684	0.46946904	0.29138812	0.3421852	-0.3611193	-0.50416875	-0.3764309	0.38724947	-0.4615298	0.36145845	-0.38779017	-0.3755389	-0.39128494
0.27542907	-0.31650275	0.3182459	0.30102608	-0.23593555	-0.30894467	-0.30211514	0.27883747	0.2715834	0.22867069	-0.277374	0.27676758	-0.27837962	0.30030462	0.29273474	0.2727396
-0.27719158	0.22760178	-0.2295219	-0.19585545	0.23016681	0.2903854	0.2803902	-0.3431803	-0.29411995	-0.2984568	0.22537482	-0.2832176	0.24619056	-0.26082706	-0.31172276	-0.21084632
-0.26298162	0.46603286	-0.4144457	-0.4785608	0.5917796	0.43039528	0.5025215	-0.38983336	-0.60482603	-0.4592728	0.54469293	-0.5381296	0.5570177	-0.4616081	-0.41891885	-0.55183816
0.1751228	-0.1804794	0.11915409	0.15706956	-0.23590313	-0.1316639	-0.18187073	0.153878	0.20994073	0.14823058	-0.15519983	0.16025317	-0.19539224	0.15822357	0.19110425	0.2295433
-0.41816586	0.6082868	-0.47758284	-0.61261714	0.6145841	0.52986395	0.5739812	-0.5390685	-0.7005549	-0.5831541	0.5969104	-0.58665985	0.5692289	-0.5347863	-0.48935115	-0.6020175
0.38459012	-0.54177666	0.3562233	0.52407277	-0.56135094	-0.40883312	-0.49664226	0.47197536	0.52869105	0.5126909	-0.51717913	0.53939474	-0.49337476	0.5026356	0.49056235	0.5784974
-0.027479913	0.22641711	-0.041292176	-0.15198235	0.20922887	0.08604994	0.21503028	-0.12639391	-0.30692098	-0.20777802	0.2585383	-0.2687608	0.21713516	-0.12379573	-0.14771384	-0.25748253
0.29582253	-0.43157986	0.31611997	0.43382993	-0.47686416	-0.3421545	-0.40419945	0.41240367	0.5408448	0.4901042	-0.5062501	0.44335085	-0.38364255	0.38978806	0.41538912	0.43493378
0.27950835	-0.33142433	0.3584503	0.2922327	-0.31280953	-0.24226986	-0.29468083	0.26676935	0.36728978	0.26674637	-0.29555798	0.29157066	-0.29078248	0.26568627	0.28657135	0.26905286
0.16100697	-0.32381943	0.21550833	0.2692074	-0.38838637	-0.24987799	-0.25554192	0.25311613	0.39290237	0.25254652	-0.29768726	0.2987105	-0.25019637	0.28374648	0.280359	0.30446297
-0.17346747	0.05009124	-0.20451345	-0.06335174	0.06251076	0.106916785	0.06910976	-0.18008341	-0.07317581	-0.08850285	0.12867555	-0.067204565	0.0764602	-0.13716267	-0.07240582	-0.09908281
0.6886759	-0.81885076	0.6725441	0.78610873	-0.8195762	-0.72675806	-0.84712636	0.71574074	0.9375576	0.7536054	-0.85870004	0.8912379	-0.7880375	0.7580469	0.69368196	0.89177996
-0.15693411	0.123775914	-0.20498261	-0.15627667	0.15015575	0.19479953	0.08192638	-0.16084966	-0.07319812	-0.12089928	0.1274208	-0.14281437	0.10761549	-0.16364579	-0.08494517	-0.14154202
0.0825284	-0.101514325	0.12689564	0.053214967	-0.093570955	-0.14718868	-0.049385298	0.11293712	0.06285596	0.1336596	-0.09130291	0.10335674	-0.09850205	0.13738249	0.07833168	0.054719113
0.2617027	-0.33501986	0.18109284	0.29402274	-0.36449116	-0.31257814	-0.3269881	0.29220298	0.34480086	0.27848318	-0.31287697	0.38425013	-0.30832344	0.28290373	0.23355126	0.32824364
0.4706923	-0.67285836	0.4832667	0.75178915	-0.78908247	-0.653093	-0.6776081	0.5824948	0.83803445	0.7235588	-0.7919692	0.80211586	-0.65659475	0.67364126	0.6427806	0.7737927
-0.019813979	0.012521487	-0.054084823	-0.0047848164	-0.0041302843	-0.06383944	-0.004547859	-0.032765385	0.03130999	0.06218981	0.01264103	0.057943072	-0.07143339	0.027242709	0.011097577	0.023220232
-0.07817866	0.082832776	-0.17159162	-0.092914894	0.14085834	0.142126	0.14125314	-0.14393431	-0.08732147	-0.09414645	0.07950974	-0.13314408	0.119836785	-0.10453749	-0.14800173	-0.12609307
0.30486074	-0.24567051	0.2740165	0.23787487	-0.29182073	-0.24764527	-0.254849	0.30771515	0.33930832	0.32912117	-0.31388396	0.300707	-0.32741243	0.2805842	0.30347082	0.29189956
0.55390644	-0.6685188	0.66380674	0.6739191	-0.7344815	-0.6263467	-0.66375744	0.6122392	0.74689543	0.6494364	-0.6700215	0.7242353	-0.67292374	0.574392	0.62962365	0.6585424
0.301707	-0.25621936	0.26856935	0.21440673	-0.21341352	-0.2965857	-0.20913687	0.195533	0.25572726	0.23887718	-0.24871737	0.23974408	-0.24273494	0.24100569	0.21068387	0.20172106
-0.36240035	0.45937926	-0.44941685	-0.48738837	0.43274945	0.4496726	0.42928827	-0.42383137	-0.48222944	-0.42006296	0.45332894	-0.44205317	0.43868276	-0.45507148	-0.4745316	-0.52414244
-0.0338905	0.048247572	-0.07660197	0.029696112	-0.03427539	0.04432437	-0.052694883	-0.03629393	-0.019037614	-0.020936424	-0.045787968	-0.017130805	0.037137717	0.03837157	0.031771034	-0.016725658
-0.14122614	0.20176467	-0.17344385	-0.23780109	0.21057193	0.1921281	0.16367507	-0.17538036	-0.20068887	-0.16676795	0.18947706	-0.18875319	0.19099697	-0.20202526	-0.15119208	-0.18412621
0.07071397	-0.106792435	0.044704214	0.057949215	-0.13218507	-0.05333835	-0.10403283	-0.008157296	0.10564141	0.067355625	-0.10632001	0.0671398	-0.012942042	0.052988153	0.023436626	0.050953407
0.38358068	-0.6381232	0.44081053	0.58809173	-0.6455558	-0.48190278	-0.5651087	0.4490114	0.67213106	0.53843904	-0.63037074	0.6423736	-0.61184436	0.4818196	0.5202062	0.667334
-0.51596653	0.50075597	-0.67080235	-0.51550853	0.44252765	0.50612235	0.462679	-0.5880708	-0.45781922	-0.54271	0.50086915	-0.51424515	0.47564018	-0.5412174	-0.53599083	-0.5444345
-0.12014678	0.13456519	-0.1253342	-0.11854032	0.16034435	0.083981864	0.13242544	-0.10339957	-0.18713507	-0.103535354	0.15576968	-0.2164568	0.16652086	-0.15183613	-0.16256025	-0.13836755
-0.18034583	0.240536	-0.27623162	-0.25817737	0.34718966	0.24171919	0.26540372	-0.24254285	-0.26428908	-0.25419495	0.2563254	-0.23488617	0.2795531	-0.29828402	-0.25285676	-0.2810181
-0.28889567	0.30306068	-0.29885584	-0.36790562	0.35510483	0.28459322	0.29850888	-0.27391076	-0.404523	-0.29225153	0.360139	-0.38180473	0.35554862	-0.26733315	-0.31810713	-0.32557845
-0.8570819	0.9289973	-0.9262405	-1.0246382	1.0472567	0.9772779	1.0068225	-1.0439181	-1.1042877	-1.0063344	0.9637809	-1.0124296	0.98926926	-0.92724353	-0.91389453	-1.0369937
0.2829912	-0.4168988	0.29704222	0.3464019	-0.41148734	-0.36431968	-0.42100784	0.3816654	0.47877035	0.35012627	-0.44734803	0.4268855	-0.42306906	0.36292964	0.35546008	0.35922155
-0.43607467	0.4283353	-0.41534927	-0.40713	0.43965	0.40600628	0.40109968	-0.4489212	-0.44741547	-0.46888435	0.43251112	-0.50390214	0.44924957	-0.44151118	-0.43570098	-0.5032961
-0.4294171	0.5441597	-0.39710346	-0.5778111	0.5948097	0.5171851	0.57893026	-0.5295534	-0.63568896	-0.52407974	0.56302834	-0.63913596	0.5935935	-0.54688644	-0.5283792	-0.6234055
-0.17178468	0.17812027	-0.17349723	-0.16322355	0.1939412	0.1517489	0.13544425	-0.13193254	-0.23430254	-0.13341232	0.14291868	-0.21128567	0.22733477	-0.12473318	-0.1808224	-0.20253545
-0.08681031	-0.01295789	-0.0679332	0.018190328	-0.059556182	0.0014560496	0.045624513	-0.13510154	0.028631894	0.0024955468	-0.032782204	0.04465328	0.012011756	-0.05026276	-0.050519127	0.03849094
0.096838385	-0.16713406	0.14335822	0.1843288	-0.17337036	-0.120256625	-0.17673114	0.08252428	0.16043034	0.18541393	-0.21043687	0.21827732	-0.14927146	0.19818987	0.14979805	0.1584956
-0.20654052	0.32524443	-0.20274727	-0.25076908	0.35922605	0.26520854	0.2447198	-0.22149026	-0.3244275	-0.24246576	0.2783408	-0.33192536	0.25287685	-0.26981232	-0.19823062	-0.32252923
0.4805988	-0.5800079	0.42861712	0.59705263	-0.62452567	-0.5381066	-0.59656435	0.48504135	0.6736993	0.58175457	-0.58843505	0.60447997	-0.5515189	0.48640886	0.46787387	0.61030036
0.033296145	-0.00308215	-0.0070214155	0.046877064	0.01708698	0.0345576	0.02403629	-0.06704158	-0.034555793	-0.035935313	0.01621312	-0.013266826	0.03477915	-0.010820907	-0.04228033	-0.025160603
-0.12420241	0.06440036	-0.04670809	-0.017277054	0.09754601	0.11429336	0.03204419	-0.111251324	-0.08987987	-0.014009083	0.059918974	-0.07171392	0.060912985	-0.104204245	-0.02177799	-0.042012684
-0.07810711	0.0711867	-0.03429088	-0.034917034	0.015642483	0.0843673	0.017255569	-0.0814079	0.021859504	-0.063824184	0.045272592	-0.056689885	0.039605618	-0.06648223	-0.03072673	-0.0060573006
-0.018414667	0.04092775	-0.077688344	-0.08029942	0.05966946	0.09853959	0.06635344	-0.023389695	-0.075252794	-0.034912057	0.11266363	-0.1187323	0.05603632	-0.05462822	-0.09292679	-0.06540145
-0.14185114	0.17643277	-0.08862457	-0.16437498	0.164692	0.2125378	0.184722	-0.14852494	-0.1846712	-0.17571369	0.20334546	-0.2599078	0.20905243	-0.20312382	-0.13157076	-0.20191903
-0.21261442	0.33615446	-0.17332378	-0.2906082	0.31869757	0.21893197	0.32430828	-0.23597333	-0.3377498	-0.33103678	0.3508723	-0.29557347	0.33463764	-0.27905077	-0.26148352	-0.28552774
-0.30444416	0.3625384	-0.3304449	-0.4353942	0.41275665	0.38147882	0.4075894	-0.4051591	-0.41139618	-0.42233938	0.4530389	-0.40738618	0.39560568	-0.42864192	-0.3857789	-0.4400952
0.024004206	-0.06865185	0.02549548	0.05963627	-0.120634824	-0.09506021	-0.107277215	0.047782704	0.041569546	0.07386451	-0.08657512	0.084778264	-0.0360036	0.04048954	0.07557886	0.03539133
-0.6001842	0.82900304	-0.6476072	-0.79943943	0.89443296	0.7077502	0.74332976	-0.69637936	-0.87684137	-0.73281693	0.8214113	-0.8540975	0.8209782	-0.7582754	-0.7260104	-0.85665697
-0.5043807	0.46866852	-0.49293795	-0.4858608	0.57171696	0.45585537	0.5576814	-0.45492035	-0.5616867	-0.49670422	0.47641438	-0.53930616	0.46705416	-0.50599676	-0.4447786	-0.52219737
0.015889168	-0.075034395	-0.033115394	0.122572206	-0.11560341	-0.07799355	-0.12791783	-0.009611945	0.08525684	0.107275635	-0.13961037	0.13635541	-0.10424474	0.015228936	0.10211784	0.0843264
-0.12809812	0.31882563	-0.1765846	-0.25036424	0.31913096	0.2537296	0.2279098	-0.17636032	-0.27631652	-0.29632992	0.25210193	-0.26148596	0.23922184	-0.2284546	-0.1813696	-0.27033004
0.30188587	-0.2483616	0.29994914	0.28562045	-0.29392502	-0.2602365	-0.29782763	0.3335038	0.36810228	0.27512938	-0.26791573	0.27662396	-0.33414802	0.3221806	0.2612946	0.30993605
-0.001472556	0.06774941	-0.052983623	-0.087400995	0.116249315	0.04266912	0.14215475	-0.06718641	-0.18549123	-0.06971667	0.13666704	-0.122208595	0.12716664	-0.082133815	-0.05857568	-0.16714063
0.014024337	-0.048069067	-0.049738124	0.05682523	-0.074982926	-0.045747586	-0.04091529	0.017958777	0.05962594	0.020477332	-0.06820429	0.03132955	-0.077082664	-0.018285898	0.042344946	0.033869825
0.11356234	-0.21508546	0.14993112	0.19441609	-0.23738316	-0.20504801	-0.1678277	0.14694904	0.23374704	0.213701	-0.1667503	0.20560849	-0.23077	0.14423631	0.1561053	0.23131773
0.22459194	-0.44868174	0.26660317	0.4032562	-0.4205493	-0.29016945	-0.36940742	0.29408514	0.4795886	0.3497532	-0.43275017	0.4711489	-0.39390174	0.32461172	0.3074109	0.45748454
-0.3511158	0.38908264	-0.373809	-0.45250475	0.4759891	0.33970886	0.34659842	-0.39829704	-0.4554664	-0.36660093	0.4210286	-0.37723306	0.43645063	-0.4016537	-0.42054707	-0.3918379
0.051303063	-0.14169265	0.140233	0.21450704	-0.10896592	-0.094189815	-0.15850976	0.2054171	0.13877963	0.11334929	-0.18535067	0.18257639	-0.112709306	0.15696745	0.09678261	0.112468354
-0.073221475	0.25515053	-0.13645956	-0.23155229	0.24335125	0.13253528	0.29059634	-0.15000397	-0.33307853	-0.20775148	0.31723693	-0.3007563	0.23516704	-0.22153361	-0.20700665	-0.25653118
0.06887	-0.03079499	0.067002624	0.07391456	-0.05863438	-0.061361197	-0.02686579	0.099514194	0.07369868	0.07596674	-0.03864867	0.08483447	-0.0041820398	0.03483593	0.07117366	0.10067776
-0.61552966	0.6499512	-0.686986	-0.6265085	0.6894903	0.679055	0.71599394	-0.6539333	-0.79086536	-0.635199	0.68303406	-0.7028623	0.66411597	-0.71061265	-0.69535565	-0.71431327
-0.232101	0.33325946	-0.28389326	-0.29886565	0.31650615	0.2282088	0.29227245	-0.30406427	-0.285077	-0.28172556	0.289827	-0.3440503	0.3029217	-0.23181652	-0.32118824	-0.26890394
-0.48858264	0.56008697	-0.5104626	-0.57047457	0.57191175	0.55990666	0.55801255	-0.58402884	-0.6210776	-0.62648153	0.6235865	-0.6181419	0.5704503	-0.58626187	-0.5909677	-0.64724696
-0.20130938	0.17446461	-0.2027176	-0.2255604	0.22942622	0.1538845	0.25137097	-0.21212493	-0.267978	-0.24530776	0.22887315	-0.23193079	0.21590166	-0.19612496	-0.21564014	-0.25683042
0.49703562	-0.50286806	0.41626403	0.49985558	-0.61611646	-0.5128878	-0.5872463	0.5287219	0.5986325	0.49489143	-0.5522403	0.60675806	-0.5866904	0.54250115	0.5528355	0.57238066
0.2144335	-0.1616571	0.19227025	0.2240797	-0.19014873	-0.22757559	-0.1602918	0.24119946	0.20707513	0.14134546	-0.16719869	0.17776595	-0.20671739	0.23147464	0.16333452	0.23798415
-0.280623	0.4952882	-0.3840638	-0.51232165	0.5159435	0.45030367	0.44887266	-0.45344076	-0.55588084	-0.44735503	0.51172864	-0.47784328	0.4908187	-0.4336901	-0.42928165	-0.53173566
-0.49584714	0.5964045	-0.52434766	-0.57598805	0.6147466	0.5808684	0.62503207	-0.62081885	-0.71068203	-0.6354273	0.6903985	-0.647366	0.63723606	-0.5948611	-0.5869186	-0.67963976
0.29863968	-0.33197865	0.2902318	0.2697354	-0.32555488	-0.2903026	-0.36563343	0.22549549	0.32945377	0.30544242	-0.31714073	0.33899614	-0.2962207	0.3649848	0.29874143	0.30324638
-0.14652431	0.10280945	-0.21294649	-0.101112574	0.112176396	0.14749414	0.10981699	-0.20546488	-0.04711843	-0.12196245	0.084220156	-0.05527548	0.10199536	-0.087630264	-0.16367786	-0.111646734
-0.4924924	0.6273612	-0.46719366	-0.55645484	0.59510976	0.49226218	0.56314474	-0.5194255	-0.67413676	-0.57075965	0.59567404	-0.6110049	0.5804851	-0.5399961	-0.55623436	-0.6067803
-0.45709148	0.71719104	-0.4285179	-0.73242444	0.7953009	0.59054613	0.64174646	-0.64652747	-0.7464323	-0.63413674	0.749925	-0.6943425	0.7187572	-0.6454657	-0.6021596	-0.7137628
0.1813946	-0.2054605	0.095003605	0.18367873	-0.20522185	-0.17358217	-0.19261365	0.2037921	0.2928969	0.18128258	-0.20397493	0.1812802	-0.18623348	0.21878943	0.17784329	0.20617981
0.3986931	-0.42370808	0.40859422	0.45740178	-0.51472145	-0.39730552	-0.4231186	0.44872904	0.45526093	0.47512007	-0.45469362	0.45151752	-0.42272642	0.42313775	0.38251346	0.4932084
-0.25097668	0.5065948	-0.32336053	-0.48170075	0.59554774	0.4122178	0.54258883	-0.5037327	-0.6585894	-0.4537819	0.59559953	-0.60065305	0.5651988	-0.4852807	-0.4746505	-0.5775005
0.26765147	-0.3081642	0.23065206	0.30563176	-0.2839454	-0.22929254	-0.3351374	0.2511211	0.3101718	0.30099842	-0.29657885	0.3218741	-0.27183196	0.2861744	0.22934696	0.3028418
0.26266655	-0.2643302	0.29121372	0.2908167	-0.33070895	-0.27696195	-0.27050698	0.36859864	0.33109093	0.3283579	-0.26407218	0.32505462	-0.2270505	0.29899248	0.23087493	0.27877176
0.43808755	-0.51310784	0.43408543	0.50055045	-0.5905615	-0.49256173	-0.48823598	0.41430402	0.5811024	0.44271785	-0.5197828	0.5100105	-0.49752936	0.48549765	0.41001326	0.5052494
-0.22646314	0.27247274	-0.18222205	-0.23838405	0.243181	0.17816763	0.25341964	-0.14348686	-0.2808575	-0.24670625	0.20151584	-0.21193278	0.21299513	-0.16720784	-0.16148151	-0.23541439
-0.0818948	0.12879083	-0.04844847	-0.11101381	0.12697633	0.035795335	0.15061177	-0.03516024	-0.15615058	-0.11348426	0.09202955	-0.08594149	0.11986326	-0.10514561	-0.09536488	-0.14448087
-0.5849256	0.63536704	-0.5867126	-0.69504356	0.7201669	0.6526001	0.64695865	-0.6406484	-0.67902744	-0.6828046	0.656378	-0.6924018	0.6688498	-0.5863322	-0.6142285	-0.69277775
0.3165523	-0.33993942	0.24060656	0.25394386	-0.35164654	-0.31316936	-0.31367797	0.26867947	0.34575576	0.34510294	-0.2666508	0.3203678	-0.23479246	0.3291205	0.22657703	0.34785476
0.037645258	-0.13241151	0.060223717	0.104072526	-0.1451003	-0.117994286	-0.2003688	0.09876351	0.21559413	0.18528964	-0.18553443	0.14862165	-0.11325772	0.10262612	0.15239841	0.1418021
0.64067155	-0.6797929	0.57493263	0.6516709	-0.7156679	-0.61739993	-0.72389525	0.6679143	0.7767454	0.6772994	-0.7671873	0.7558549	-0.71248513	0.6619152	0.60870165	0.73659796
0.10004784	-0.02951986	0.08616463	-0.018211903	-0.043197297	-0.075154595	-0.046012916	0.04253951	-0.022711806	0.07280702	0.012688915	0.0056576566	-0.020993374	0.0029511808	0.036980003	0.010097465
-0.36905277	0.5043932	-0.41473553	-0.5094808	0.50271773	0.4063632	0.4738994	-0.38312405	-0.52246284	-0.43734643	0.53395456	-0.45913577	0.47438893	-0.47529128	-0.40023407	-0.4953968
-0.048240878	0.21146964	-0.13606972	-0.2336296	0.21614528	0.16264552	0.16112661	-0.09664356	-0.19395326	-0.22903024	0.18773925	-0.22839144	0.21284735	-0.12004351	-0.21741816	-0.22910124
0.31594062	-0.41624546	0.30500588	0.37594247	-0.3618654	-0.29472917	-0.33268154	0.26018742	0.44395348	0.32382876	-0.37659732	0.3502381	-0.41047195	0.33207256	0.34986478	0.4076459
-0.019250818	-0.057634395	0.06056618	0.0058112727	0.018926537	0.03591652	-0.03787403	0.031988677	-0.014499803	-0.025493158	0.011213046	-0.03980502	-0.011428429	0.051323146	-0.0047722985	-0.039130487
0.14227559	-0.19773851	0.07541025	0.12607156	-0.14270376	-0.117690116	-0.20082872	0.12353595	0.16503027	0.15877198	-0.12314251	0.14438093	-0.0924085	0.10645593	0.16295655	0.16606931
-1.637344	1.9397784	-1.939252	-1.992475	2.1156685	1.919235	1.9467618	-1.955902	-2.1932197	-1.9694608	2.0102463	-2.0409126	2.017606	-1.9370992	-1.8976918	-2.125966
-0.1316115	0.08357355	-0.09888819	-0.12327866	0.0932463	0.11129327	0.09306496	-0.07777505	-0.05038502	-0.052028906	0.029108092	-0.10930694	0.094113715	-0.099210925	-0.05621245	-0.07807622
-0.30728644	0.40713483	-0.33935946	-0.36162034	0.40843737	0.37147883	0.35590428	-0.36591327	-0.44677672	-0.36255744	0.35726175	-0.39950258	0.41325116	-0.35050997	-0.36878073	-0.3841076
0.21084797	-0.27666146	0.20581104	0.23402001	-0.24346387	-0.21325576	-0.27396056	0.27734238	0.2966462	0.2500393	-0.2873763	0.29066917	-0.2510755	0.21365802	0.19827893	0.22029597
-0.15926275	0.19110848	-0.13712052	-0.19783033	0.222995	0.16700348	0.17112921	-0.12841226	-0.20917712	-0.15283528	0.18636511	-0.18586664	0.15215969	-0.1749215	-0.19943105	-0.19908898
-0.34254846	0.2864781	-0.27161387	-0.2426585	0.24850312	0.3207926	0.31366113	-0.32203037	-0.31251585	-0.29088518	0.24844648	-0.2996547	0.28375816	-0.24442846	-0.3209351	-0.33242786
0.3890386	-0.3924953	0.47745708	0.41741347	-0.31330615	-0.3947737	-0.36443344	0.40303993	0.3767291	0.3240528	-0.40068218	0.39173487	-0.39046875	0.31814012	0.38611937	0.32065713
0.17064011	-0.0564893	0.08664193	0.04636043	-0.02652935	-0.0923575	-0.1389685	0.058127526	0.06663665	0.06465316	-0.08829323	0.09552497	-0.10224275	0.10504677	0.09611373	0.11100212
0.093191996	0.060989827	0.096834965	-0.08966049	0.0805379	0.03683638	0.0007600426	0.029269842	-0.07386617	0.010344461	0.015556823	-0.0052639204	0.07545559	0.013804035	-0.03154242	-0.061462265
-0.11216028	0.14520381	-0.13549894	-0.13474041	0.108711034	0.12813964	0.1665152	-0.15858573	-0.1224827	-0.17520708	0.18634805	-0.14471468	0.1776771	-0.14036253	-0.13909295	-0.10004662
-0.21731362	0.26158175	-0.27625236	-0.32823843	0.37805524	0.23657915	0.33033428	-0.24565673	-0.36369285	-0.27151623	0.30427545	-0.36748582	0.36033213	-0.24626572	-0.33003744	-0.28270873
0.8060171	-0.95449364	0.83736557	0.9352015	-0.965421	-0.8923064	-0.93360895	0.81557834	1.0795013	0.925866	-0.93058	0.9352809	-0.9388052	0.8741486	0.87773466	0.96783763
-0.1774537	0.29465488	-0.2575599	-0.3287428	0.32872468	0.27238017	0.38002825	-0.27110785	-0.37755007	-0.31231394	0.36778733	-0.39046034	0.30776358	-0.3382446	-0.31370363	-0.36409432
0.47069156	-0.45896065	0.48471296	0.40212914	-0.42281055	-0.45502573	-0.41456446	0.45156428	0.41398048	0.4368335	-0.45468923	0.40467104	-0.3947407	0.43898967	0.45641544	0.44678965
-0.089337	0.12436861	-0.058290385	-0.06357284	0.15054442	0.113669746	0.066488534	-0.15618283	-0.07174786	-0.11977978	0.13575588	-0.076764345	0.09129833	-0.14209601	-0.052453596	-0.1333359
0.062416784	-0.09480482	0.08751578	0.07382738	-0.1266797	-0.090417795	-0.110456	0.02637962	0.07241691	0.0672706	-0.025626676	0.11259783	-0.023855524	0.01940933	0.059232906	0.07437511
0.19678238	-0.2872816	0.122441344	0.28177556	-0.28082106	-0.2166748	-0.2349814	0.115497515	0.30348215	0.27892005	-0.2232152	0.22683887	-0.20413819	0.19054398	0.21972995	0.26561955
0.30507085	-0.29040825	0.20122874	0.18833758	-0.21537606	-0.2958304	-0.3064032	0.20083939	0.2157332	0.2314778	-0.30626446	0.2858544	-0.23345366	0.2569135	0.2468798	0.25499758
0.15529045	-0.101283886	0.11267724	0.03311174	-0.04746981	-0.081257746	-0.08851307	0.134621	0.05110256	0.07067781	-0.04114602	0.13734305	-0.12711911	0.11397589	0.09342523	0.070344985
-0.43188632	0.48286733	-0.45724073	-0.4549408	0.44502187	0.4858199	0.44234973	-0.45923135	-0.4215831	-0.49762943	0.3962563	-0.42850977	0.4197543	-0.451749	-0.4910616	-0.44222674
-0.33640674	0.47725132	-0.35743517	-0.48134726	0.49607575	0.42463085	0.44108498	-0.42784172	-0.6144498	-0.46786797	0.5634493	-0.485216	0.44920304	-0.40034887	-0.42021602	-0.5648167
-0.33228707	0.36597055	-0.3466902	-0.3956527	0.40740734	0.34982154	0.3970145	-0.31202218	-0.4388147	-0.36139733	0.34686798	-0.40950885	0.40486345	-0.38297126	-0.336429	-0.34905183
-0.08662349	0.041470718	-0.035599615	-0.08283218	0.0933399	0.12603962	0.10202699	-0.064936444	-0.14508688	-0.13383728	0.12423461	-0.09290499	0.14937326	-0.0889279	-0.05239612	-0.1231463
-0.22513086	0.37623918	-0.31088233	-0.3918484	0.3985059	0.3164336	0.34488267	-0.3914943	-0.50781965	-0.35801387	0.4496118	-0.4230148	0.38092375	-0.36592534	-0.3412648	-0.39023265
-0.13396287	0.15663354	-0.15550683	-0.13383792	0.16692747	0.15572543	0.19675508	-0.17924185	-0.2297939	-0.19797161	0.1385691	-0.15162624	0.16583747	-0.14381182	-0.18029277	-0.2372692
0.24595961	-0.063735425	0.2169253	0.054463834	-0.10765729	-0.12983322	-0.090588026	0.09512598	0.08860894	0.040882364	-0.037329912	0.03546301	-0.0018466851	0.08855213	0.11379118	0.0320885
-0.29138738	0.53301126	-0.42222	-0.58013123	0.5900164	0.42771637	0.53560954	-0.44438297	-0.5471064	-0.52764505	0.5517608	-0.5908685	0.5601004	-0.4301442	-0.43791044	-0.50101036
0.18049307	-0.32896948	0.12655318	0.3528585	-0.3266801	-0.30814084	-0.34683073	0.25167266	0.37049744	0.31889907	-0.32615337	0.3561947	-0.35156468	0.31407782	0.28035057	0.3874088
0.2148345	-0.36746138	0.30865616	0.3489724	-0.36039206	-0.3041854	-0.30028355	0.24858224	0.3605822	0.2764798	-0.3251205	0.40603462	-0.3686879	0.2708763	0.23155786	0.35610723
-0.20909977	0.30601746	-0.24101828	-0.30825183	0.35350254	0.26749632	0.27747452	-0.31672353	-0.34355366	-0.3095827	0.36417943	-0.36084718	0.29651943	-0.25350302	-0.32162377	-0.34959918
-0.39697847	0.45916378	-0.46109432	-0.49139854	0.47000608	0.38084924	0.44851807	-0.41913396	-0.46910235	-0.38963386	0.44663042	-0.49429053	0.4887357	-0.43366012	-0.423088	-0.48956144
-0.33164534	0.6235125	-0.45866355	-0.6083525	0.67422163	0.5505352	0.62721574	-0.53824687	-0.70024014	-0.57755935	0.658116	-0.6685362	0.6383987	-0.6102806	-0.56758815	-0.69433033
-0.41692454	0.5617444	-0.42323783	-0.5684452	0.52566427	0.5103753	0.4834123	-0.52338314	-0.5676308	-0.5533494	0.55224633	-0.50044364	0.52019745	-0.5377639	-0.5295955	-0.5228928
0.12492488	-0.15970239	0.1324904	0.16878128	-0.13840494	-0.16198495	-0.16608784	0.21715723	0.12712498	0.12691231	-0.117537536	0.17767078	-0.09548994	0.15002085	0.17462304	0.16098106
-0.12377755	0.20424946	-0.10525601	-0.20357653	0.22800113	0.19315708	0.1683528	-0.14527938	-0.16391836	-0.1461023	0.21071908	-0.19320096	0.1393289	-0.2130205	-0.19496383	-0.14592344
0.43399304	-0.44419837	0.35733205	0.4464975	-0.4739727	-0.40150964	-0.45757148	0.41368535	0.4876417	0.46671638	-0.50042665	0.4090192	-0.44650277	0.35622054	0.33470553	0.41291964
-0.16172831	0.28671193	-0.16470511	-0.22792578	0.29545033	0.17599304	0.2574376	-0.24598989	-0.2578579	-0.24435343	0.29808134	-0.2355317	0.2972847	-0.2628492	-0.21593189	-0.30612186
0.06697706	-0.024267929	0.04143565	0.054171048	-0.04351338	-0.08429046	-0.036303744	0.029019685	0.012427382	0.06608642	-0.08230255	0.0040322575	-0.061914604	0.10878392	0.088876694	0.019153109
0.074887194	-0.2029227	0.06385559	0.21540642	-0.19838117	-0.15234959	-0.11206495	0.13550426	0.18296064	0.18593621	-0.18715079	0.21945664	-0.1184574	0.08740482	0.09427789	0.16576487
0.38566923	-0.45855978	0.35924768	0.46123612	-0.46692193	-0.45955867	-0.42099863	0.4513957	0.4573157	0.4465974	-0.45027643	0.42631888	-0.45740965	0.41269484	0.39072868	0.41520602
-0.6574334	0.55503875	-0.6605655	-0.6323607	0.6271791	0.583219	0.60362864	-0.6158726	-0.6989336	-0.59885234	0.63881314	-0.5682006	0.5740607	-0.58348525	-0.6185257	-0.6171854
-0.14372395	0.14655283	-0.08846506	-0.22024691	0.2012826	0.151966	0.1749894	-0.110694446	-0.16026309	-0.18660544	0.20704196	-0.17231946	0.17764209	-0.15121499	-0.11796831	-0.16591492
-0.03207991	-0.057108693	-0.05963284	-0.019530917	-0.005653671	0.04872725	-0.004991614	0.0016598327	-0.024791727	0.05023711	0.03030193	0.046478093	0.045854364	-0.018906798	-0.023602031	-0.007029066
-0.50407	0.6427905	-0.5752718	-0.59054244	0.6686813	0.53834194	0.56807196	-0.60454935	-0.6916705	-0.6270198	0.6737894	-0.6784482	0.60303396	-0.5394842	-0.5873302	-0.64743936
-0.0076402538	0.09242218	-0.06713605	-0.15364999	0.14692798	0.13281655	0.10082269	-0.110445246	-0.153795	-0.13101043	0.13750365	-0.086533554	0.1190107	-0.15157716	-0.1213187	-0.16723362
-0.23452295	0.33207363	-0.24412736	-0.29752508	0.36262706	0.2801013	0.33084074	-0.30098668	-0.38717517	-0.30283353	0.3702076	-0.34604013	0.2940882	-0.28100482	-0.32512516	-0.37126246
-0.40867803	0.60611886	-0.45497352	-0.614272	0.66348654	0.52348137	0.60477036	-0.52315915	-0.7105203	-0.57072634	0.65354866	-0.6419675	0.6375329	-0.5772856	-0.5809809	-0.6280393
0.11967118	-0.07481034	0.04232343	0.041799884	-0.03205948	-0.05829484	-0.06659429	0.09265698	0.061686847	0.07681166	-0.039949354	0.038574208	-0.059773657	0.087456755	0.08759401	0.015517018
-0.267347	0.29374477	-0.2805056	-0.35286507	0.29453933	0.29293367	0.31309944	-0.2614995	-0.37294325	-0.265314	0.32359812	-0.34335807	0.33403423	-0.29389477	-0.2739983	-0.33747
-0.61501193	0.8126895	-0.64948934	-0.7992217	0.8364755	0.7322286	0.7412253	-0.7794739	-0.85670745	-0.75218374	0.822738	-0.8045782	0.73743415	-0.6809631	-0.74957824	-0.80632025
-0.5322093	0.66632056	-0.56161934	-0.60723615	0.6730364	0.5751166	0.6326282	-0.62714386	-0.704038	-0.5896504	0.647632	-0.64064306	0.582927	-0.5790531	-0.59817517	-0.6568798
0.1906661	-0.25921702	0.19894695	0.30859673	-0.2586949	-0.22219287	-0.23319	0.25132403	0.30116144	0.28260976	-0.23844191	0.32917687	-0.30165908	0.22756052	0.26627785	0.2933536
-0.28808433	0.23789883	-0.22238725	-0.19965702	0.24904355	0.20663907	0.2533991	-0.301242	-0.25349796	-0.26965532	0.20742007	-0.28613073	0.22179762	-0.23591392	-0.2815455	-0.22236304
0.3248818	-0.25667936	0.20019437	0.212243	-0.22217335	-0.2631076	-0.2559525	0.2590433	0.24163292	0.27478322	-0.225656	0.21953098	-0.25624916	0.29556614	0.2952171	0.30662626
-0.37359044	0.45441347	-0.47841024	-0.45160127	0.4016773	0.41053623	0.40308288	-0.4005764	-0.44144043	-0.38080412	0.4026896	-0.46156886	0.41567853	-0.39709768	-0.37101313	-0.46580863
0.2274522	-0.29510382	0.19245283	0.31319588	-0.4029959	-0.26020592	-0.3725475	0.28509393	0.42316464	0.35302377	-0.35288444	0.36549163	-0.3440863	0.31501505	0.2802274	0.3948397
-0.56126	0.67402977	-0.5562062	-0.68103975	0.6924869	0.6139533	0.6352265	-0.61582047	-0.6770643	-0.6678402	0.6481663	-0.6161998	0.6015648	-0.5754748	-0.5647847	-0.6891223
-0.0021553938	0.076193124	0.020364374	-0.15875837	0.15448688	0.06691444	0.081608236	-0.02995568	-0.12239717	-0.134091	0.17734385	-0.16757245	0.1331466	-0.12346795	-0.059770003	-0.14231521
-0.0030303297	0.112628095	0.013178153	-0.026462018	0.0776009	0.00016389388	0.058169443	-0.042990193	-0.06660754	-0.016964512	0.034941632	-0.11251639	0.072386324	-0.08384736	-0.08884047	-0.08470102
0.033761356	0.044729106	-0.058723226	-0.03922789	0.025123628	0.005850153	-0.0005121318	-0.028322019	-0.009058553	-0.05033497	0.067326225	-0.035932172	0.044208456	-0.06861046	-0.01705137	-0.050770186
0.32896364	-0.37714994	0.32729667	0.36414212	-0.3859861	-0.36165017	-0.3072432	0.29662395	0.3570558	0.31183043	-0.36862662	0.33392116	-0.30563286	0.3080304	0.32724154	0.3721366
1.4733793	-1.6738584	1.5491942	1.5983471	-1.7274758	-1.5751725	-1.6532689	1.5592811	1.8084159	1.6508577	-1.6290039	1.6466272	-1.6191679	1.5627242	1.5786264	1.7000846
0.23664872	-0.2951732	0.18998522	0.2395694	-0.34625778	-0.2515501	-0.28758442	0.2508951	0.3484209	0.33242726	-0.29666	0.34796762	-0.3172971	0.22511306	0.23914866	0.28568867
-0.2664792	0.42610642	-0.32393786	-0.38726908	0.49843717	0.31561834	0.38389853	-0.36265126	-0.4989123	-0.37510696	0.4982051	-0.47238004	0.44780582	-0.41363633	-0.41962633	-0.49468386
-0.02708384	-0.037932374	-0.0508765	0.025522621	-0.0030487187	0.07773835	-0.05540673	-0.03863014	0.08577634	-0.03561577	-0.03507107	0.06373756	0.0026614794	-0.02671202	-0.046411727	-0.025237005
0.48083067	-0.59882164	0.51335055	0.54039544	-0.6423342	-0.5469411	-0.54000884	0.46089306	0.65505433	0.55856097	-0.5577528	0.61738837	-0.49760956	0.49525288	0.5010717	0.55426645
-0.92342705	0.97546905	-0.84707737	-0.8987346	1.0492815	0.9133295	0.93443376	-0.826549	-1.0823812	-0.97170526	0.986948	-1.0054739	0.8713416	-0.8940912	-0.892132	-1.0245392
-0.059981927	-0.018476674	0.022400767	0.07579898	-0.06465302	-0.05406323	-0.03761508	0.027515782	0.104191005	0.0339352	-0.0868937	0.05665697	-0.06236378	-0.006525203	0.01854852	0.08797359
0.3426644	-0.4901742	0.40002885	0.51755303	-0.4720005	-0.39819974	-0.46633354	0.4226663	0.5428211	0.4349045	-0.5364403	0.4636596	-0.42934635	0.42271233	0.45793328	0.51872337
-0.106329605	0.12098033	-0.067617804	-0.12825584	0.069751285	0.10754633	0.049999136	-0.057793498	-0.10475592	-0.086917505	0.10715532	-0.11174759	0.04555252	-0.09297515	-0.09151362	-0.06713572
-0.4937821	0.5582297	-0.5510635	-0.57256883	0.6358452	0.58606017	0.6061335	-0.50401646	-0.66074926	-0.58784807	0.59599113	-0.59561914	0.6497413	-0.5971475	-0.55522656	-0.67286795
0.14934629	-0.19613454	0.11297573	0.1310515	-0.19116582	-0.18138766	-0.22202444	0.11779199	0.17180692	0.19301951	-0.15820482	0.2046976	-0.16128236	0.15170562	0.19917604	0.24212743
0.052952703	-0.05391023	0.07549722	0.07578861	-0.10862777	-0.07636378	-0.1375154	0.11133645	0.13176589	0.11075433	-0.111359455	0.12973781	-0.12059158	0.038867913	0.12808463	0.08821125
0.8505237	-0.97498244	0.95285493	1.0082215	-0.9882546	-0.92414045	-0.9889687	0.8947866	1.0382429	0.9826938	-1.0145394	0.9626554	-0.93276185	0.97364897	0.94185513	1.0290812
-0.061909016	0.0940286	-0.08633037	-0.06480292	0.094206035	0.078440726	0.12904441	-0.12099464	-0.10405641	-0.043726724	0.077668294	-0.13340646	0.099502355	-0.079800606	-0.087829605	-0.12163087
0.38672355	-0.53903	0.33419937	0.5156174	-0.61938906	-0.49122176	-0.5357034	0.4310133	0.6658082	0.55733055	-0.5525172	0.5953856	-0.5284219	0.47846466	0.4870726	0.53305703
-0.3349683	0.38556787	-0.44063526	-0.37826777	0.34493026	0.35662636	0.3442073	-0.35542214	-0.42318362	-0.37728408	0.4395295	-0.36974183	0.43737915	-0.33581024	-0.36755013	-0.40611118
-0.14406458	0.23688485	-0.13954297	-0.28376955	0.26414734	0.21207671	0.21431336	-0.17138484	-0.27369976	-0.24850315	0.28644967	-0.3229546	0.19840522	-0.26325423	-0.23703915	-0.2514441
-0.0034736912	-0.067915365	0.025180215	0.041725393	-0.108478144	-0.07906564	-0.06866985	0.036365304	0.06987663	0.045153596	-0.11528172	0.11168013	-0.10666474	0.07434901	-0.009658898	0.045853123
0.42808422	-0.5901514	0.46311057	0.541861	-0.64007026	-0.47679892	-0.58388776	0.48183924	0.6220768	0.5437175	-0.5939829	0.5808367	-0.5674026	0.51748174	0.5031769	0.56620836
0.036102097	0.07424383	0.0030811306	-0.063771226	0.18012013	0.055728756	0.084094405	-0.10232568	-0.14298522	-0.07351201	0.17361924	-0.1081932	0.14127304	-0.10139616	-0.048626512	-0.13801244
-0.017555684	0.053340577	-0.07502415	-0.02160061	0.08867294	0.057660688	0.03619801	-0.02705284	-0.040849607	-0.0011639919	0.0010440969	-0.055244632	0.076606885	-0.09228241	-0.04512081	-0.08641828
-0.037292946	0.18071987	-0.024944004	-0.18646784	0.16475248	0.059895404	0.082216166	-0.14511248	-0.17453098	-0.14429122	0.102336034	-0.11009745	0.15582815	-0.110072985	-0.15667574	-0.14203583
-0.354489	0.33613926	-0.28273505	-0.25126228	0.30105183	0.26978236	0.32795155	-0.33464432	-0.27162918	-0.26226622	0.34732583	-0.25807664	0.2690619	-0.297563	-0.2613024	-0.3526319
-0.09852194	0.14902793	-0.12690704	-0.08836932	0.16477297	0.17415541	0.15432495	-0.16645792	-0.18765546	-0.13804781	0.14978826	-0.110719785	0.14337498	-0.11504938	-0.16098711	-0.1418823
-0.2874072	0.26335886	-0.30267307	-0.31137106	0.30145124	0.30454662	0.2956191	-0.27556843	-0.31978038	-0.3024277	0.21942441	-0.25862062	0.21382852	-0.21705888	-0.29595518	-0.26794273
0.22596294	-0.07251506	0.19654232	0.059264217	-0.13894835	-0.14458387	-0.123882785	0.14333017	0.068331726	0.14878432	-0.10438941	0.14328435	-0.08334311	0.1628062	0.09886194	0.14208855
-0.06760572	0.16718404	-0.1250376	-0.08246773	0.099131405	0.1455914	0.12465042	-0.14855942	-0.059401255	-0.14280666	0.10755535	-0.08586983	0.117617786	-0.115042314	-0.15989852	-0.12090194
-0.1230533	0.09119263	-0.146984	-0.08305779	0.10304635	0.12528694	0.14443265	-0.19834834	-0.06466375	-0.07577736	0.104391366	-0.10323228	0.1389483	-0.11700074	-0.0933128	-0.0864864
0.17784129	-0.24553956	0.15103054	0.21982993	-0.15722506	-0.21873811	-0.202878	0.17098333	0.14048122	0.18402644	-0.16066043	0.17422307	-0.1895792	0.1432956	0.117628664	0.15313332
-0.053923406	-0.03739037	-0.113261156	0.01312691	-0.056681074	0.095213845	0.055212013	-0.024759715	-0.04026002	-0.0127680125	-0.02293397	-0.03461399	0.06304835	-0.07963299	-0.06544694	0.028967626
-0.38414785	0.33841094	-0.38242593	-0.39558902	0.4544022	0.32605606	0.37632686	-0.29338035	-0.49405062	-0.39955866	0.3824421	-0.41844055	0.36395633	-0.39449963	-0.3155924	-0.42800125
-0.573886	0.633349	-0.6136543	-0.5648253	0.62651277	0.5230882	0.5750824	-0.55942595	-0.60236436	-0.5917097	0.5668985	-0.5652444	0.60344255	-0.54289645	-0.51326865	-0.64140815
-0.07365016	0.13200904	-0.030167745	-0.03261654	0.09592009	0.017720236	0.09541126	0.02864591	-0.1332217	-0.06591678	0.10608955	-0.10589712	0.01299152	-0.08598559	-0.06887486	-0.07939813
0.036355916	-0.14230831	0.035179608	0.11947063	-0.15908042	-0.108780935	-0.16970168	0.042448528	0.15623416	0.073456846	-0.1812303	0.12421135	-0.10617896	0.09254937	0.0802696	0.1342152
0.11046223	-0.11057322	0.049806416	0.080880225	-0.1574548	-0.10269848	-0.08246902	0.044105962	0.16656086	0.1327797	-0.18475321	0.13513096	-0.085127115	0.09920162	0.12991013	0.1308291
0.06293683	-0.14724961	0.009098001	0.10230173	-0.12752098	-0.044671655	-0.112904534	0.029485278	0.14473946	0.07169507	-0.11254654	0.058666945	-0.09053739	0.045952097	0.07312619	0.12338941
0.19979283	-0.35329762	0.119618125	0.275308	-0.3602931	-0.2759431	-0.298552	0.20762077	0.31404546	0.3030888	-0.32837045	0.3066764	-0.2627739	0.2830454	0.23011152	0.35658258
0.036919232	-0.022522757	0.06725289	0.06914702	-0.06366281	0.018802257	-0.034072094	0.0032283491	0.109609	-0.011098791	-0.019380597	0.09029536	-0.0409918	0.04483183	0.06703156	0.038406838
0.24626611	-0.30128476	0.24624431	0.32390192	-0.29819947	-0.23850872	-0.2722852	0.25779876	0.30690545	0.20814286	-0.28135803	0.30140412	-0.2817673	0.22309096	0.22785987	0.2857076
-0.31518123	0.3966946	-0.32219005	-0.36243632	0.41487655	0.35250452	0.33411223	-0.37862167	-0.38303322	-0.37890282	0.35264134	-0.35815766	0.37813282	-0.35455137	-0.3320619	-0.35272256
-0.5293061	0.5271658	-0.65322006	-0.5854777	0.56248575	0.56904846	0.62209135	-0.63396174	-0.6470736	-0.6144336	0.6009277	-0.5603304	0.55036795	-0.58433753	-0.5607116	-0.62441415
-0.19203497	0.40054068	-0.33727098	-0.42512843	0.45589817	0.33343062	0.38852042	-0.3694524	-0.4566441	-0.31723022	0.37804213	-0.41523707	0.4214679	-0.3658766	-0.33201265	-0.37744185
0.31716162	-0.32094088	0.34760857	0.40275943	-0.35256895	-0.37193176	-0.36279535	0.371897	0.4651688	0.42329696	-0.36378118	0.342217	-0.38273534	0.31551856	0.37621832	0.41750872
-0.18099737	0.26611295	-0.32143596	-0.25254926	0.34538612	0.27637446	0.24102396	-0.2571582	-0.3189439	-0.23349823	0.28412005	-0.30550197	0.31644166	-0.2372111	-0.28506485	-0.2826577
0.13685712	-0.21976824	0.29102135	0.14065482	-0.1631826	-0.13287154	-0.12132339	0.23675874	0.16327062	0.16735356	-0.1562912	0.20086163	-0.18190067	0.1875502	0.16609153	0.12904194
-0.33325395	0.23796356	-0.3854247	-0.23061204	0.20650585	0.2655982	0.27173114	-0.30242455	-0.2696868	-0.3060235	0.2381057	-0.2210424	0.21124965	-0.2931631	-0.2750965	-0.22936976
0.05250525	0.015754709	0.029162982	0.054786205	-0.026396932	-0.0012896725	-0.061607193	0.021165917	0.08505992	0.055053666	-0.02371998	0.0417027	-0.046724916	-0.00697975	0.05585331	0.025230791
-0.66828614	0.91042644	-0.7691924	-0.9567496	0.97394943	0.80744547	0.8847878	-0.8677194	-1.0067382	-0.87866247	0.96104974	-0.9441509	0.9407646	-0.8748842	-0.775056	-0.95169884
0.04733238	0.14237751	-0.024513911	-0.14260235	0.15101255	0.090282254	0.13107678	-0.09945106	-0.17193952	-0.05938566	0.1168882	-0.15964682	0.10841675	-0.0976532	-0.0118004475	-0.123137295
0.10531231	-0.24961193	0.071532525	0.29496112	-0.25232592	-0.15003246	-0.20258231	0.23011641	0.34047306	0.2735159	-0.25912198	0.30026075	-0.23899476	0.19063655	0.20058477	0.29537198
0.48034373	-0.44296896	0.42989704	0.45531473	-0.45463675	-0.44234237	-0.4818938	0.47336212	0.50947267	0.4209272	-0.44679624	0.49972832	-0.46310052	0.48159403	0.43413967	0.48967686
0.08314479	-0.051269334	0.010406502	0.05955912	-0.03544955	-0.01768222	-0.042037822	0.019296765	0.049251262	0.003024122	0.011257772	0.036811884	-0.021212563	0.07304928	0.0838082	0.00932236
0.65871346	-0.7345974	0.7306634	0.81272155	-0.8551748	-0.678768	-0.7625129	0.73896676	0.88897157	0.7094549	-0.8329586	0.76317596	-0.7548736	0.7160063	0.7269037	0.8389564
-0.2564654	0.2496885	-0.28622803	-0.21200304	0.25298065	0.23372816	0.22369924	-0.25481656	-0.2480226	-0.25986627	0.25700364	-0.27204907	0.23511449	-0.21199165	-0.28392956	-0.2184114
0.18698752	-0.21351728	0.09833756	0.19350347	-0.24924116	-0.14595546	-0.21312295	0.2110732	0.22790606	0.17052677	-0.2369495	0.24191934	-0.25086355	0.19271432	0.23148584	0.28051716
0.8806656	-0.9397688	0.85504407	0.90144145	-0.96062213	-0.90795875	-0.92895764	0.9345122	1.0424993	0.9323145	-0.9780453	0.94502044	-0.9465958	0.9487462	0.8683303	1.0072416
-0.3003251	0.34738368	-0.31300122	-0.2959863	0.29561335	0.32888976	0.27098343	-0.29228488	-0.35140732	-0.31248328	0.27285957	-0.35609102	0.30670345	-0.27304918	-0.26977298	-0.29249638
-0.4313871	0.4563108	-0.44508547	-0.4025114	0.44530833	0.467481	0.41231352	-0.41768917	-0.47288227	-0.4622239	0.3920261	-0.38906705	0.46831426	-0.4015064	-0.424158	-0.4272347
-0.16767997	0.21064201	-0.18241188	-0.2256572	0.24026822	0.21556513	0.2002713	-0.1619256	-0.17887299	-0.18864496	0.22677349	-0.25016096	0.24073601	-0.19376595	-0.23298964	-0.20395105
-0.21565904	0.29885685	-0.19176508	-0.27692196	0.27660725	0.21471167	0.26899374	-0.24730055	-0.25834545	-0.24623239	0.25736356	-0.32256457	0.21910962	-0.2231473	-0.23683706	-0.2940838
0.16805562	-0.19781804	0.23434845	0.21697956	-0.2807605	-0.22018567	-0.2516293	0.22606283	0.23325416	0.21912245	-0.18128583	0.21822484	-0.24062467	0.19740428	0.17654939	0.21637529
0.08173154	-0.17782328	0.11118586	0.21076676	-0.20430876	-0.14011264	-0.16097943	0.17458513	0.22269736	0.19269882	-0.2091025	0.23353542	-0.1776761	0.1470811	0.1659777	0.20876652
0.36531204	-0.28483334	0.35438326	0.29509252	-0.31293023	-0.31052834	-0.2735233	0.31498328	0.32011822	0.29642898	-0.33808658	0.2754024	-0.2646082	0.28229573	0.29053402	0.2900122
-0.0023353086	0.052912235	0.01500882	-0.10851338	0.07188839	0.04641855	0.12300154	-0.013790219	-0.11543768	-0.053199977	0.143818	-0.09463315	0.10388181	-0.10204787	-0.052142892	-0.13969834
0.43549764	-0.5283577	0.5243182	0.58136314	-0.60978705	-0.45470002	-0.55536705	0.48811573	0.6251442	0.5138701	-0.5197282	0.5335719	-0.56750065	0.47832358	0.47293884	0.53692657
-0.3329906	0.41695356	-0.3734884	-0.44827348	0.40338305	0.42907867	0.43899485	-0.3321218	-0.4657588	-0.39602053	0.406677	-0.40912527	0.42363057	-0.42995006	-0.36042565	-0.45840696
0.52697396	-0.6281007	0.5856965	0.5727448	-0.6495396	-0.55597895	-0.58814436	0.5796161	0.64453566	0.6504379	-0.6211995	0.65505236	-0.59067476	0.6395764	0.58087564	0.6638125
-0.12455095	0.1731766	-0.16450776	-0.18069465	0.19003408	0.21252757	0.20073123	-0.18634292	-0.20952055	-0.20948589	0.26434958	-0.17543994	0.21558295	-0.19170615	-0.1747479	-0.1845041
0.17034087	-0.21593618	0.183481	0.18932971	-0.20518863	-0.16557719	-0.20107672	0.16962045	0.22893323	0.15983987	-0.15595359	0.16429009	-0.17602056	0.17352258	0.12285354	0.15113305
0.26545715	-0.37328634	0.2555677	0.3616975	-0.45531723	-0.34528926	-0.4076408	0.34599832	0.43894488	0.35473606	-0.39206985	0.4448426	-0.3996053	0.3921866	0.32307154	0.43280143
0.21751729	-0.30547577	0.21820262	0.276084	-0.26755404	-0.27779368	-0.2445385	0.24358037	0.29111922	0.3102901	-0.26980937	0.35472068	-0.26539773	0.29682267	0.24518059	0.36036482
0.3430932	-0.44647652	0.38934395	0.42647693	-0.45349687	-0.38274983	-0.40237203	0.42928368	0.48955426	0.45749593	-0.4333115	0.49438468	-0.40844592	0.37184787	0.40750372	0.45334443
0.44539544	-0.61577606	0.48044705	0.56870025	-0.6246316	-0.5680806	-0.635193	0.527426	0.72523844	0.64573926	-0.64597523	0.67968035	-0.63398474	0.51677316	0.49218932	0.6149662
0.08261733	-0.080440655	0.07657949	0.091964446	-0.12392524	-0.08041193	-0.074577235	0.103624284	0.110486604	0.058609165	-0.113445066	0.13005047	-0.082819864	0.04996375	0.09992696	0.11016597
-0.2571465	0.28332657	-0.19743417	-0.24032477	0.27304977	0.26541263	0.30474222	-0.22207725	-0.2934414	-0.24815974	0.3164203	-0.3307986	0.31569824	-0.2370728	-0.24009457	-0.3291743
-0.507468	0.80164844	-0.7620198	-0.82739806	0.9145441	0.7196853	0.80844665	-0.7074307	-0.8708594	-0.7579307	0.87039804	-0.89736617	0.89524174	-0.7812209	-0.7801877	-0.84783244
-0.022309775	0.062401377	-0.059945658	-0.0563908	0.10357802	0.008368566	0.07181943	-0.029720403	-0.13869087	-0.034420736	0.11055671	-0.09671889	0.06929661	-0.04648975	-0.06403061	-0.0556644
0.5812996	-0.67683345	0.5672903	0.75307995	-0.801505	-0.631962	-0.661088	0.56743383	0.81566405	0.64240116	-0.784465	0.71788895	-0.68223435	0.6269313	0.62262547	0.758146
0.23294108	-0.31801772	0.22851995	0.3227777	-0.31414136	-0.28307208	-0.37814665	0.28304633	0.3878491	0.3252717	-0.30010393	0.38968733	-0.37628636	0.30638462	0.33301336	0.3662235
0.033833224	0.08021478	0.07831071	-0.11769199	0.1582248	0.012642311	0.14651164	-0.075735606	-0.1090222	-0.11590521	0.1464571	-0.07160746	0.10178593	-0.06067758	-0.037001755	-0.11375011
-0.5037858	0.57720596	-0.5121771	-0.53097194	0.5581941	0.5462661	0.5436169	-0.5088427	-0.60899657	-0.5292624	0.5395678	-0.5418361	0.56751096	-0.47450852	-0.52892655	-0.55617493
0.22252737	-0.31777436	0.20882954	0.29566738	-0.38239142	-0.25848028	-0.31771567	0.30222335	0.43522573	0.3585404	-0.33854717	0.41187105	-0.29638222	0.34209937	0.31659138	0.4202435
-0.0840187	-0.012262608	-0.04126234	-0.069533825	0.023331659	0.003201413	-0.021453138	-0.09747037	-0.058123317	0.0013985701	-0.008132627	-0.019738015	0.07385209	-0.050488804	-0.06392469	-0.012891729
-0.33583993	0.23225984	-0.39716768	-0.23465069	0.19838373	0.270494	0.30796552	-0.2783942	-0.22716263	-0.26281786	0.294151	-0.29111695	0.31297645	-0.3109461	-0.3057946	-0.2635131
-0.30932587	0.35706845	-0.35061356	-0.3641889	0.41087183	0.36225158	0.3827744	-0.3515826	-0.3235191	-0.36971697	0.34173405	-0.39533132	0.36396515	-0.3853828	-0.32107523	-0.34596482
0.066122815	-0.17238116	0.08846582	0.18137398	-0.1795824	-0.10567721	-0.15912868	0.12567231	0.21673335	0.17016093	-0.19192664	0.19869256	-0.18124187	0.20447971	0.11867292	0.18286143
-0.37361005	0.46942532	-0.40738863	-0.46192756	0.56027114	0.47555548	0.43847027	-0.45710024	-0.59031796	-0.5044048	0.46882555	-0.52222764	0.4409405	-0.48992956	-0.43989354	-0.5434357
0.06802738	-0.11059903	0.08190528	0.050023895	-0.13638957	-0.084026545	-0.11095566	0.14097112	0.12557459	0.060914543	-0.12362005	0.07070738	-0.0926224	0.060097832	0.11243106	0.08873969
-0.47704822	0.6194863	-0.54485554	-0.56739986	0.60585666	0.5666154	0.5275873	-0.5919765	-0.5840924	-0.5405234	0.5536945	-0.5605808	0.53213805	-0.5192712	-0.52534384	-0.62063205
-0.22569901	0.38268277	-0.24581178	-0.34004146	0.34740618	0.32172596	0.35143846	-0.26883757	-0.44741276	-0.34978402	0.3559876	-0.38304102	0.30835995	-0.34580347	-0.2515012	-0.40054926
-0.08197523	0.29810938	-0.15395512	-0.24368237	0.29460704	0.22264175	0.2565693	-0.19089097	-0.29731148	-0.2759374	0.29100046	-0.24753845	0.28873372	-0.24534096	-0.15734607	-0.24084496
0.75761634	-0.92305773	0.83647215	0.863393	-0.8993102	-0.81458884	-0.8594954	0.84006363	0.9823351	0.9246356	-0.9628754	0.9622597	-0.90532255	0.8800905	0.82368046	0.8992858
0.878916	-1.0181942	0.9543246	1.0816405	-1.0564779	-1.0037284	-1.010491	0.94771737	1.1491433	1.0340794	-1.0325298	1.1125848	-1.0638889	0.9511785	0.9345701	1.0593908
-0.09991006	0.11434004	-0.11397681	-0.1001545	0.086976655	0.090245046	0.16714005	-0.121064655	-0.10220105	-0.105378665	0.14645119	-0.13950673	0.119277515	-0.16045807	-0.11759032	-0.16198207
-0.38889372	0.5150431	-0.46097514	-0.48098713	0.5096334	0.46178454	0.44273087	-0.50407666	-0.55718225	-0.46627083	0.5249202	-0.53171295	0.5320134	-0.4330222	-0.4419959	-0.4984168
0.9015926	-0.9331064	0.92363614	0.87522554	-0.93448603	-0.9313099	-0.9273511	0.9043558	0.9793324	0.90615916	-0.9516115	0.94074184	-0.9198562	0.88148564	0.8352639	0.97987485
-0.057524834	0.101708874	-0.052816935	-0.12538444	0.075469844	0.067576155	0.057195473	-0.06899322	-0.13085338	-0.12641528	0.07827919	-0.091043144	0.08812532	-0.07591244	-0.149374	-0.11198811
-0.030774564	-0.07565646	0.025123984	0.045213677	-0.039408002	0.0047688535	-0.06551466	0.024609981	0.10277598	0.09717783	-0.06441862	0.03134318	-0.06576283	0.030333396	0.058956742	0.050593622
-0.40300232	0.5906879	-0.5475196	-0.61036414	0.61157525	0.5241994	0.5388855	-0.5312047	-0.6176927	-0.54324776	0.5830163	-0.57411844	0.57362074	-0.55488336	-0.54823047	-0.62358767
-0.6220112	0.5352083	-0.63144803	-0.553011	0.63796854	0.55139536	0.56409246	-0.64511406	-0.6782106	-0.5486995	0.5848199	-0.617478	0.58546215	-0.56120014	-0.6235474	-0.65281916
0.26083007	-0.32002777	0.25552374	0.32396105	-0.29737845	-0.29632568	-0.28798822	0.26642352	0.38855815	0.32659966	-0.3729116	0.29137444	-0.29070345	0.296797	0.31237596	0.2892551
-1.3713931	1.5318688	-1.5561737	-1.6108143	1.597607	1.4695312	1.5072713	-1.6254163	-1.6866931	-1.5698833	1.5796251	-1.6418817	1.6193347	-1.4887242	-1.4799802	-1.6335704
0.07502982	-0.07400965	0.07623593	0.030903585	-0.025521403	-0.037639637	0.0034228426	0.05441365	0.060879365	0.07410621	-0.016338041	0.06490093	-0.035941884	0.048640672	0.05675296	-0.006922686
0.38141915	-0.40492377	0.3816294	0.39323488	-0.39885628	-0.42227072	-0.37413716	0.33030066	0.40967822	0.35455057	-0.42369965	0.37024468	-0.4064986	0.37973544	0.40109304	0.4045845
-0.29403636	0.29977375	-0.3446032	-0.2648441	0.3171587	0.31926417	0.30835295	-0.32889935	-0.2930297	-0.27110624	0.3122783	-0.3633439	0.26190686	-0.28632283	-0.25385553	-0.30682653
0.21390194	-0.26943073	0.12936999	0.27618712	-0.2643085	-0.2503454	-0.2524918	0.27481338	0.24072568	0.27517247	-0.24655358	0.25411895	-0.2797521	0.22181602	0.21094207	0.23847277
-0.23349974	0.22366363	-0.26307473	-0.25655138	0.21450919	0.23756206	0.24493338	-0.18818307	-0.27255636	-0.24153179	0.26189396	-0.1921585	0.22256441	-0.23137906	-0.24733227	-0.26341563
0.37908232	-0.4178989	0.4008228	0.3686822	-0.4355199	-0.35404214	-0.42118275	0.38582662	0.42142314	0.42685005	-0.44283795	0.44917676	-0.37166688	0.36203387	0.36373356	0.38436913
-0.17010935	0.1363075	-0.14409027	-0.10210486	0.11687576	0.118291184	0.14880937	-0.15316671	-0.13726564	-0.065577954	0.087585755	-0.1399998	0.117465556	-0.07524105	-0.11918564	-0.06300346
-0.69264585	0.8900881	-0.7566907	-0.9080655	0.9619178	0.80388963	0.8906303	-0.8350069	-1.0133152	-0.8509378	0.9398451	-0.907661	0.88975304	-0.8507385	-0.8386329	-0.8969764
0.10207075	-0.042261664	0.08872857	0.01375696	-0.04689608	-0.05185491	-0.080709055	0.072837114	-0.003576551	0.067465596	-0.08717313	-0.0028477712	-0.009130481	0.046945434	0.12015754	0.0044955513
-0.67930514	0.67152953	-0.6709469	-0.7109142	0.791249	0.6697701	0.7173699	-0.7222585	-0.7541701	-0.7642792	0.79000765	-0.7519716	0.76330346	-0.76726896	-0.67192674	-0.74384344
-0.24741788	0.25726557	-0.23262928	-0.22794005	0.19117561	0.29109347	0.24154097	-0.26720864	-0.20440578	-0.26129705	0.24538976	-0.23980625	0.15095487	-0.21589679	-0.22320001	-0.19223797
-0.8868106	1.1127266	-1.0705978	-1.0349594	1.1568786	1.0160093	1.0472554	-1.004344	-1.220127	-1.0750167	1.113832	-1.1526215	1.0575467	-1.0279994	-1.0293071	-1.1221714
0.18695985	-0.34874007	0.1258921	0.35469756	-0.32134843	-0.2702716	-0.28775874	0.32250583	0.38606694	0.2959827	-0.321068	0.3519391	-0.3126448	0.26625317	0.24628846	0.37633386
-0.19402954	0.2644928	-0.18826577	-0.2953403	0.30743012	0.23821537	0.23409145	-0.2085718	-0.30793232	-0.21558172	0.21904373	-0.30733305	0.25204954	-0.20006903	-0.23137817	-0.21982709
-0.7345927	0.8321723	-0.7758434	-0.8116085	0.9071774	0.80523473	0.8605948	-0.7788082	-0.95379806	-0.7765521	0.83978635	-0.8829382	0.86032784	-0.79219705	-0.7451635	-0.85731995
-0.1716899	0.22774832	-0.25555477	-0.27020934	0.28457218	0.23851332	0.21237995	-0.1566045	-0.22166751	-0.27452987	0.2758748	-0.24322458	0.26922518	-0.17686193	-0.1916998	-0.2869432
0.28368858	-0.40110457	0.33677655	0.38916823	-0.48252708	-0.30967584	-0.41327378	0.30437154	0.43010235	0.34785074	-0.4345516	0.39402708	-0.40016395	0.41241002	0.37698495	0.4616006
-0.27491143	0.40335464	-0.28399298	-0.42563343	0.5112953	0.36229762	0.4121354	-0.36204967	-0.43836504	-0.4311457	0.43848264	-0.47516474	0.43195012	-0.4168929	-0.39184266	-0.4881667
-0.13961677	0.088583805	-0.13667782	-0.08074815	0.09416845	0.07219793	0.109041795	-0.1192493	-0.054270964	-0.09647081	0.010880284	-0.022969812	0.048673782	-0.071980156	-0.12788306	-0.030856011
0.4331484	-0.52288276	0.46630356	0.52903455	-0.6255226	-0.48874122	-0.58718514	0.5611031	0.66704273	0.58438784	-0.56964767	0.589889	-0.52769643	0.565404	0.55531675	0.5788574
0.53666055	-0.59964436	0.57158005	0.5701317	-0.6793518	-0.5696685	-0.5783156	0.5461142	0.6279318	0.62248164	-0.6004591	0.6715277	-0.56917554	0.6323947	0.54741895	0.6980227
-0.27374482	0.26085973	-0.33190393	-0.2462883	0.28666568	0.2294676	0.32815862	-0.2687837	-0.26929167	-0.24482821	0.2786605	-0.2893243	0.3034391	-0.29028434	-0.31889006	-0.32309672
0.3570737	-0.36974084	0.3399191	0.35901025	-0.32505867	-0.34330177	-0.29432565	0.3235484	0.34510338	0.37414414	-0.3835164	0.3182653	-0.3597455	0.31577885	0.31121323	0.37086284
-0.4704622	0.5444609	-0.42349577	-0.54199487	0.5759358	0.49466243	0.542249	-0.5502991	-0.57334495	-0.4792118	0.52743924	-0.5151578	0.5261548	-0.46994478	-0.53052634	-0.5699968
-0.4683081	0.40058017	-0.4896917	-0.45176744	0.43905753	0.46141845	0.40341967	-0.44755533	-0.48235288	-0.45054004	0.42460808	-0.4711847	0.37706736	-0.491399	-0.41945526	-0.42604697
-0.21934386	0.3543364	-0.25656584	-0.3816356	0.4403319	0.33273003	0.41787913	-0.2978166	-0.42122814	-0.3805922	0.3991641	-0.42102072	0.40137097	-0.29287612	-0.3287743	-0.3653542
1.5803435	-1.7413827	1.6293916	1.7419986	-1.7836739	-1.668892	-1.7213676	1.7141467	1.9684129	1.7269424	-1.8034676	1.7743783	-1.6942904	1.6824309	1.63585	1.8233428
-0.11910409	0.23962253	-0.15314946	-0.23286022	0.2389292	0.23175718	0.20262958	-0.27403978	-0.27525407	-0.24513635	0.23968734	-0.28789967	0.25688457	-0.18402036	-0.25983647	-0.20567244
0.38169166	-0.44058755	0.36768934	0.4696755	-0.4809143	-0.4690279	-0.4290113	0.45544624	0.4987192	0.44019172	-0.5244444	0.5022235	-0.5066348	0.48398522	0.39796874	0.5205332
-0.34500015	0.28319	-0.27914083	-0.25188732	0.28662714	0.24732293	0.3203696	-0.30282414	-0.2267158	-0.24253127	0.24346891	-0.3221754	0.29801536	-0.24687713	-0.25166196	-0.33735028
0.04268826	0.046016905	0.042745635	-0.019328497	0.028901359	0.004984129	0.046803325	0.015950195	0.029553039	-0.05721639	-0.027180983	0.004172972	0.03874028	-0.021659143	-0.051749494	-0.057543233
0.29939154	-0.31299454	0.20646411	0.2754624	-0.30178472	-0.30329353	-0.264614	0.23010972	0.3230078	0.33605197	-0.2885177	0.31060344	-0.26546574	0.2987375	0.27906087	0.35266787
1.3835715	-1.4403076	1.419474	1.4980912	-1.5393329	-1.4371129	-1.4798331	1.3963255	1.576578	1.4765414	-1.5068238	1.5186089	-1.4417073	1.4778926	1.3916271	1.5649693
0.9931467	-1.0819322	1.0706915	1.0507505	-1.1960803	-1.0648786	-1.0968297	1.0084169	1.1999128	1.0756364	-1.1233201	1.1490394	-1.0810297	1.0582467	1.037112	1.1843518
-0.08040403	0.019056654	-0.082230836	0.022450633	-0.029101647	0.0010824668	0.03842094	-0.07228131	-0.018083673	0.012629489	-0.04229787	0.0023517085	0.031753693	0.013878885	-0.010593204	-0.004590755
-1.8621744	2.0407712	-1.9841007	-2.0386388	2.1689277	1.9307553	2.0135994	-1.9954045	-2.2489874	-2.055713	2.0408916	-2.0571363	1.9865113	-2.0153348	-1.9867524	-2.0924778
0.10856626	-0.074704185	0.12861392	0.13407022	-0.09116699	-0.10730286	-0.082457975	0.08391108	0.104146674	0.11075813	-0.045705367	0.029617192	-0.10753087	0.123427786	0.03378579	0.12868315
-0.3869874	0.54531825	-0.43167803	-0.52753514	0.52764875	0.49538594	0.545082	-0.53003854	-0.5986378	-0.5236659	0.5485317	-0.57033354	0.5118457	-0.4741121	-0.44702408	-0.58747196
-0.11510002	0.24128653	-0.11821891	-0.2141213	0.2828979	0.15664731	0.24533021	-0.2610086	-0.28823444	-0.18805559	0.24690633	-0.20100357	0.19604874	-0.1664406	-0.21586071	-0.27229285
0.4049435	-0.40532967	0.3083115	0.43725613	-0.4481469	-0.3880503	-0.3937339	0.36377597	0.4709537	0.4496643	-0.3957533	0.42541757	-0.3839703	0.37327713	0.3517597	0.4784522
0.20013168	-0.2577254	0.1988127	0.28164825	-0.35523698	-0.26435295	-0.24295105	0.17953828	0.2795101	0.252053	-0.2631746	0.3116709	-0.29710087	0.22092578	0.21743476	0.30568776
0.47480026	-0.5694442	0.48072514	0.48968944	-0.53684926	-0.5234158	-0.58438724	0.44205785	0.6109805	0.56292963	-0.5378781	0.58925635	-0.52116203	0.47039944	0.48360187	0.5729624
-0.13562825	0.21783383	-0.14357117	-0.21105479	0.22947955	0.12354802	0.15982792	-0.18656106	-0.21796143	-0.19537592	0.15659468	-0.14893718	0.15338673	-0.15292457	-0.13820644	-0.17948209
-0.2525438	0.40140852	-0.38011393	-0.34196904	0.42491826	0.3001183	0.335253	-0.28675786	-0.44132975	-0.3219997	0.35376528	-0.37344775	0.37122786	-0.32098144	-0.311078	-0.36175132
0.019726155	-0.037801266	-0.04442894	-0.042552505	0.05404939	0.0056032967	0.014649425	0.0062915096	0.039989468	-0.040206917	0.019008588	-0.002059426	0.005590552	-0.040103137	-0.007791741	0.03985173
-0.53152514	0.57676095	-0.57805455	-0.6499574	0.6588365	0.535501	0.5645685	-0.5595606	-0.6176122	-0.6053696	0.57495946	-0.63238734	0.62028354	-0.59527564	-0.5322568	-0.67754495
-0.58849853	0.5067438	-0.6520843	-0.54627764	0.46679288	0.5826338	0.50614846	-0.55626917	-0.51750755	-0.5033959	0.49756944	-0.5065045	0.5086285	-0.5859311	-0.5786561	-0.518169
0.58880156	-0.7479198	0.6270908	0.7117726	-0.7086154	-0.6010608	-0.7051482	0.66724735	0.78630745	0.6542747	-0.7489136	0.6851015	-0.75322306	0.7009143	0.6794846	0.7143691
0.23835482	-0.19611685	0.257242	0.18310049	-0.18060078	-0.21235977	-0.25917348	0.19961129	0.1937799	0.2016388	-0.18981501	0.25999597	-0.21831518	0.232655	0.16986594	0.266095
0.20838477	-0.18203072	0.26212186	0.2510876	-0.23366709	-0.1830862	-0.19950339	0.2387779	0.17992555	0.16739224	-0.23494773	0.18913916	-0.23084964	0.18347329	0.20348647	0.19612011
-0.15417312	0.13603024	-0.18652163	-0.168086	0.11778512	0.10580523	0.12019407	-0.15544698	-0.16475561	-0.18467587	0.20175786	-0.12056589	0.18035787	-0.19403754	-0.15239264	-0.1555948
-0.36747286	0.60071445	-0.47974607	-0.56365174	0.61668104	0.4784939	0.51465607	-0.450747	-0.6359289	-0.5002132	0.5894213	-0.5749317	0.57076997	-0.4736957	-0.47168568	-0.5769971
-0.5082361	0.5965743	-0.5346314	-0.5856694	0.59247094	0.521868	0.5677485	-0.53853023	-0.6885087	-0.590743	0.58642304	-0.6554969	0.66348565	-0.6103739	-0.53276235	-0.6347317
-0.036674865	-0.061447185	-0.039591234	0.14564484	-0.18227656	-0.042297173	-0.11784735	0.012192476	0.10712556	0.10233255	-0.17398822	0.1289004	-0.12861	0.10841534	0.06271632	0.13263212
0.3312513	-0.244356	0.25077432	0.19222368	-0.21030791	-0.23738752	-0.28000847	0.20193754	0.25910005	0.19595885	-0.18366574	0.25175306	-0.21751685	0.28325394	0.24841544	0.23867927
-0.092406414	0.18442172	-0.118161865	-0.1370358	0.11469502	0.12255427	0.18909656	-0.20502648	-0.09470786	-0.16865711	0.124356434	-0.17019367	0.10155746	-0.13907367	-0.1747443	-0.16284923
-0.16176258	0.2922372	-0.18121155	-0.27592343	0.19508988	0.23910463	0.16012219	-0.20478515	-0.27641052	-0.2303811	0.24340825	-0.19483015	0.19395982	-0.16313274	-0.24768686	-0.22314547
0.15524855	-0.2540584	0.1582793	0.20149936	-0.28764784	-0.18997034	-0.20600158	0.14652184	0.27608663	0.24372554	-0.22694196	0.2592189	-0.21193208	0.21494836	0.15836598	0.2422881
0.40452367	-0.4939666	0.39877293	0.43777275	-0.48406237	-0.39295375	-0.45027918	0.4382362	0.42645615	0.4785449	-0.41064355	0.44503787	-0.39165527	0.4013451	0.43513617	0.43953943
-0.13508706	0.12741159	-0.1694515	-0.16730791	0.10195535	0.102255255	0.104408376	-0.18935591	-0.19997929	-0.17352732	0.1670483	-0.1546661	0.13457051	-0.1270535	-0.11361948	-0.15845199
0.7045279	-0.6477278	0.6563909	0.59647006	-0.66416866	-0.65728784	-0.66532475	0.6379559	0.656764	0.59610814	-0.59950787	0.6550914	-0.6515848	0.64114016	0.64814276	0.6919951
1.1647694	-1.2951807	1.2234335	1.3409845	-1.3762573	-1.2569946	-1.3230637	1.3098937	1.5289736	1.3030176	-1.3123286	1.3460306	-1.3116826	1.2883298	1.2154309	1.3962127
-0.46483833	0.6255096	-0.50070333	-0.63785416	0.6520535	0.53658885	0.5912552	-0.5619436	-0.6423713	-0.62837595	0.67264163	-0.6354069	0.6482488	-0.5782488	-0.56785655	-0.66518235
0.016223324	-0.054113057	0.0037787529	-0.051265974	0.008601356	0.014791297	-0.033639397	0.023646273	0.003655526	0.022982458	-0.0173945	-0.025641702	-0.042921055	-0.037050396	-0.0028684034	0.024115426
-0.25458542	0.26028973	-0.26193818	-0.17197447	0.18610097	0.17302798	0.17838232	-0.2999776	-0.25244722	-0.23399408	0.13965061	-0.17687747	0.21156606	-0.2287352	-0.22305495	-0.20102017
-0.63172907	0.6934651	-0.5628201	-0.6345248	0.722317	0.6284434	0.6259127	-0.6350112	-0.7030533	-0.6671391	0.6462606	-0.71876544	0.6492444	-0.6250093	-0.60313016	-0.71337676
-0.15181978	0.06558297	-0.057176776	-0.06428245	0.08598496	0.1498145	0.07697043	-0.08973631	-0.09533615	-0.08935931	0.16045445	-0.08508752	0.10988969	-0.11217764	-0.15903598	-0.15703939
0.5503543	-0.5509356	0.59354764	0.47456077	-0.44823664	-0.5438494	-0.50348586	0.5334852	0.502294	0.52382165	-0.44948775	0.513916	-0.47152707	0.45567107	0.4838695	0.5548448
-0.3365855	0.49124068	-0.4291633	-0.44877428	0.4638841	0.44866166	0.49245092	-0.3832739	-0.5216185	-0.5043234	0.47442183	-0.48108333	0.4274056	-0.48280632	-0.41921714	-0.48330688
0.10932693	0.01885412	0.03333885	0.026589261	0.026408313	-0.056450866	-0.052305214	0.03884301	0.015270691	0.056529783	-0.035635803	0.015497804	0.029476782	0.036821254	0.074026644	-0.00064965617
0.26740357	-0.40824836	0.25853392	0.34590703	-0.45764986	-0.301411	-0.3917442	0.35895684	0.40683624	0.35568005	-0.35954198	0.38170186	-0.3320121	0.30195203	0.33204955	0.45175055
0.23096074	-0.27690595	0.21214244	0.2192735	-0.24983986	-0.28223446	-0.29937026	0.25098607	0.29464456	0.29252985	-0.2796898	0.22471666	-0.2613748	0.26962864	0.27956337	0.29945305
0.1865281	-0.2201415	0.11025278	0.21366921	-0.18828546	-0.16784795	-0.2301446	0.19086152	0.26882243	0.18396868	-0.17982285	0.17792735	-0.18447067	0.15357098	0.16672775	0.23667246
1.451406	-1.5890787	1.5646375	1.5672233	-1.5739259	-1.4994849	-1.5720755	1.482258	1.6587127	1.5598556	-1.5582501	1.5977696	-1.5346569	1.5521724	1.4712186	1.6621348
0.540113	-0.67872137	0.54265916	0.65776396	-0.7566243	-0.565035	-0.6451455	0.623296	0.7178913	0.6267062	-0.72146994	0.7074401	-0.69252527	0.64250016	0.6637572	0.70718277
0.30950734	-0.31117883	0.2595337	0.27093178	-0.2614337	-0.30375266	-0.34248614	0.24258323	0.27150282	0.3182687	-0.33026582	0.2946546	-0.32094622	0.30240062	0.29776695	0.33253345
0.6800319	-0.8306149	0.6810517	0.778393	-0.8230701	-0.70469105	-0.747363	0.6804929	0.87575936	0.7854375	-0.77727115	0.8174747	-0.8302668	0.7642221	0.70422184	0.8800332
-0.006225488	0.09789876	-0.093763344	-0.11341969	0.19172136	0.0852411	0.1890154	-0.109821565	-0.21766745	-0.12343823	0.21070428	-0.12325696	0.16048373	-0.07605234	-0.13259336	-0.1664021
-0.19151664	0.29434723	-0.26900113	-0.30121788	0.3188157	0.22256327	0.25539896	-0.23582107	-0.29591697	-0.2336554	0.28328586	-0.30993193	0.2808091	-0.2830573	-0.25127226	-0.2593497
-0.14033133	0.20525308	-0.20597328	-0.19278844	0.23164342	0.17725144	0.27131602	-0.20008682	-0.24136727	-0.25479373	0.20512746	-0.28889054	0.25313997	-0.2431275	-0.16555192	-0.29489666
-0.03888976	-0.120230235	-0.05865143	0.048205167	-0.13813268	0.0071235877	-0.030169507	-0.025318043	0.07447787	0.035081685	-0.046469722	0.10457194	-0.048617795	0.060614493	0.05692448	0.06633213
-0.28255376	0.28788427	-0.33606073	-0.32616088	0.37419075	0.34518397	0.3447941	-0.26687163	-0.34552044	-0.33198717	0.3690012	-0.33817592	0.27524203	-0.3551968	-0.36174375	-0.29019058
0.5100262	-0.49798876	0.5320596	0.50525934	-0.48860234	-0.5400537	-0.5057245	0.5616777	0.57193017	0.51907027	-0.548091	0.50363153	-0.5526995	0.46904773	0.5362344	0.5154134
0.8914062	-0.9487629	0.87064916	0.99628043	-1.0250914	-0.92743975	-0.95632005	0.9050851	1.0778393	0.95505	-1.0020444	1.0292697	-0.98502177	0.90170944	0.9042839	1.0027517
0.35455832	-0.43894175	0.40566236	0.37033096	-0.45210177	-0.35655618	-0.3776032	0.3855093	0.43270522	0.42635918	-0.46819034	0.39826852	-0.3757134	0.40810883	0.32017648	0.45383215
-0.23278353	0.2923861	-0.20354284	-0.2588804	0.24046099	0.23090874	0.2732659	-0.22166198	-0.27211434	-0.28512785	0.2179222	-0.27092978	0.2569198	-0.238728	-0.25238293	-0.2516543
-0.42674378	0.44772825	-0.46483934	-0.3797927	0.39973912	0.47259814	0.40583318	-0.51375526	-0.43020868	-0.41299593	0.42949745	-0.4195469	0.37584054	-0.42442018	-0.37110022	-0.41491452
0.16203435	-0.23731385	0.12886384	0.28214976	-0.2723437	-0.12140359	-0.17222746	0.14697886	0.26125523	0.25694263	-0.26877162	0.23319136	-0.21009968	0.21276873	0.20181327	0.2791257
-0.19497289	0.16862924	-0.14469604	-0.19944434	0.24087988	0.17032583	0.18419082	-0.14509383	-0.20458221	-0.19139662	0.24291004	-0.21355344	0.19530539	-0.19930571	-0.14160682	-0.18399473
0.29282525	-0.18062621	0.2721278	0.21949247	-0.21621491	-0.2805661	-0.24006332	0.2734568	0.19464217	0.2690063	-0.21896698	0.22161478	-0.17847215	0.23504372	0.2100281	0.20355853
0.21450533	-0.2121157	0.22792281	0.26183292	-0.29301435	-0.26466691	-0.21863128	0.20117989	0.2752864	0.24730891	-0.26166552	0.23006435	-0.2790869	0.20768978	0.26933783	0.27491498
0.4623995	-0.50325304	0.41048133	0.56455445	-0.534873	-0.5148591	-0.5258123	0.51756024	0.6216393	0.572212	-0.56922907	0.5109702	-0.49587345	0.4854561	0.5133026	0.6103852
0.2517283	-0.12265958	0.24354228	0.1477705	-0.14313543	-0.21390808	-0.20737347	0.19059166	0.16770305	0.13103081	-0.14768238	0.16702041	-0.097638175	0.1999249	0.17439987	0.14134462
0.21101885	-0.15605246	0.20405625	0.13506317	-0.22680467	-0.18836372	-0.14382811	0.22500744	0.156887	0.13333493	-0.1317925	0.13426313	-0.17687415	0.20746465	0.13983412	0.22624807
0.08290347	-0.12046953	0.055047557	0.07806223	-0.14884694	-0.024050279	-0.09716147	0.07232033	0.077213965	0.03433115	-0.034129687	0.068037234	-0.1283786	0.045766138	0.09467644	0.07911863
0.20436688	-0.302432	0.1879022	0.39537832	-0.41756213	-0.3346078	-0.28728023	0.25730184	0.34045434	0.3836298	-0.30386573	0.35149974	-0.2953308	0.2802889	0.33940226	0.32936412
-0.19167809	0.32503593	-0.15197165	-0.31186572	0.27749184	0.23451687	0.29779285	-0.28437114	-0.35841963	-0.26083168	0.2831808	-0.2726713	0.32594433	-0.23637033	-0.23207189	-0.29929924
0.2910064	-0.27742293	0.3135079	0.32256997	-0.29663146	-0.26107928	-0.34907636	0.23001416	0.3330872	0.29267862	-0.31021693	0.33373865	-0.3161243	0.25317407	0.24144664	0.29072824
0.45840934	-0.5100519	0.45804548	0.4992498	-0.5073167	-0.5152982	-0.5136812	0.4721493	0.5649822	0.47167063	-0.54056996	0.58206594	-0.46238953	0.4600079	0.48185727	0.49443755
-0.37771502	0.55504155	-0.3854706	-0.54192686	0.59038806	0.4938949	0.52653104	-0.50097597	-0.63103336	-0.5514366	0.57845086	-0.56314594	0.5284857	-0.5290411	-0.4735768	-0.5963773
-0.07571166	-0.053427037	-0.14276288	-0.027075998	-0.058033366	0.064670436	0.047012903	-0.08326923	-0.03266808	0.014292676	-0.037239894	-0.0399789	-0.01716785	-0.03975239	-0.018473973	0.035345767
0.32325143	-0.2201001	0.3844306	0.25355908	-0.21547535	-0.25704193	-0.24361256	0.3390218	0.24280731	0.30718905	-0.24981478	0.26333746	-0.30196142	0.2821767	0.31866652	0.2640332
1.6032681	-1.6920419	1.7139672	1.649287	-1.76416	-1.6447579	-1.6922265	1.6854984	1.8709574	1.7331234	-1.695055	1.7822821	-1.6772522	1.5968944	1.6203278	1.7400856
0.07373424	0.012578974	0.079465814	-0.042327173	0.027166637	-0.090392694	-0.06489169	0.09821623	-0.044767372	0.0048031653	0.0074827913	-0.047141142	0.032810654	0.0854629	0.07086064	0.055538308
0.016792446	-0.08554448	0.0626529	0.13068512	-0.09184186	-0.004506563	-0.100938596	0.07161166	0.11434528	0.12406443	-0.13544738	0.16643108	-0.08627441	0.0743305	0.03976145	0.09193126
-0.7385578	0.82585466	-0.70479625	-0.8103609	0.81574714	0.75786316	0.7883141	-0.71974486	-0.9134129	-0.8237499	0.8435093	-0.8595247	0.82450706	-0.7159454	-0.7171727	-0.9021998
0.051984385	0.031820484	-0.040627904	-0.023730835	0.05834476	0.0027940655	-0.014654801	0.006640301	-0.07727086	-0.05646941	0.072597	-0.043139774	0.04460447	0.033578366	0.0036264139	-0.026823413
0.094540216	0.1059129	0.1096879	-0.04992847	0.06723144	-0.042434342	0.06660305	0.045343056	-0.10456684	0.0009354028	0.06316873	-0.08061973	0.07554678	-0.048757855	-0.018706733	-0.04345133
0.14787905	-0.21530838	0.14516726	0.12345238	-0.15754956	-0.20406863	-0.17604426	0.11787464	0.14344147	0.16467756	-0.15405087	0.1719339	-0.20158161	0.17228283	0.1727499	0.2046955
0.15971449	-0.16844456	0.13730688	0.16431001	-0.09256974	-0.1767449	-0.1474823	0.09183398	0.120953314	0.18190709	-0.16986692	0.1452716	-0.12626041	0.15870269	0.101337455	0.11609939
0.18185434	-0.11536012	0.19679937	0.13194647	-0.114992075	-0.12722714	-0.13951685	0.13218535	0.18124495	0.18401399	-0.16801512	0.09988976	-0.0983582	0.12412949	0.20592953	0.19192737
0.4949747	-0.3815003	0.48839402	0.41015512	-0.37125152	-0.4651317	-0.41920078	0.44052723	0.4556383	0.38210282	-0.36776602	0.37518254	-0.32352054	0.4580524	0.3758076	0.45836064
0.017337423	0.11901729	0.113583505	-0.09388845	0.18730989	0.05068852	0.14209715	-0.031112619	-0.13211764	-0.07138913	0.17305274	-0.12655017	0.075332575	-0.114231884	-0.08994435	-0.10486452
0.12248871	-0.24900755	0.17563133	0.26335934	-0.2060291	-0.15330163	-0.21745564	0.15940756	0.2855086	0.22233991	-0.2600073	0.28821632	-0.17175342	0.14122954	0.16751342	0.25379497
-0.43923804	0.53090173	-0.53246427	-0.5521928	0.5836717	0.4921305	0.47610724	-0.44482106	-0.56212306	-0.5319398	0.5074974	-0.5137588	0.56486225	-0.54394716	-0.45220035	-0.564116
-0.45810267	0.6053459	-0.45547974	-0.53029597	0.55731326	0.48003578	0.5320097	-0.5563265	-0.6059972	-0.5274599	0.6116945	-0.5964259	0.6033765	-0.5292377	-0.4832032	-0.6332345
0.22317642	-0.20592183	0.15029667	0.13945693	-0.1918128	-0.21305281	-0.15831724	0.17320411	0.18072797	0.17363472	-0.14844252	0.20092493	-0.13487257	0.16380563	0.18977645	0.16167827
0.340465	-0.4107934	0.33179376	0.39385217	-0.38831595	-0.39483607	-0.38675526	0.3554813	0.38972497	0.3241382	-0.43320158	0.37774596	-0.35905954	0.35396522	0.3082446	0.3497602
0.12006416	-0.16095206	0.15411611	0.21259677	-0.19394423	-0.16696586	-0.15147012	0.12812656	0.21207224	0.16785374	-0.14623249	0.15143858	-0.203961	0.19171733	0.14415866	0.17830981
-0.19915068	0.08243688	-0.12798996	-0.064296044	0.054209583	0.08635813	0.09857308	-0.12320959	-0.032697033	-0.06878451	0.029190958	-0.0385285	0.07597452	-0.048717782	-0.101337604	-0.019079223
-0.16862233	0.12051353	-0.18113522	-0.14098796	0.08680829	0.16203363	0.09693346	-0.16379172	-0.06445395	-0.07152765	0.019034429	-0.08289601	0.11836443	-0.15665747	-0.16242804	-0.06785264
-0.050433982	0.07840455	-0.082845345	-0.07448509	0.031404007	0.10082514	0.0029182977	-0.0480355	-0.09264188	-0.095742635	0.0293816	-0.007145238	0.08005878	-0.026266715	-0.009502488	-0.08403233
0.7129554	-0.8317592	0.75316215	0.8197747	-0.9143211	-0.7596895	-0.8629331	0.77940494	0.97990805	0.8454314	-0.8784329	0.84111136	-0.8486825	0.787296	0.8168464	0.8665603
-0.14415894	0.1000293	-0.106637076	-0.05668869	0.09348025	0.050771177	0.06730514	-0.015174378	-0.016223649	-0.116418935	0.035465397	-0.025415711	0.027454449	-0.05391833	-0.07883243	-0.041312616
0.025920784	-0.14868192	-0.03316851	0.09984255	-0.13775782	-0.05748685	-0.14758612	0.05004693	0.19286059	0.08389482	-0.18132286	0.11949889	-0.12529969	0.065560415	0.049740072	0.12682672
0.37096956	-0.22746816	0.37481833	0.25753018	-0.1783096	-0.31657997	-0.26411572	0.28356293	0.2423549	0.27436757	-0.23287565	0.18839508	-0.24707985	0.2584285	0.29688612	0.2544287
0.094270274	-0.08491089	0.102203704	0.04388602	-0.07089472	-0.116913356	-0.070163764	0.03019781	0.110352404	0.0698028	-0.040915295	0.0792227	-0.014905257	0.049671285	0.10174339	0.029617216
-0.35928342	0.3540039	-0.40251622	-0.43644154	0.36358976	0.37423956	0.41288677	-0.40766168	-0.3828024	-0.37259775	0.4166287	-0.395264	0.37133083	-0.39130294	-0.4019827	-0.4334073
0.22496682	-0.17338428	0.2730828	0.19931617	-0.19215375	-0.26949137	-0.20465772	0.26837355	0.1730715	0.17460467	-0.21338205	0.16894414	-0.20852455	0.22502384	0.23651183	0.19230966
-0.084591694	0.16793744	-0.09798123	-0.18316813	0.14673564	0.07986266	0.09965527	-0.09385631	-0.15280837	-0.13229348	0.12838131	-0.18728894	0.14143884	-0.14147304	-0.13642408	-0.10275106
0.20509344	-0.10676895	0.10156498	0.045793846	-0.048180804	-0.116094716	-0.022733266	0.06570745	0.045451112	0.09867774	-0.0013322746	0.03528022	-0.084669776	0.04577036	0.12828559	0.073522784
-0.27696514	0.32600123	-0.3157107	-0.3380582	0.35842434	0.25254562	0.31320956	-0.22813173	-0.33267075	-0.2562047	0.34287518	-0.2682437	0.28180555	-0.25205696	-0.27528647	-0.35687256
0.033048645	-0.09002974	0.010935962	0.06044078	-0.07215063	0.0055364696	-0.064012274	0.010333242	0.08407613	0.02232369	-0.036706034	0.112030484	-0.040630415	0.032288045	0.022596357	0.088247776
0.058524206	-0.09530794	0.12509465	0.090311244	-0.12597337	-0.054102216	-0.16408288	0.05774052	0.17496866	0.053770475	-0.075206354	0.09401439	-0.1339933	0.08647002	0.04606541	0.16101646
0.049719974	-0.0305865	0.09061898	-0.0021419337	-0.044753887	-0.005450882	-0.049342968	-0.046434738	0.063152954	0.024066534	-0.03816958	-0.01654202	-0.04588386	0.026068123	0.025325224	-0.011851208
0.1916168	-0.275758	0.25725144	0.2692823	-0.30438325	-0.22157227	-0.26988447	0.20310147	0.36994013	0.3068741	-0.29278633	0.2868831	-0.32494515	0.29308853	0.20476452	0.27984095
0.056166053	-0.0030598403	0.066149	0.017221076	-0.06536409	-0.0716283	-0.09634892	0.045863997	0.02946102	0.019034797	-0.020662306	0.08542663	-0.082182705	0.051757477	0.06400313	0.09646957
0.24366654	-0.31246758	0.28584942	0.29362258	-0.3368914	-0.30073097	-0.2959345	0.2965147	0.28204116	0.28754285	-0.26815525	0.25772047	-0.2506044	0.26645368	0.28389835	0.33036166
0.19550073	-0.14896274	0.20626923	0.11092295	-0.15071508	-0.181805	-0.09274859	0.10570824	0.13282394	0.1330787	-0.07815152	0.15740296	-0.1511779	0.09747303	0.1832567	0.094766
0.37552506	-0.4689774	0.46049628	0.46604815	-0.49163368	-0.37804875	-0.41180232	0.3974299	0.4831016	0.44338688	-0.43976548	0.4214387	-0.45251712	0.43764302	0.42881143	0.47732243
0.6319287	-0.6790082	0.5985835	0.72802514	-0.7772495	-0.70665205	-0.7512642	0.6281731	0.83856344	0.6872221	-0.7718806	0.73719263	-0.7057031	0.66263884	0.6571565	0.7946514
-0.49018955	0.55730164	-0.5245272	-0.6136818	0.55497277	0.5742148	0.5894205	-0.52226275	-0.64738566	-0.59365046	0.5920572	-0.5636953	0.5492955	-0.55372983	-0.5579091	-0.6034931
0.11361863	-0.016935872	0.06653205	0.0055090236	-0.03132153	-0.0754163	-0.004377104	0.02941654	-0.02831491	-0.013575806	-0.00840362	-0.0628182	-0.015217069	0.033560675	0.06577484	-0.019329974
0.30125952	-0.29204333	0.32660863	0.2706877	-0.2681416	-0.28281894	-0.31508127	0.31236118	0.31330407	0.29788613	-0.27692702	0.31224912	-0.28462964	0.30002064	0.31878304	0.29978126
0.30636775	-0.39902556	0.30606836	0.36656752	-0.40743414	-0.36860585	-0.32495597	0.37678626	0.4409057	0.3108003	-0.39999583	0.36678463	-0.41798496	0.38463682	0.32399118	0.42100805
0.5076117	-0.67113465	0.58577824	0.65484595	-0.6924439	-0.59025496	-0.66642183	0.6172947	0.72006255	0.5781162	-0.6161942	0.66366845	-0.6127961	0.61139864	0.5486086	0.6811495
0.5710512	-0.59147805	0.52488756	0.5708709	-0.59311515	-0.56342685	-0.6145412	0.54265994	0.6139551	0.6139285	-0.57149357	0.5680431	-0.5891383	0.5894538	0.587547	0.6663724
0.44075683	-0.5223211	0.45098644	0.5184379	-0.59849316	-0.5061842	-0.55600226	0.48484167	0.6162589	0.55219805	-0.6157782	0.6132593	-0.53646094	0.5498127	0.5381232	0.6281064
0.014316565	0.122196876	-0.011460627	-0.13193634	0.122064814	0.06970513	0.093220115	-0.06801603	-0.12811716	-0.11484702	0.07193028	-0.13643382	0.14131214	-0.04369406	-0.055565424	-0.13694897
-0.6466622	0.67856073	-0.6932266	-0.7045924	0.66376686	0.65390474	0.689204	-0.6252048	-0.6910832	-0.6693462	0.7039233	-0.6487957	0.6421386	-0.64146477	-0.6026493	-0.67869055
-0.4537876	0.5325467	-0.46248513	-0.58918077	0.5942934	0.504542	0.5089578	-0.55422854	-0.57341254	-0.55494535	0.53929526	-0.5602902	0.581595	-0.5093726	-0.5100403	-0.5892486
0.026648924	0.00318596	0.023155844	0.06504008	-0.08540469	-0.05257909	-0.017525267	0.036148764	0.070162	0.0006269724	-0.0155571755	0.08596932	-0.10060186	0.029136129	-0.0065643038	0.020901926
0.17259228	-0.17515506	0.19958161	0.13040715	-0.17671815	-0.12987855	-0.16481914	0.17198977	0.18221095	0.21722911	-0.13797775	0.2213547	-0.13013761	0.18968084	0.1747864	0.14294723
0.23646007	-0.3418124	0.32884663	0.32019135	-0.31791556	-0.24831574	-0.2883445	0.2883485	0.33742514	0.28517726	-0.3139749	0.29621238	-0.34780544	0.28249714	0.31684822	0.31115228
0.056327842	-0.06948951	0.017770408	0.02005135	-0.025879689	-0.045310967	-0.058104947	0.08275375	0.044855226	0.045465454	-0.06543167	0.046525154	-0.044098053	0.056950197	0.044659354	0.0685163
0.0062174415	-0.18654363	-0.07674596	0.081975594	-0.14419465	-0.115388766	-0.1133419	0.05409834	0.11302053	0.15583782	-0.19735773	0.10296394	-0.13790724	0.12915742	0.082752146	0.12567833
0.5461888	-0.4908857	0.5085486	0.4544011	-0.48384085	-0.4800067	-0.43873718	0.5229285	0.5497189	0.46953458	-0.4563477	0.52747005	-0.43880364	0.46199685	0.43916133	0.47755125
-0.46885464	0.3938079	-0.5480709	-0.4572213	0.42271504	0.41231364	0.40477303	-0.42874214	-0.4863858	-0.40264317	0.43889165	-0.4437477	0.405776	-0.3797942	-0.42945692	-0.45392612
0.7210906	-0.88750285	0.74226135	0.84872293	-0.87269706	-0.7843821	-0.87415415	0.8184344	0.8923184	0.87580895	-0.90130186	0.85676724	-0.82288396	0.85571647	0.81365293	0.92341363
-0.41379476	0.21156794	-0.39279	-0.30025876	0.25516	0.29041222	0.2566558	-0.28722343	-0.26077023	-0.26105785	0.24886732	-0.2049176	0.28459	-0.30230308	-0.2737589	-0.23265707
0.035612095	-0.07974669	0.018269792	0.035934456	-0.00062720187	-0.045672916	-0.03891152	-0.029091	0.036992513	-0.004483462	-0.030108811	0.03375579	-0.00090030907	0.0022259282	0.042830516	-0.015520139
-0.47866708	0.51536196	-0.5734728	-0.5155206	0.51929885	0.4602736	0.54709786	-0.5637058	-0.57480294	-0.5218462	0.5700621	-0.58419037	0.5229735	-0.49463886	-0.5315746	-0.5765132
-0.3271002	0.43990296	-0.3238175	-0.46755496	0.4487087	0.35219237	0.45425466	-0.39950246	-0.47023287	-0.38095063	0.47964978	-0.44466558	0.38119274	-0.4159512	-0.4062884	-0.45683667
-0.30691993	0.26682857	-0.26159793	-0.2765681	0.35561678	0.26640812	0.27500612	-0.3397635	-0.2997576	-0.28574702	0.35964054	-0.3125892	0.30705476	-0.34881288	-0.33364007	-0.2995871
-0.20354794	0.16489837	-0.21211252	-0.19267538	0.19656184	0.17979166	0.20611061	-0.16437036	-0.29261535	-0.25187397	0.2608321	-0.21162538	0.22673455	-0.22877029	-0.19704396	-0.23930058
1.0863581	-1.2097542	1.0573101	1.1650231	-1.2418569	-1.1088197	-1.1533408	1.0698594	1.2786584	1.1325916	-1.1768051	1.2112715	-1.1560776	1.1383629	1.1283422	1.193315
0.1354594	-0.11788517	0.22085583	0.1571092	-0.13297613	-0.17202221	-0.2016324	0.122888535	0.19247039	0.18469132	-0.17637286	0.13377191	-0.15601152	0.11272035	0.12251852	0.20000573
-0.030908728	0.009797285	-0.07740514	0.011259773	0.014373312	-0.008293108	0.05452296	-0.044390135	-0.029745793	-0.012920605	-0.0032957615	0.030187149	-0.0065724254	-0.06087181	-0.070296094	-0.010741858
0.14230868	-0.15500362	0.09462945	0.12969583	-0.14801939	-0.16590063	-0.18485145	0.11780919	0.22915986	0.19242604	-0.150425	0.15524186	-0.14563939	0.08799859	0.113187626	0.12568998
0.08928555	-0.026542148	0.07104956	0.0006968667	-0.036103595	-0.020870082	-0.040640876	0.084346324	0.097299546	0.041088242	-0.060284965	0.051221937	-0.06641907	0.10800514	0.02611851	0.09359476
0.24899347	-0.37382704	0.28226304	0.39462644	-0.36573955	-0.36146176	-0.30738208	0.27544084	0.43100533	0.33102542	-0.41974413	0.4058706	-0.34322336	0.2833558	0.28000316	0.37786734
-0.4157255	0.4143237	-0.47718194	-0.3959467	0.3537255	0.44226596	0.33502135	-0.39806384	-0.391151	-0.36702055	0.36149913	-0.350675	0.3477521	-0.41445324	-0.4159879	-0.44081166
-0.14601563	0.04773951	-0.0833706	-0.045296546	0.0727414	0.12246076	0.093345866	-0.12725952	-0.13623528	-0.12600532	0.062097475	-0.097852	0.12210258	-0.12225967	-0.078988634	-0.057709955
-0.4048544	0.48244572	-0.3795943	-0.47182518	0.5179498	0.46973675	0.50530684	-0.41493854	-0.55348486	-0.5138835	0.4948278	-0.4964894	0.507899	-0.42522633	-0.4141649	-0.5162414
0.6124587	-0.6442036	0.5764288	0.5811353	-0.63394743	-0.5877786	-0.61984926	0.6273279	0.67721653	0.63945323	-0.6326504	0.60105395	-0.61491835	0.58108836	0.58165985	0.6223599
1.4618353	-1.5875379	1.4738109	1.5396452	-1.6345986	-1.4733467	-1.5699676	1.5245622	1.7085615	1.5535827	-1.5981866	1.5766121	-1.5135622	1.5362977	1.5074372	1.6580528
0.30039594	-0.31054878	0.24491419	0.338673	-0.36363238	-0.2987516	-0.2980511	0.26325905	0.32064563	0.27507266	-0.2976474	0.30718967	-0.32281986	0.26445043	0.2648645	0.3336111
-0.25495145	0.33064592	-0.27497077	-0.3642905	0.3982892	0.31456926	0.33090994	-0.33638144	-0.38379574	-0.29818934	0.30701676	-0.36253464	0.3534715	-0.28197584	-0.33102027	-0.3491363
-0.023747873	0.055211794	-0.11870505	-0.07836965	0.056051824	0.083952785	0.028893627	-0.045985825	-0.012182633	-0.023610244	0.0022214209	-0.03245387	0.037844826	-0.057217598	-0.09353165	-0.030251058
0.47883752	-0.39223167	0.4441005	0.43654922	-0.3987329	-0.45873383	-0.37864873	0.4252257	0.41790622	0.41657844	-0.43244117	0.39970246	-0.43729937	0.44019458	0.44772574	0.4225899
0.1575806	-0.18087728	0.08639887	0.16904794	-0.16945702	-0.16843084	-0.17954268	0.09219244	0.17667408	0.16167241	-0.23014008	0.16489139	-0.20296782	0.21317959	0.18105508	0.2262427
0.19728376	-0.208685	0.27091983	0.26274964	-0.24731192	-0.24022174	-0.1964502	0.2305212	0.22246484	0.24294505	-0.27177766	0.25880155	-0.26032752	0.19505396	0.2026662	0.24342135
0.16981086	-0.2158771	0.15360364	0.18604498	-0.26274243	-0.14101908	-0.18344651	0.13303654	0.22050737	0.1612642	-0.20761251	0.22648126	-0.2573152	0.20117451	0.16586176	0.26286927
-0.41321334	0.5747027	-0.45057938	-0.5176106	0.61571294	0.46744138	0.4748488	-0.47347534	-0.5762599	-0.48799205	0.5441424	-0.523794	0.5684384	-0.4623363	-0.45701474	-0.5997233
0.16827041	-0.2960979	0.22490434	0.27450627	-0.31448388	-0.20040824	-0.24145253	0.26818758	0.30042455	0.2856779	-0.23570003	0.27662903	-0.2761577	0.20586781	0.22140935	0.29191825
-0.83303124	0.8548199	-0.7973878	-0.8368341	0.9539095	0.86452794	0.829187	-0.83600056	-0.92972827	-0.8321286	0.9016725	-0.8664829	0.8709452	-0.86987597	-0.78150266	-0.9241034
0.26392114	-0.3360847	0.29339695	0.37531585	-0.32123798	-0.3333764	-0.3315247	0.28096074	0.31683892	0.29146236	-0.33622867	0.3058322	-0.2962066	0.28946894	0.3524836	0.34551892
-0.33971015	0.3981364	-0.35648957	-0.32979202	0.33375108	0.34604788	0.31785455	-0.37873256	-0.35515636	-0.3975691	0.38563856	-0.3304338	0.3661	-0.3262844	-0.32317087	-0.3969742
0.0046492154	0.02004181	-0.058253907	0.027058167	-0.045512814	-0.01639919	-0.01987442	0.04166411	0.027026108	-0.0335771	-0.0027003086	0.0175846	0.039081436	0.010097715	-0.04579203	-0.02426012
0.2536173	-0.20230961	0.25594807	0.21847156	-0.16732424	-0.24289155	-0.18458413	0.22488753	0.18077177	0.21657375	-0.23566444	0.18437392	-0.17098309	0.19907142	0.20844212	0.21785796
-0.2446641	0.27101856	-0.21236624	-0.30826625	0.33759505	0.22356571	0.304717	-0.24035603	-0.31361315	-0.2827165	0.29758203	-0.25373778	0.23576057	-0.29490042	-0.2030434	-0.32571542
0.15197846	-0.101695426	0.12300009	0.10287451	-0.036720224	-0.029756475	-0.045877155	0.16834265	0.0034663838	0.050977178	0.0033704177	0.027507812	-0.0025093304	0.017980218	0.12305524	0.047673862
0.21916796	-0.14733906	0.1546175	0.08311393	-0.08117235	-0.19300246	-0.13551697	0.14920633	0.102304086	0.08162734	-0.08800287	0.12886909	-0.08128047	0.09061791	0.105501845	0.1284303
-0.6056811	0.7087515	-0.6815076	-0.7480212	0.7693071	0.6922359	0.73462844	-0.6394021	-0.8250082	-0.73854256	0.73528045	-0.7354348	0.704726	-0.64797044	-0.65028495	-0.7821333
-0.3558631	0.39843458	-0.41548985	-0.48129937	0.44467595	0.3301885	0.4115965	-0.33058172	-0.5049568	-0.43619058	0.38264397	-0.4174522	0.40807748	-0.43256238	-0.3561421	-0.39999488
1.4849482	-1.6246578	1.4838489	1.5602877	-1.7263796	-1.5093384	-1.5484979	1.5897968	1.7532822	1.6005743	-1.6294291	1.6888973	-1.5529445	1.516121	1.5116578	1.6728233
-0.017744211	0.03647087	-0.08185978	-0.10436013	0.019220604	0.07310042	0.032223217	-0.062311687	-0.066218704	-0.10608255	0.065489456	-0.061527524	0.06836755	-0.06880157	-0.07185369	-0.05054721
-0.03803384	0.11490677	0.016408611	-0.102255456	0.1324147	0.09997457	0.09818839	-0.030072277	-0.084630966	-0.041630786	0.13773726	-0.06806508	0.059215862	-0.049030274	-0.058231212	-0.060323976
-0.0810435	0.029987462	-0.04353586	-0.048793904	0.055849057	0.073349625	0.0061710114	0.0034482537	-0.01627385	0.025982708	-0.022530496	-0.046089076	0.013066042	0.015936768	0.0069424086	-0.00037228139
-0.011807773	-0.09065724	0.010257981	0.05052811	-0.022852937	-0.026069002	0.0066931304	-0.02188125	-0.011039576	0.024058394	-0.012433888	0.031580865	-0.044055596	0.030076997	0.02272345	0.044205174
-0.098660186	0.18263175	-0.17541187	-0.13682587	0.1266442	0.17234957	0.14757214	-0.10129825	-0.17679764	-0.13455635	0.12485407	-0.17063762	0.12993634	-0.15420572	-0.14908047	-0.13072047
-0.23308367	0.3188255	-0.31707045	-0.3312913	0.37909085	0.32753274	0.36255473	-0.35147387	-0.36928555	-0.34881854	0.36185926	-0.3228727	0.3879701	-0.32203382	-0.30179045	-0.37209967
0.52224106	-0.6013886	0.5012457	0.6665926	-0.65656096	-0.547584	-0.6605075	0.58109754	0.66547894	0.6439955	-0.693369	0.62460494	-0.6069614	0.5469084	0.5617361	0.6456341
-0.39975843	0.47856933	-0.4344056	-0.44092926	0.4943811	0.4470013	0.4989784	-0.4725055	-0.4934123	-0.4189937	0.44284165	-0.5113086	0.49026385	-0.4822136	-0.45189443	-0.45023274
-0.23084158	0.29873785	-0.2362004	-0.3162545	0.3205389	0.274966	0.23287982	-0.29135478	-0.2864762	-0.3154518	0.26182893	-0.25826862	0.25727463	-0.2524892	-0.28869173	-0.2868245
0.2371753	-0.36849242	0.30314368	0.37554288	-0.352574	-0.29552245	-0.36784402	0.30679074	0.33577406	0.32720822	-0.31260026	0.3654989	-0.3385563	0.27627006	0.30458963	0.30392435
0.3069556	-0.42586717	0.35586023	0.44321445	-0.45360154	-0.35355976	-0.35406986	0.41409332	0.5108016	0.35374138	-0.42131087	0.44580495	-0.42582402	0.42090142	0.3294083	0.44365814
-0.07005409	0.052963044	-0.04796855	-0.06085702	0.07488575	0.095583	0.057373594	-0.10224371	-0.12679406	-0.13587986	0.11050818	-0.15479997	0.17566983	-0.12559995	-0.10183115	-0.11384731
-0.07386584	0.028482752	-0.06926112	-0.051085103	0.07782221	0.03654537	0.04448426	-0.05111856	-0.028268145	-0.020554034	0.03950445	-0.020390159	0.05922274	-0.048504	-0.08621749	-0.094651066
1.422507	-1.5974405	1.5476778	1.606305	-1.6141727	-1.5440329	-1.5559824	1.5044346	1.7584885	1.531312	-1.596143	1.6152277	-1.5998209	1.547864	1.4609566	1.6552212
0.15439625	-0.28910956	0.18835959	0.25781947	-0.29408622	-0.29108807	-0.30491245	0.21278511	0.29386604	0.2621108	-0.23810925	0.2747516	-0.31726268	0.28604192	0.25381008	0.30959576
-1.0160565	1.2105839	-1.0847435	-1.1668525	1.2496094	1.133961	1.0889133	-1.1661572	-1.3062576	-1.1506995	1.1409347	-1.1917325	1.1830628	-1.075128	-1.0413277	-1.2208773
0.11506787	-0.15168728	0.09285811	0.09286619	-0.050230213	-0.13243118	-0.10445828	0.09180075	0.12198321	0.04403878	-0.07359219	0.11470332	-0.068444885	0.12587649	0.07054277	0.04308353
0.09168161	-0.06884892	0.05795591	0.08624781	-0.08308002	-0.034958664	-0.08020465	0.03990815	0.14537404	0.06463081	-0.11825953	0.09253526	-0.1362371	0.07632748	0.037775602	0.06535793
-0.057658233	0.06432022	-0.09326507	-0.031596985	0.07727744	0.019262867	0.007459281	-0.12764095	-0.030544002	-0.0055377297	0.08527463	-0.057871513	0.05021952	-0.052346308	-0.10675024	-0.065739065
0.20837212	-0.22957715	0.1412983	0.17210568	-0.21127726	-0.17472528	-0.16558558	0.16916867	0.19219607	0.24448584	-0.21582577	0.22989103	-0.19349262	0.21787414	0.13915765	0.1811111
0.33123574	-0.39311728	0.32085323	0.3216987	-0.37430885	-0.35160166	-0.34832922	0.40570632	0.37083295	0.3984662	-0.34931406	0.38692248	-0.40815133	0.31904206	0.32905087	0.38910267
-0.090549245	-0.04098703	-0.061416835	-0.02427827	-0.047741003	0.069277376	-0.0049034543	-0.021854077	-0.016220974	-0.040465325	0.002437999	-0.02059468	-0.03259623	0.009451429	-0.05537028	0.015444582
0.44702122	-0.65328974	0.43421453	0.58209836	-0.69958854	-0.5417399	-0.59003663	0.5155557	0.7054248	0.5936746	-0.6445355	0.6141562	-0.636923	0.5879806	0.56257355	0.6497562
-0.6717562	0.6714203	-0.73718613	-0.688779	0.6812971	0.6807269	0.66354144	-0.73962337	-0.74595684	-0.7273339	0.68380994	-0.7060917	0.61964285	-0.67531204	-0.7350646	-0.7381087
-0.28030512	0.3124309	-0.20671605	-0.30596796	0.32404473	0.27208897	0.35631624	-0.31523663	-0.39323145	-0.27799642	0.37028232	-0.35359877	0.3275324	-0.32088116	-0.26479587	-0.3852597
-0.7009583	0.72439533	-0.78827333	-0.6875594	0.728942	0.7153156	0.6514139	-0.7605615	-0.68485653	-0.7196294	0.66455907	-0.6759621	0.68533444	-0.67049336	-0.6813444	-0.743909
0.08598824	-0.12836845	0.021261584	0.07349005	-0.17061187	-0.061722137	-0.109965116	0.039250787	0.13913226	0.101802535	-0.1008516	0.136415	-0.13966238	0.082352765	0.11129882	0.1796775
-0.039496772	0.06643633	-0.06458199	-0.074083984	0.08253932	0.06911961	0.00027203007	-0.0977629	-0.04017034	-0.016426995	0.05737781	0.02394352	0.061596725	-0.066343606	0.010228413	-0.07765093
1.4213774	-1.5773718	1.5231577	1.5787829	-1.7074854	-1.5081916	-1.6348429	1.5049601	1.7450873	1.5529747	-1.6244923	1.6759703	-1.5647091	1.525906	1.5437758	1.6822646
-1.0294622	0.7319496	-0.6382467	-0.5787016	0.6554564	0.8429605	0.81727576	-0.5205102	-0.6657106	-0.70786923	0.6214269	-0.63152254	0.5708281	-0.707296	-0.64970815	-0.65928644
0.7210213	-0.7848063	0.64744747	0.8232367	-0.9096649	-0.7317447	-0.7769156	0.7304761	0.91418684	0.7900695	-0.82909864	0.804267	-0.7787317	0.8094816	0.803639	0.8292256
0.28079936	-0.31130394	0.270336	0.3490972	-0.3255141	-0.33760476	-0.2962726	0.3007187	0.39196405	0.33096504	-0.36676183	0.36154595	-0.29438415	0.30615306	0.2711231	0.34469894
0.9015204	-0.9672559	1.0132571	0.93912756	-1.0093948	-0.91216815	-1.0244446	0.95090085	1.1116483	1.0045537	-1.0448184	0.9988949	-0.9907531	0.97281545	0.9042602	1.046976
-0.23833732	0.18663953	-0.16609937	-0.16410707	0.13014302	0.19639406	0.12691964	-0.17449018	-0.15869738	-0.19272493	0.11064822	-0.18227868	0.1350082	-0.17939036	-0.22313195	-0.14267758
-1.5500143	1.7339325	-1.7728858	-1.7683164	1.7979052	1.7051259	1.6790781	-1.7159917	-1.8863239	-1.7644452	1.7707605	-1.8190417	1.7225239	-1.6895322	-1.6612359	-1.8862276
-0.19871612	0.19228029	-0.25302792	-0.1813755	0.26169163	0.19370823	0.21672119	-0.24149679	-0.25922078	-0.2509009	0.19995032	-0.24397261	0.18496467	-0.24782424	-0.20444372	-0.20071179
0.7778864	-0.78024685	0.73192286	0.8079402	-0.8253093	-0.77215064	-0.73094314	0.746177	0.8126748	0.7471517	-0.8107151	0.7499041	-0.79018074	0.7283175	0.72723335	0.8119713
0.06678855	-0.04809451	0.07149842	0.046087384	0.02700649	-0.030656397	-0.05468573	-0.0009701031	-0.036122903	-0.009282898	-0.02884246	0.030942898	0.029743876	0.034959763	0.016198603	0.0327989
0.14295633	-0.3023124	0.20353974	0.2744025	-0.30931565	-0.19556682	-0.309507	0.26643074	0.36931878	0.3065699	-0.3292348	0.32881114	-0.31915995	0.25215477	0.25163868	0.27697265
0.47490355	-0.48998782	0.4371008	0.49001062	-0.48083213	-0.46147516	-0.46866763	0.5216003	0.4520591	0.47519255	-0.47017702	0.42733774	-0.42455214	0.4211445	0.47187516	0.5133467
-0.35678646	0.3672698	-0.42144617	-0.40936363	0.38028762	0.38149515	0.36635575	-0.4762152	-0.43369317	-0.42599756	0.37131238	-0.4044205	0.34636408	-0.373945	-0.397718	-0.431862
0.3472556	-0.26509625	0.30413365	0.26975414	-0.3126001	-0.31360328	-0.32368773	0.24317844	0.25478634	0.30819598	-0.308364	0.27451733	-0.2666264	0.30059937	0.25350302	0.24190311
0.61713946	-0.73239034	0.6798184	0.6858094	-0.7720461	-0.65063745	-0.6676619	0.71077573	0.7575993	0.70975566	-0.6662549	0.6901506	-0.6159931	0.6392411	0.60610896	0.6846353
1.3736194	-1.4884483	1.3857524	1.4661094	-1.5244478	-1.4331943	-1.4924368	1.4385843	1.6279436	1.507897	-1.522803	1.546744	-1.4925301	1.4041532	1.3580338	1.5990084
-0.11933816	0.15200572	-0.22063395	-0.20187818	0.1492925	0.16602883	0.15424414	-0.16240433	-0.19115435	-0.16742168	0.16235091	-0.15796058	0.15347192	-0.18122093	-0.13715482	-0.14735065
-0.12645705	0.27389315	-0.17491768	-0.26300928	0.32364723	0.20950437	0.29218474	-0.29132998	-0.2819439	-0.26038963	0.23221634	-0.26651713	0.20903043	-0.279389	-0.2893335	-0.31459096
0.60283786	-0.6817316	0.6029133	0.71312904	-0.70133233	-0.6111458	-0.6372381	0.7195079	0.71376157	0.67767084	-0.6952792	0.7284412	-0.6567925	0.6122679	0.6950403	0.6781549
-1.1998715	1.3107693	-1.3035824	-1.3081325	1.3770175	1.2983141	1.3342764	-1.3375393	-1.4937804	-1.2824943	1.4169413	-1.3487902	1.3063412	-1.2862443	-1.2361187	-1.4190577
-0.5274164	0.61932313	-0.60139793	-0.62488127	0.6463803	0.610682	0.60635185	-0.5236568	-0.6586878	-0.629099	0.63521206	-0.61287034	0.58203125	-0.5275581	-0.5974303	-0.587514
0.83383346	-0.8653611	0.85975814	0.8592245	-0.91861546	-0.9002377	-0.91181195	0.85358596	0.9735272	0.9347538	-0.87447035	0.8927918	-0.8844042	0.8457187	0.84817344	0.96741724
-0.41860706	0.3630604	-0.4282354	-0.4095896	0.44917393	0.42199197	0.35849816	-0.37965882	-0.47610092	-0.38903478	0.41104934	-0.4160707	0.40092838	-0.4076679	-0.4050095	-0.41035888
0.54144657	-0.53702116	0.5684299	0.58271766	-0.57439435	-0.51060295	-0.5453433	0.5224673	0.6233769	0.5226176	-0.5236281	0.57888216	-0.51628053	0.5600596	0.5451791	0.5630889
0.22811691	-0.40648717	0.26917458	0.33464926	-0.41191173	-0.24503414	-0.33584014	0.2489213	0.4572802	0.3581763	-0.4129351	0.371616	-0.3365948	0.27844536	0.24699375	0.3502526
0.14839163	-0.09424032	0.20260753	0.109445944	-0.07198281	-0.089999504	-0.13565797	0.17541412	0.121233486	0.07462429	-0.14753537	0.13506143	-0.06942128	0.11354257	0.10198809	0.09049134
0.016295563	-0.02601625	-0.0054488583	0.05874292	-0.10240206	0.0047273473	-0.042336136	0.025494115	0.083778895	0.05076888	-0.03992954	0.03450694	-0.0563152	0.04339706	-0.015577883	0.06732767
-0.2951906	0.38085258	-0.37919724	-0.36836743	0.3700351	0.35056254	0.32515466	-0.31457534	-0.40591037	-0.328792	0.39595035	-0.36475047	0.4013695	-0.31726933	-0.349021	-0.3520024
0.4801551	-0.52351874	0.46997207	0.6020606	-0.63377655	-0.49321523	-0.54349995	0.52826244	0.67001617	0.52330863	-0.60006475	0.5509862	-0.6020208	0.5233999	0.516051	0.559699
-0.2474087	0.325762	-0.21147819	-0.32719445	0.3306241	0.25199717	0.22884074	-0.3350931	-0.25162035	-0.3159411	0.28352964	-0.31965622	0.32389343	-0.30339912	-0.25375962	-0.29796165
0.21544452	-0.16641155	0.24116376	0.19296034	-0.18508689	-0.2531868	-0.19173986	0.23825976	0.14347136	0.212305	-0.1851828	0.2004952	-0.21943043	0.14782576	0.23137069	0.22104967
0.09582058	-0.20628475	0.13233182	0.1971904	-0.2294594	-0.14408016	-0.2533418	0.2111037	0.19588062	0.19068062	-0.17974022	0.25742316	-0.15209146	0.22494744	0.13056503	0.19797991
0.196475	-0.094079	0.08278828	0.07801649	-0.0377607	-0.10343168	-0.060866497	0.1395088	0.07308799	0.08600752	-0.059987575	0.046001673	-0.103833705	0.043843485	0.09283429	0.12133534
-0.4138165	0.3152332	-0.45126617	-0.2635975	0.30880967	0.30073696	0.26645333	-0.35794243	-0.27374235	-0.35209346	0.28283867	-0.27118164	0.33240718	-0.37171984	-0.3618261	-0.32415664
0.7749911	-0.77835876	0.7936786	0.7978676	-0.8102321	-0.7749386	-0.80553216	0.78931653	0.92307824	0.83084124	-0.8700601	0.863778	-0.84047824	0.7803453	0.7625879	0.8804953
-0.12756816	0.10089464	-0.1128509	-0.13685748	0.11007046	0.091199234	0.108423665	-0.11505389	-0.12979132	-0.13681227	0.089944884	-0.1356629	0.107982285	-0.12945627	-0.15679327	-0.09196291
-0.039914858	0.12614691	-0.007048807	-0.06866058	0.08784845	0.06601801	0.1332184	-0.04935649	-0.16861911	-0.094756134	0.15515321	-0.13723852	0.14813699	-0.094781496	-0.1187435	-0.17040914
-0.5881187	0.6802194	-0.52111256	-0.7023793	0.73600394	0.58959675	0.6666285	-0.67365694	-0.7428853	-0.682502	0.7329525	-0.7259521	0.6191454	-0.6134851	-0.60737586	-0.7423159
-0.06806479	0.03572747	-0.07306814	0.027359648	-0.024744341	0.07953214	0.0185618	-0.04386178	-0.024420412	-0.0028345857	0.0020559845	0.041582514	-0.011377392	-0.054466277	-0.06642453	0.017462036
0.014165666	0.1158661	-0.06197772	-0.06166413	0.17206213	0.013021649	0.13319504	-0.101198606	-0.1457455	-0.060338452	0.11886046	-0.14008997	0.06589659	-0.06372136	-0.034288965	-0.08408539
0.23001398	-0.2137543	0.29007223	0.23956574	-0.22640698	-0.19645064	-0.19348532	0.22731791	0.22361103	0.20707592	-0.29116303	0.24406412	-0.25353134	0.25655538	0.20347618	0.3045642
0.103746116	-0.12143669	0.07472128	0.20168273	-0.16273326	-0.13779613	-0.13879412	0.056849554	0.22680375	0.1785103	-0.11506936	0.16795623	-0.14143811	0.11324428	0.102570236	0.17616683
-0.34329358	0.46386927	-0.3464065	-0.381122	0.44890478	0.3318373	0.42083648	-0.33881867	-0.4289315	-0.4133291	0.41026416	-0.47129333	0.37345377	-0.42405003	-0.38130838	-0.44086483
0.53537863	-0.63737273	0.57182646	0.610326	-0.6856975	-0.5375022	-0.56240654	0.5471144	0.67871296	0.59710485	-0.658027	0.6286919	-0.5412053	0.605061	0.56055087	0.6563009
0.50084275	-0.5176472	0.4979489	0.52038896	-0.54528123	-0.47926432	-0.52696556	0.5231952	0.53866625	0.5339873	-0.5244854	0.47666937	-0.4403234	0.46847832	0.45709035	0.53481233
-0.4891184	0.5650563	-0.5056818	-0.6157756	0.5994767	0.5782755	0.5164991	-0.52147764	-0.54423505	-0.5783531	0.57343566	-0.56023383	0.516421	-0.53140527	-0.56418115	-0.5713663
-0.16923153	0.20456874	-0.18414508	-0.18686013	0.2204517	0.1863125	0.23100726	-0.14769039	-0.19858278	-0.19421077	0.16068946	-0.16049975	0.22272263	-0.17290956	-0.2086502	-0.22007069
-1.2152468	1.4167569	-1.369649	-1.4081872	1.4780486	1.3984003	1.3751023	-1.4042311	-1.5689267	-1.426624	1.4897501	-1.4358953	1.4375561	-1.3655134	-1.3734471	-1.5139549
0.0673385	-0.17140463	0.076315835	0.16925007	-0.0874381	-0.08514472	-0.11701259	0.07099171	0.1172359	0.13716263	-0.092474	0.15358126	-0.079467274	0.11365738	0.053404223	0.10951139
-0.0536055	0.05382814	-0.10893654	-0.09439584	0.096808724	0.07487488	0.07046212	-0.07898705	-0.09589441	-0.08716568	0.052169938	-0.08133079	0.1459839	-0.10628278	-0.12412943	-0.104004785
0.07314122	-0.03204328	0.0076724915	-0.0045014443	-0.060097013	0.035648447	-0.05553798	-0.025727125	0.026634125	0.06715018	-0.009125097	0.04440226	-0.038977873	-0.010966723	0.0009057751	0.01889102
-0.32906097	0.38154358	-0.33207557	-0.34988514	0.41527194	0.35581556	0.34813398	-0.3343808	-0.38571	-0.37367165	0.42414927	-0.39046565	0.38628724	-0.38546163	-0.34988546	-0.4479738
-0.3295289	0.3355597	-0.24852137	-0.32174665	0.28587693	0.30290908	0.29456323	-0.24698699	-0.29904953	-0.3472716	0.33965716	-0.28375444	0.26785135	-0.3533299	-0.26131207	-0.36156353
-0.5093103	0.56267625	-0.54121083	-0.63053507	0.59380317	0.48836643	0.5333269	-0.6058209	-0.66844374	-0.5375187	0.54889196	-0.6281596	0.5606695	-0.5140405	-0.57098347	-0.5589304
0.88787115	-1.0363061	0.9741547	1.0507239	-1.1075932	-1.0108051	-1.0317131	0.9525073	1.1411164	1.033787	-1.0216402	1.0446476	-1.0220376	1.0124044	1.0025253	1.1111041
-0.18771543	0.34096217	-0.20635891	-0.2936302	0.3738799	0.28042418	0.2637751	-0.2764721	-0.3515913	-0.342877	0.328646	-0.28918293	0.2845352	-0.29205698	-0.26520276	-0.37356353
-0.29723135	0.23015091	-0.28737256	-0.26634383	0.26641136	0.26611248	0.27781716	-0.32221267	-0.28387946	-0.24342307	0.28581506	-0.31977838	0.28715068	-0.29878128	-0.24577	-0.2869791
-0.33910608	0.33739412	-0.33997327	-0.29134646	0.29506916	0.30566794	0.373552	-0.37734556	-0.36266014	-0.36592728	0.34351113	-0.33976772	0.37116474	-0.3993897	-0.29658926	-0.3857916
-0.08129647	0.13241448	-0.05826701	-0.14917003	0.20445389	0.10102403	0.10019781	-0.08037795	-0.16077371	-0.14070547	0.18420178	-0.16821256	0.19264336	-0.08804948	-0.12714763	-0.16629022
0.5871563	-0.6636388	0.62858695	0.6813396	-0.6899249	-0.62433743	-0.6090356	0.6941216	0.6859645	0.6707657	-0.6852374	0.65096843	-0.61307883	0.6034745	0.6551407	0.688173
-0.71902245	0.8206895	-0.88745207	-0.8311227	0.9349449	0.8608469	0.91003305	-0.81956965	-0.92018783	-0.88940716	0.8835047	-0.88734967	0.83238107	-0.8337317	-0.7822251	-0.95491946
0.37467897	-0.3848751	0.33754572	0.38763216	-0.42313993	-0.38949308	-0.36864933	0.42329952	0.41219702	0.40358672	-0.39982778	0.41185156	-0.3917846	0.33704945	0.36616516	0.4020782
0.3691664	-0.26981774	0.43670544	0.25311673	-0.3270742	-0.28766012	-0.32781395	0.33403066	0.29414248	0.32053402	-0.295711	0.29704994	-0.31976062	0.2921824	0.28381285	0.2763431
-0.16369517	0.15781556	-0.16235778	-0.17211434	0.18415658	0.16103116	0.16195042	-0.21489313	-0.15952235	-0.20123288	0.10681456	-0.15129136	0.107952856	-0.16979963	-0.12650649	-0.19778505
-0.494782	0.5709792	-0.47710216	-0.621829	0.57835525	0.5566302	0.5435303	-0.50725955	-0.66628957	-0.5538869	0.59848833	-0.6335095	0.5941037	-0.483332	-0.53824806	-0.58092946
0.01529556	-0.0082440935	0.02030526	-0.004737759	-0.008016407	-0.028119285	-0.068431884	0.005207439	-0.002259918	0.0006953197	-0.022206351	0.07638448	-0.011928257	0.00068397354	0.052028764	0.03766744
-0.40727502	0.54073364	-0.40755057	-0.47896448	0.49938586	0.40568405	0.4365239	-0.43467513	-0.59428877	-0.46670538	0.53093505	-0.49300215	0.43286633	-0.45132017	-0.47820258	-0.4765832
0.06525649	-0.04223341	0.09034195	0.102891095	-0.08881861	-0.039266244	-0.06847698	0.08888921	0.1269369	0.0355085	-0.11956404	0.10555701	-0.11442862	0.051293872	0.06102668	0.092089064
-0.08417947	0.19463906	-0.15136664	-0.1343708	0.13821872	0.1603719	0.18599977	-0.19879285	-0.24287924	-0.16657223	0.18765177	-0.13716121	0.14832355	-0.12368328	-0.122285925	-0.20424804
0.8081382	-0.91364986	0.7967898	0.9265211	-0.8730473	-0.78507	-0.9124489	0.82829404	0.9222853	0.8511666	-0.8699729	0.8906836	-0.86619985	0.88860726	0.7796539	0.9643845
0.48071238	-0.5105117	0.45468098	0.39737064	-0.49646065	-0.41636768	-0.46000275	0.4553647	0.48346937	0.42405143	-0.42469263	0.48564515	-0.42097667	0.4576607	0.45215747	0.5122699
-0.3865252	0.30433032	-0.4310948	-0.36551166	0.37812743	0.40551928	0.36913937	-0.37857854	-0.38650584	-0.42174628	0.37460518	-0.34910375	0.38783038	-0.38391343	-0.37501884	-0.4055536
0.8376725	-0.87647635	0.90627414	0.9166157	-0.9974764	-0.84088224	-0.9205843	0.91366714	1.0167887	0.9088998	-0.89892024	0.93841785	-0.89863783	0.88937765	0.86106366	0.9930631
0.23201735	-0.27608687	0.18205163	0.23739843	-0.26767564	-0.1802956	-0.27216184	0.21301731	0.28382242	0.27563226	-0.1962189	0.22624937	-0.17536436	0.18448846	0.24435411	0.2762804
0.31059083	-0.40755117	0.3391544	0.334462	-0.42153966	-0.37354225	-0.37334228	0.36364722	0.43774685	0.37753358	-0.33574298	0.3428336	-0.3870869	0.31567606	0.3709539	0.3999118
-0.36532375	0.32950217	-0.444749	-0.33042637	0.3731769	0.34266073	0.35054836	-0.4214402	-0.3351646	-0.3361937	0.34014162	-0.34793976	0.28583577	-0.32845125	-0.3682081	-0.32436377
-0.12816532	0.115877226	-0.07467843	-0.12700632	0.18927328	0.17273086	0.20874299	-0.14458546	-0.14077036	-0.19906352	0.13416056	-0.18751508	0.16934346	-0.15663217	-0.18165664	-0.1822179
0.07835973	-0.14325973	0.10876643	0.14700794	-0.12007346	-0.1693515	-0.09809984	0.13082433	0.19655807	0.15592757	-0.17441817	0.19770607	-0.16339974	0.116858855	0.16047622	0.13446838
-0.044700824	-0.06534348	-0.046704903	0.091007225	-0.12190627	-0.0020569353	-0.06350859	-0.030324237	0.12203432	0.062042776	-0.06178023	0.13023071	-0.04921441	0.035712805	0.022674456	0.075035244
0.13690941	-0.110296175	0.18778723	0.06592128	-0.09287807	-0.17259805	-0.08121637	0.09423493	0.06570535	0.1174613	-0.12923306	0.08566986	-0.12525363	0.08672959	0.15512908	0.14526863
0.36058939	-0.34717414	0.37664172	0.34966177	-0.3843667	-0.31776613	-0.35465965	0.36982983	0.44053718	0.3755807	-0.41001478	0.4295769	-0.40313104	0.32111445	0.3681675	0.37621233
-0.32550293	0.40346077	-0.28781337	-0.37408322	0.38083613	0.36595833	0.34711885	-0.33632126	-0.41788617	-0.37276587	0.43656015	-0.3662964	0.39386857	-0.33473995	-0.31352353	-0.42469126
0.3123284	-0.36288306	0.33946624	0.36161435	-0.42751604	-0.36857566	-0.36213994	0.3445212	0.43346047	0.41556376	-0.4545792	0.394296	-0.4270382	0.33230522	0.31171295	0.46271047
-0.09175438	0.20500062	-0.20759128	-0.2580611	0.2856227	0.20849155	0.29035732	-0.22989945	-0.29656872	-0.24866413	0.25363207	-0.25417072	0.28678676	-0.2196661	-0.18872935	-0.30347797
-0.49744964	0.5264802	-0.5576311	-0.50141037	0.5286074	0.5223547	0.58479095	-0.5557434	-0.5475453	-0.56920826	0.5937959	-0.541018	0.5433662	-0.5383254	-0.53153235	-0.56049454
-0.08241491	0.023169953	-0.0038282936	0.016494801	0.0014760266	0.03400077	-0.034717176	-0.04291824	-0.006092133	-0.038033944	0.021133479	0.06777539	0.020212306	-0.015451049	0.021198142	-0.004251183
0.16129608	-0.27080038	0.22373068	0.22368725	-0.30487764	-0.19852653	-0.33207965	0.21168227	0.3552171	0.24828443	-0.2985352	0.2779264	-0.28707185	0.30695963	0.25833595	0.31356555
0.70354	-0.7262589	0.6205063	0.71061426	-0.768183	-0.73293173	-0.6728276	0.665852	0.7871537	0.70456976	-0.76921856	0.7205473	-0.68572813	0.6875494	0.68825394	0.7960228
0.3765946	-0.47118637	0.46214002	0.45453912	-0.47696847	-0.45576397	-0.41794878	0.41486657	0.4300589	0.41325104	-0.4650309	0.39992654	-0.4400543	0.43208328	0.42686957	0.44900414
0.29501605	-0.23276581	0.20065111	0.24275237	-0.2563188	-0.23238586	-0.27148044	0.18869905	0.27689272	0.25023422	-0.2744504	0.2704586	-0.20564753	0.25618508	0.2580422	0.23646186
0.4911878	-0.33361825	0.42115104	0.3663702	-0.33009598	-0.35413772	-0.36703482	0.3775346	0.37640703	0.38499922	-0.368746	0.29291	-0.2746007	0.4256674	0.3372831	0.35600492
-0.52179325	0.5143209	-0.54834944	-0.46983695	0.44982192	0.49514052	0.47825524	-0.51162344	-0.4562757	-0.5047154	0.46354595	-0.4778175	0.4907155	-0.5345964	-0.50709975	-0.516574
-0.7495389	0.67240053	-0.703393	-0.6990888	0.74150985	0.6905418	0.70509654	-0.74341786	-0.77022445	-0.71329486	0.75392234	-0.69193107	0.76597226	-0.7067135	-0.72805524	-0.7685505
-0.35077167	0.32621235	-0.3914798	-0.32665378	0.37400863	0.287879	0.286984	-0.3063189	-0.35370713	-0.31368288	0.3549365	-0.2945365	0.30023828	-0.2850367	-0.3506087	-0.39267647
-0.04638622	-0.04849372	-0.037746683	0.07822511	0.012710099	-0.05896608	0.017141068	0.045753043	0.038910814	-0.020932026	-0.024230557	0.04030067	-0.010576066	-0.019201167	0.042208154	0.057314143
-0.1645157	0.11372035	-0.16733783	-0.0744109	0.06998854	0.1670962	0.094548985	-0.102382995	-0.07913001	-0.15234718	0.110247396	-0.15103097	0.100253336	-0.14199005	-0.0911029	-0.07755598
-0.39491287	0.5086314	-0.44158003	-0.4256561	0.5364782	0.40489796	0.43849665	-0.42210987	-0.47022277	-0.48118284	0.5276133	-0.46989524	0.43913576	-0.49245378	-0.45630026	-0.5160823
0.17345569	-0.22460277	0.1359695	0.24891548	-0.3093774	-0.1699282	-0.26504397	0.2519869	0.2910597	0.28118163	-0.25348723	0.27493468	-0.23320317	0.2009423	0.25306705	0.30047572
-0.2034413	0.33363834	-0.26742905	-0.36270967	0.39740172	0.32113624	0.3532681	-0.31200895	-0.36578223	-0.40838748	0.37994406	-0.4075867	0.38174328	-0.35581818	-0.30012864	-0.3943786
-0.12471504	0.091022454	-0.11748103	-0.060611304	0.13921641	0.070334084	0.15198302	-0.12994677	-0.0972213	-0.13045448	0.11199719	-0.08090404	0.11856125	-0.08051695	-0.14524639	-0.13444474
-0.05123707	0.053757157	-0.0865136	-0.039010238	0.032149002	0.11638698	0.1105898	-0.07481362	-0.028696079	-0.10664882	0.04229062	-0.09632404	0.03950744	-0.121515594	-0.051314693	-0.12153997
-0.07178017	0.062037118	-0.1281513	-0.026622228	0.07300638	0.0739112	0.10917471	-0.111454055	-0.011249986	-0.09196604	0.08507561	-0.04992307	0.071051165	-0.0951839	-0.089955844	-0.070600264
-0.39126125	0.3866528	-0.35791808	-0.32236978	0.40275916	0.37685835	0.3251164	-0.39751324	-0.411736	-0.3524923	0.37681854	-0.32527915	0.3176902	-0.3536482	-0.3615648	-0.4285998
0.05468177	-0.21910305	0.12437047	0.19741124	-0.18516275	-0.1174455	-0.15944125	0.14274304	0.19470087	0.11566644	-0.18023238	0.13668439	-0.17682366	0.17675768	0.18489516	0.20380588
-0.26526657	0.35330984	-0.34576777	-0.3380742	0.35872164	0.35527214	0.3935082	-0.35410413	-0.35913977	-0.320089	0.3260692	-0.39854166	0.3078756	-0.30554307	-0.2827831	-0.4147681
0.3734603	-0.27119258	0.39176753	0.25523812	-0.2819901	-0.24202043	-0.35570425	0.30853987	0.3884853	0.29223925	-0.3492223	0.34599304	-0.34456104	0.26344588	0.27518496	0.30055586
0.45096514	-0.46839476	0.48085883	0.42182866	-0.54252136	-0.42934677	-0.4580451	0.48253837	0.5530364	0.48676118	-0.4512523	0.5395073	-0.46065253	0.5141777	0.41437814	0.49287817
0.9256703	-0.9988875	0.9633405	0.99285287	-0.95152307	-0.9512537	-0.9586006	0.947361	0.98804516	0.9211415	-0.95991635	0.9466959	-0.92974454	0.92519563	0.8863124	1.0419576
0.09526485	-0.20392837	0.101775885	0.20553413	-0.17138015	-0.125873	-0.21963757	0.21834049	0.24490605	0.18627156	-0.2089802	0.15509069	-0.16639979	0.1365479	0.1550646	0.16173176
0.49447542	-0.5391537	0.4571464	0.5008004	-0.5218146	-0.43914357	-0.4536272	0.49073783	0.5440381	0.49713394	-0.48262522	0.5569659	-0.44215137	0.4813019	0.43117136	0.4810852
0.043888364	-0.04471118	0.011718442	0.02330095	-0.057355497	-0.035016213	-0.06809146	0.0140936505	0.086069286	0.041324798	-0.028039556	0.08150573	-0.087222844	0.06145186	0.047836404	0.07853354
0.36870825	-0.3743556	0.381366	0.3973781	-0.46008137	-0.3683359	-0.40710765	0.32600528	0.4600463	0.37205243	-0.38678142	0.3852148	-0.34077746	0.32753938	0.32030958	0.36451098
-0.29431525	0.33267456	-0.24955167	-0.34518513	0.3083701	0.31649062	0.29089192	-0.27110234	-0.37534627	-0.3699397	0.32263967	-0.3258269	0.28821513	-0.3648751	-0.3093058	-0.32350633
0.14145659	-0.087581895	0.19212277	0.03191737	0.009985961	-0.04085743	-0.041621294	0.07064553	-0.037091624	0.056634936	0.0065827677	-0.024079777	0.0009834383	0.029893538	0.06719521	-0.007581022
-0.041789617	0.06854334	-0.10040998	-0.035363767	0.11726377	0.12329117	0.078534156	-0.1030209	-0.08292872	-0.06297052	0.031867605	-0.028580613	0.10914045	-0.09656094	-0.055584863	-0.049563155
-0.6548866	0.736704	-0.70663565	-0.7642671	0.8286742	0.73709196	0.73234236	-0.8031486	-0.86229366	-0.7252435	0.8160047	-0.817851	0.7820496	-0.7492373	-0.67499036	-0.809191
0.6894681	-0.82936066	0.76482224	0.7827296	-0.8013863	-0.7650684	-0.79442036	0.73795	0.88516635	0.74374735	-0.7885713	0.7881986	-0.74695337	0.80950886	0.7776676	0.8410808
0.14723364	-0.23210445	0.13852786	0.26644176	-0.23498233	-0.1700196	-0.18174076	0.13507104	0.31337863	0.23843569	-0.27740973	0.28334674	-0.21473636	0.1441793	0.16506857	0.1977073
-0.42531428	0.61196756	-0.5575024	-0.6463375	0.6846962	0.5784643	0.607855	-0.6211571	-0.7901683	-0.62122095	0.7352251	-0.71981305	0.67609036	-0.58952415	-0.6310444	-0.730737
-0.12938291	0.11951795	-0.21699303	-0.064095005	0.116365515	0.08291748	0.09506389	-0.05883386	-0.047475155	-0.08329852	0.111002915	-0.09904847	0.0854568	-0.12036085	-0.10637205	-0.12463615
-0.67204195	0.74287224	-0.7286577	-0.80369276	0.84166664	0.71952075	0.7191723	-0.7190428	-0.8387543	-0.7876045	0.7699844	-0.803202	0.8142848	-0.7969456	-0.70379615	-0.8446423
1.5404205	-1.6475044	1.6025795	1.5711241	-1.6611633	-1.5738796	-1.6526558	1.5951973	1.7779205	1.6408787	-1.6247079	1.7068207	-1.5968598	1.5559328	1.5245996	1.6558228
-0.119831815	0.17600608	-0.13042963	-0.12966137	0.10277289	0.21508455	0.13793631	-0.21835618	-0.11049951	-0.13855286	0.16297579	-0.13571078	0.11105958	-0.16741504	-0.15986095	-0.18783638
0.45277393	-0.35928932	0.47480834	0.39242044	-0.4433504	-0.39808556	-0.38247275	0.42267933	0.3602575	0.39063022	-0.39171803	0.37309656	-0.4378984	0.40607026	0.35456768	0.37078053
-0.96154076	1.0520775	-1.0982792	-1.1112379	1.0799725	1.0880548	1.0917884	-1.0645376	-1.1927031	-1.0317732	1.0821911	-1.0998071	1.0303435	-1.1032413	-1.0229946	-1.1329039
0.024806805	0.02296021	-0.017570587	-0.029710349	-0.0017201673	0.07209278	-0.0041083805	-0.070708536	-0.027992303	-0.054905917	0.046560545	-0.029589593	0.01265932	-0.08149809	0.0008405786	-0.06940537
-0.15318955	0.32157588	-0.19959527	-0.27598473	0.277595	0.2317375	0.28061032	-0.3142801	-0.36791903	-0.22660886	0.30631784	-0.29692876	0.2836479	-0.26447967	-0.21404617	-0.30343038
-0.45028797	0.47320005	-0.47988948	-0.55175453	0.5579014	0.4424409	0.44689694	-0.5102575	-0.52937376	-0.5295394	0.4671559	-0.56923205	0.4873503	-0.4393121	-0.49629733	-0.48193684
0.16116743	-0.08248234	0.09085023	0.07015669	-0.031194331	-0.036844574	-0.004731003	0.116326794	-0.017725695	0.035110652	-0.04840422	0.055528715	0.024542904	0.050100967	0.08935559	-0.01611201
0.33914524	-0.41048044	0.3640478	0.376743	-0.41966724	-0.34955963	-0.39709046	0.40621984	0.4772878	0.42347386	-0.43359172	0.42313352	-0.3965781	0.389751	0.40319657	0.4595676
0.17291835	-0.2600788	0.18830086	0.22539145	-0.3402867	-0.24178872	-0.2516916	0.24379112	0.33959487	0.30601948	-0.28075135	0.34252733	-0.2919814	0.24805075	0.27954492	0.34547716
-0.3710189	0.49796593	-0.41049513	-0.5402594	0.56704557	0.44396663	0.48412746	-0.456965	-0.55616915	-0.53865325	0.56375235	-0.5363775	0.5104255	-0.52050614	-0.5082795	-0.51970685
0.15238185	-0.15972205	0.22193836	0.15256265	-0.12254669	-0.16616528	-0.194503	0.13923323	0.18607122	0.17833783	-0.09503249	0.12023637	-0.14949359	0.15037549	0.1679926	0.19445801
0.41463608	-0.5479135	0.4711592	0.51510674	-0.52558345	-0.48652345	-0.5309939	0.40443683	0.62173945	0.55505866	-0.5462863	0.52865565	-0.5304546	0.5165153	0.44701764	0.5376365
0.2702778	-0.22713459	0.32375637	0.22596502	-0.25740653	-0.31398317	-0.2874098	0.24432229	0.22656053	0.26197636	-0.24826506	0.27694926	-0.2252066	0.2603883	0.23111388	0.2176506
-0.030034347	0.07700021	-0.10751898	-0.16863117	0.15917933	0.0678134	0.11098556	-0.11370095	-0.0764297	-0.1251075	0.1395607	-0.10712707	0.11928503	-0.12874943	-0.13826403	-0.0758937
0.0019659973	-0.021548066	-0.023822783	0.03709011	-0.101119064	-0.02328584	-0.0033448567	0.052182928	0.032873493	0.06912909	-0.03897747	0.096001685	-0.03471511	0.061446168	0.03455141	0.103568755
0.20582287	-0.27791268	0.20692828	0.27291298	-0.24482925	-0.16739237	-0.27966306	0.22133519	0.28269145	0.22569823	-0.21945077	0.2712979	-0.2781469	0.22152263	0.22143844	0.27248824
0.50747	-0.5979905	0.5054119	0.5244414	-0.64002794	-0.52361214	-0.5991975	0.5702754	0.5997787	0.54640657	-0.5994857	0.58704925	-0.5625311	0.5627358	0.5218423	0.6050661
-0.18379009	0.21121192	-0.2610864	-0.25008368	0.20129748	0.19391061	0.22391218	-0.22036651	-0.21912664	-0.19942474	0.2295324	-0.2213197	0.18000484	-0.25794396	-0.2101343	-0.263883
-0.2931873	0.39270383	-0.28427243	-0.39896944	0.37439188	0.36813027	0.3388723	-0.37631488	-0.441386	-0.35779008	0.423022	-0.36702612	0.41438743	-0.32015598	-0.3537758	-0.3804248
-0.39861766	0.5836223	-0.5174302	-0.5739878	0.63188654	0.48491117	0.55228156	-0.5303122	-0.5981193	-0.50345755	0.59232384	-0.6406508	0.52645326	-0.5655355	-0.50097847	-0.64704174
0.09344902	-0.073012576	0.16438152	0.12193048	-0.106432766	-0.091795534	-0.06924777	0.13369243	0.15130053	0.08063175	-0.12702344	0.11208234	-0.059566244	0.105353676	0.11088199	0.14138311
0.12894207	-0.13561077	0.1942028	0.14600989	-0.16189842	-0.1821727	-0.09830841	0.1850541	0.1614602	0.17916566	-0.15080033	0.10085723	-0.15793957	0.13871594	0.10411497	0.16516362
-0.054498684	0.06286022	-0.09177747	-0.11005198	0.0585598	0.13725401	0.08548636	-0.09726936	-0.1449976	-0.12145267	0.103180915	-0.07697787	0.071977615	-0.059314236	-0.07880015	-0.043239065
-0.21416707	0.23653732	-0.21719225	-0.14258784	0.19045104	0.1810001	0.21119994	-0.28371376	-0.22648443	-0.16019961	0.16371661	-0.20582886	0.17244826	-0.18491341	-0.19910237	-0.20098735
0.1445071	-0.20892207	0.20889002	0.14866112	-0.16674587	-0.16039737	-0.15368012	0.12879191	0.14719422	0.15710124	-0.16399755	0.14572631	-0.14333528	0.1612044	0.156193	0.13121049
0.28717297	-0.29549038	0.30669302	0.27292177	-0.29033786	-0.27337542	-0.31969616	0.28314614	0.3886672	0.29299226	-0.27373016	0.35699624	-0.26309603	0.24512936	0.24715714	0.36662233
-0.3067157	0.27579096	-0.40131298	-0.3471352	0.3512008	0.26240075	0.31566703	-0.24691369	-0.28002474	-0.2897654	0.26355466	-0.33034363	0.31535414	-0.27931306	-0.25356656	-0.3034387
0.10075748	0.004063099	0.17621315	-0.0025634954	0.010874674	-0.095782675	-0.0021642281	0.06797493	-0.036824312	0.06607347	0.009973675	-0.023999209	-0.01708882	0.027555156	0.043334197	0.05317374
0.02294191	-0.08307809	0.07556467	0.020554261	-0.1366519	-0.06315548	-0.097368725	0.075131655	0.13028434	0.09034372	-0.12610857	0.058428094	-0.09924776	0.12440409	0.099366285	0.13952266
-0.07211225	-0.03268337	-0.10313979	0.038998295	-0.08173594	0.0766965	0.007769828	-0.07720449	0.068614975	0.03732592	0.013369108	0.0027447287	-0.006464629	-0.07611187	-0.04874342	-0.005134098
-0.39725375	0.49657732	-0.47848195	-0.55292624	0.50558203	0.515446	0.473303	-0.44211304	-0.5090546	-0.53468627	0.5120632	-0.4991266	0.52936673	-0.4683877	-0.45640042	-0.4848175
0.44979173	-0.5481544	0.47253707	0.51731426	-0.4879877	-0.44981152	-0.46664172	0.44204125	0.60028493	0.47333735	-0.51012486	0.50015634	-0.45931226	0.5116799	0.5318369	0.55943847
0.61199325	-0.65700996	0.7236819	0.70212376	-0.76874083	-0.6652656	-0.7035808	0.7340609	0.778115	0.72400147	-0.6902718	0.74621636	-0.76491743	0.64075327	0.7067529	0.69391096
-0.15475154	0.1690565	-0.2747253	-0.20590141	0.18585585	0.21382712	0.1743186	-0.15096958	-0.18326332	-0.15954669	0.13268702	-0.16431268	0.1466726	-0.15780582	-0.1695086	-0.13576698
0.53366715	-0.64245	0.57979643	0.61168	-0.69915354	-0.52768725	-0.57561284	0.56683755	0.7190938	0.6295508	-0.6474073	0.68791634	-0.60208476	0.5778041	0.5585242	0.6927873
-0.16405067	0.22585094	-0.19751014	-0.20530133	0.20694534	0.13558847	0.18792935	-0.24781483	-0.25314894	-0.2092773	0.19161977	-0.24266802	0.24970879	-0.22581203	-0.12691915	-0.25023744
-0.8433835	0.93422073	-0.9018465	-0.9968004	0.97136736	0.88195825	0.977445	-0.98024666	-1.0583041	-0.986447	0.97901547	-0.9343651	0.9926808	-0.9542329	-0.90580475	-0.96305615
-0.0044699577	-0.16852812	0.28841624	0.32543	-0.23474889	-0.14975005	-0.11522842	0.2976002	0.21777913	0.17711376	-0.294548	0.2207067	-0.29548	0.16182014	0.17799598	0.2532658
-0.82002413	1.0854516	-0.9898158	-1.059527	1.1280763	1.0253615	1.0510225	-1.011852	-1.2430303	-1.0520335	1.1307806	-1.1642269	1.063511	-1.0733438	-1.0414459	-1.1854743
0.0060185543	-0.018732987	0.05988721	0.043124493	-0.042759486	-0.05639262	-0.095958054	0.07402777	0.15639575	0.09036076	-0.03999717	0.04964669	-0.044877835	0.020869117	0.03732502	0.025375893
-1.3605666	1.6407655	-1.5417253	-1.6138334	1.6810331	1.4663738	1.557469	-1.5605222	-1.6745969	-1.6173284	1.6708187	-1.5953426	1.6317924	-1.5652593	-1.4730412	-1.7098106
0.46611923	-0.5047149	0.4913183	0.49357393	-0.5379731	-0.46315104	-0.4776098	0.44197968	0.55728376	0.4966683	-0.496147	0.517224	-0.49172515	0.48664027	0.41704404	0.45976362
-0.29266968	0.39683253	-0.3328047	-0.33552033	0.42504966	0.3143265	0.35798353	-0.3312039	-0.3548101	-0.31275573	0.336553	-0.36116648	0.4113537	-0.3872443	-0.32428733	-0.3813265
0.1354761	-0.140282	0.09116562	0.052120704	-0.06786405	-0.061684363	-0.10402473	0.12140752	0.13299102	0.12902573	-0.058193374	0.09194208	-0.11342958	0.11291062	0.054949485	0.09468965
-0.37257722	0.30924776	-0.37011397	-0.24406102	0.23582442	0.26306123	0.23415259	-0.3161973	-0.21747136	-0.31109318	0.22590241	-0.2769292	0.22908425	-0.2873701	-0.3155202	-0.29996893
0.21637747	-0.22508292	0.21629524	0.23475808	-0.26045948	-0.27643958	-0.27131298	0.30478898	0.25612167	0.29583272	-0.25759643	0.22872142	-0.25993055	0.289226	0.31103835	0.31792626
0.60365146	-0.73251426	0.64071304	0.6346364	-0.73376215	-0.6344712	-0.7121825	0.6075943	0.758285	0.6275176	-0.6966038	0.691904	-0.642257	0.6064877	0.67978984	0.71737623
-0.4153674	0.3913154	-0.41470712	-0.39075536	0.377688	0.41919106	0.30487525	-0.3924652	-0.3403524	-0.36134654	0.34095278	-0.3275825	0.31616992	-0.39689207	-0.3779346	-0.41113153
-0.11510315	0.24145165	-0.16044073	-0.2751382	0.20786488	0.18923603	0.23574722	-0.17156437	-0.30540204	-0.22629787	0.24238943	-0.27438387	0.24737385	-0.1685408	-0.12415392	-0.1926803
1.1935169	-1.2951825	1.1949704	1.2541691	-1.3350198	-1.2146698	-1.2452729	1.2367477	1.3720989	1.2744288	-1.3123442	1.2388883	-1.1990471	1.2256991	1.2363513	1.3003182
0.06865515	0.029768832	0.06028127	-0.04572984	0.0060829017	-0.032280043	0.044569813	-0.053576536	-0.0003736399	0.012598776	0.030404449	-0.071508415	0.01898211	-0.04441946	-0.04527628	-0.052519254
-0.09986017	0.05058707	-0.14828265	-0.12309788	0.086936235	0.14948612	0.16008916	-0.06913223	-0.10565213	-0.09106092	0.124324545	-0.1484528	0.16582881	-0.101751335	-0.075603254	-0.09803487
1.5772344	-1.7282495	1.7121787	1.7472425	-1.7645965	-1.6605316	-1.7218263	1.6509535	1.9027219	1.7377527	-1.7788612	1.7604868	-1.6818206	1.6996261	1.6358693	1.8000512
0.63949776	-0.7524374	0.655394	0.72086936	-0.80265415	-0.75213635	-0.760746	0.7239106	0.8670691	0.7390965	-0.77758783	0.73507404	-0.74416554	0.68783456	0.70826924	0.8340654
-0.40858775	0.4678458	-0.48176295	-0.46250492	0.45139956	0.42427388	0.4838393	-0.43973845	-0.43327278	-0.46637055	0.42727342	-0.42099285	0.46501946	-0.42393237	-0.41876236	-0.4814892
0.21389385	-0.29005462	0.26235944	0.2558683	-0.2644475	-0.22241929	-0.29074916	0.25243083	0.33478248	0.28717557	-0.31361225	0.32882488	-0.25299725	0.28817168	0.20458633	0.24697123
0.03442287	-0.085605726	0.0010362526	0.06827315	-0.11316019	-0.059823737	-0.09903429	0.033676133	0.10744626	0.05734006	-0.082097806	0.08733805	-0.027534496	0.039009314	0.11524488	0.11827281
-0.42124733	0.38797796	-0.45324647	-0.386598	0.3550438	0.35758877	0.35628602	-0.41956344	-0.41429	-0.34493205	0.38963068	-0.42905575	0.4228866	-0.3518893	-0.37203538	-0.35479742
1.6135852	-1.7692279	1.6755714	1.7069219	-1.7503704	-1.6672459	-1.711662	1.618801	1.8440944	1.7287755	-1.7562684	1.7693113	-1.6736689	1.6486429	1.642704	1.7696197
0.35147798	-0.3107458	0.33640504	0.31275326	-0.32672855	-0.32763365	-0.27543825	0.3086765	0.27247936	0.336978	-0.23972714	0.2722887	-0.23722863	0.25379068	0.33401436	0.24464947
-0.055144466	0.070579305	-0.06592873	-0.028882727	0.10938535	0.053388886	0.059040077	-0.047192875	-0.072448604	-0.050033048	0.11822882	-0.027494049	0.07436184	-0.03699736	-0.04697536	-0.023820408
-0.04543535	0.08715767	-0.07764012	-0.12093721	0.118932985	0.12757784	0.1032944	-0.084569275	-0.071286306	-0.062005106	0.08733525	-0.12327515	0.104934506	-0.1117777	-0.13084085	-0.11127693
0.30447182	-0.29889953	0.25579104	0.3405913	-0.26896927	-0.31890813	-0.33321473	0.24368882	0.26710805	0.2997248	-0.33378002	0.34840158	-0.31997332	0.3197017	0.2765627	0.30571172
0.60979575	-0.5683517	0.6347093	0.57335263	-0.6207389	-0.5952515	-0.6225053	0.61081964	0.66272986	0.6043766	-0.5666545	0.5842581	-0.53907245	0.5956449	0.5568152	0.5745528
-0.30610067	0.3471087	-0.33930823	-0.45629618	0.39892513	0.32911277	0.42622292	-0.32898673	-0.49444896	-0.34266677	0.36978814	-0.3977996	0.38737452	-0.41085827	-0.35343286	-0.41446337
0.502299	-0.57838583	0.47003728	0.5456354	-0.5441831	-0.47651035	-0.57579994	0.57653177	0.5610702	0.5359801	-0.56050503	0.56549245	-0.58132225	0.5408393	0.48789454	0.5698364
0.61786616	-0.56543165	0.69062525	0.6482051	-0.61253697	-0.6516618	-0.59194624	0.61205125	0.661216	0.6123247	-0.58052176	0.64589477	-0.60251015	0.6463877	0.63392997	0.68443054
0.6081852	-0.6688565	0.6110141	0.6776663	-0.75372845	-0.6350003	-0.76931846	0.65337956	0.8102793	0.7552992	-0.6936122	0.7920475	-0.67590827	0.68905187	0.72510797	0.7518702
-0.3571213	0.42628515	-0.35076973	-0.40560305	0.3859993	0.34732258	0.36297914	-0.4343124	-0.5017203	-0.42747265	0.46699956	-0.4380848	0.44784877	-0.4057829	-0.40198958	-0.4596924
-0.007361128	0.10286708	-0.076322526	-0.0878077	0.040405948	0.1013066	0.06101902	-0.078202575	-0.11812045	-0.10100023	0.12158682	-0.07610931	0.055156596	-0.103431515	-0.089194424	-0.07163365
-0.008280879	-0.031705655	0.0021157428	0.108886585	-0.11829849	-0.076720126	-0.10237209	0.055775847	0.057863574	0.06957974	-0.068657055	0.06965786	-0.10025511	0.019477796	0.051371742	0.04508222
-0.09506752	0.10032051	-0.1579968	-0.14925717	0.0815757	0.17161308	0.13436009	-0.12203763	-0.1237237	-0.10880583	0.15995611	-0.17292105	0.10721233	-0.16574311	-0.09811342	-0.16949186
0.0275791	-0.029378736	0.07258477	0.09113148	-0.029703464	-0.053259376	-0.066800274	0.004927693	0.05017091	0.04134366	-0.046897817	0.0980093	-0.037990764	0.09115761	0.0776998	0.029524947
0.069421045	-0.11304842	0.024601927	0.108356655	-0.15774228	-0.12486003	-0.107444204	0.11217314	0.15245155	0.093897395	-0.1694442	0.08551111	-0.100249335	0.043740623	0.03909592	0.099388
-0.5666816	0.5822153	-0.5397346	-0.62846315	0.60001373	0.5536051	0.57218283	-0.63381976	-0.63413846	-0.59198385	0.5969374	-0.6329404	0.5514561	-0.6161339	-0.54395235	-0.6622369
-0.37974283	0.45611113	-0.35762516	-0.4688076	0.41157886	0.38797605	0.38717458	-0.46206585	-0.48881018	-0.4062379	0.39296195	-0.43767494	0.4297077	-0.38256088	-0.4568929	-0.45651907
0.103369646	-0.07210311	0.09085018	0.00525206	-0.054811157	-0.02245721	-0.059928644	0.09411168	0.09245133	0.100190975	-0.019486396	0.026957477	0.014301649	0.09657751	0.09713398	0.0257996
0.44896376	-0.53882164	0.47917473	0.506178	-0.60777295	-0.50108945	-0.5626358	0.4831519	0.5823396	0.5256212	-0.5809962	0.57576895	-0.5361682	0.4843153	0.52253675	0.5673125
0.23768187	-0.31144032	0.20626271	0.2895899	-0.3360726	-0.24924858	-0.28967997	0.16486649	0.31886277	0.24266219	-0.30861905	0.2786739	-0.262326	0.30573067	0.28366944	0.34972173
-0.32957217	0.4220371	-0.36833233	-0.3832469	0.46498314	0.39827546	0.4270624	-0.36918563	-0.42869908	-0.37916738	0.39879957	-0.44379666	0.36568856	-0.36852702	-0.4333975	-0.40674484
-0.34997487	0.35422307	-0.36951956	-0.3164983	0.36536354	0.37211895	0.3570302	-0.37959617	-0.3266356	-0.35234338	0.33736932	-0.38459608	0.30286703	-0.3037641	-0.32591203	-0.35768166
0.45167068	-0.56285334	0.44350967	0.5229791	-0.64499056	-0.4953997	-0.596502	0.5039945	0.5828631	0.5769225	-0.6247584	0.58950955	-0.5918828	0.52730316	0.5417399	0.6345324
-0.3308083	0.40294495	-0.32962286	-0.39703634	0.39556316	0.40589574	0.37171644	-0.41772252	-0.4643374	-0.36599606	0.44967958	-0.40174416	0.40143585	-0.42147326	-0.41609988	-0.38557422
-0.4577792	0.52780306	-0.51259273	-0.5508549	0.6417814	0.45192143	0.5216318	-0.5179546	-0.6985336	-0.5222659	0.61392224	-0.5841116	0.5485289	-0.47495022	-0.5183357	-0.59572077
0.23838678	-0.33246264	0.28078654	0.26209602	-0.29424128	-0.29642853	-0.33862364	0.27680436	0.32147995	0.32577622	-0.3563918	0.31916538	-0.23759034	0.30708843	0.305817	0.34888738
0.1677835	-0.27831864	0.13163082	0.1650601	-0.22543056	-0.17794934	-0.17945285	0.1423713	0.2764703	0.21319312	-0.1901167	0.2400686	-0.20166093	0.20275868	0.21280679	0.2894171
-0.20352341	0.22371814	-0.20841293	-0.21535845	0.28769726	0.22429179	0.22833483	-0.25745675	-0.259723	-0.2861713	0.26634675	-0.24238281	0.30444947	-0.19319694	-0.1858108	-0.2703703
-0.50545996	0.6575317	-0.56534505	-0.6721877	0.6558237	0.6002522	0.63772374	-0.589138	-0.7398917	-0.6509655	0.6241391	-0.64281213	0.70041806	-0.5717233	-0.63586974	-0.7322009
-0.025961574	-0.13260008	-0.05278368	0.06755335	-0.08028043	-0.048297625	-0.10155829	-0.00094657385	0.07439978	0.022079352	-0.054688726	0.036859505	-0.016997958	0.021628598	0.02295627	0.03260991
0.3661538	-0.3504553	0.38121697	0.36431593	-0.45201865	-0.35823697	-0.37943703	0.30767542	0.46690822	0.3578589	-0.44767416	0.4431634	-0.38198453	0.38235918	0.38545573	0.39906567
0.23711304	-0.27117604	0.24543571	0.3048809	-0.33689713	-0.2972954	-0.24659982	0.21310087	0.28484038	0.30423555	-0.29428735	0.32636395	-0.31029895	0.24061212	0.28821597	0.24322581
0.122530736	-0.15769778	0.18411195	0.19349404	-0.23460357	-0.124248505	-0.24459684	0.12161196	0.25098032	0.23830463	-0.21144755	0.21059817	-0.21472757	0.16953872	0.1947998	0.20022193
0.39290997	-0.3634093	0.31473443	0.34374374	-0.3099792	-0.2887513	-0.2706787	0.30148357	0.33279192	0.34369656	-0.26646274	0.28143767	-0.24676372	0.29976967	0.35927656	0.29404992
0.114882596	-0.051495016	0.046044163	0.120173134	-0.028298838	-0.06981631	-0.028421484	0.04761651	0.031643637	0.11198572	-0.061237466	0.077283	-0.060575645	0.049360674	0.08180705	0.06958961
-0.0916576	0.0905741	-0.10901154	-0.15439658	0.11604805	0.13989869	0.06063471	-0.14155377	-0.14419691	-0.07196386	0.085048184	-0.11496169	0.0682715	-0.07267182	-0.07450015	-0.0989517
-0.6840968	0.771096	-0.77363026	-0.84718496	0.8336287	0.78336406	0.76489383	-0.8176459	-0.9059699	-0.7597093	0.8612055	-0.79869694	0.78288406	-0.77676797	-0.7495281	-0.8642715
0.014512038	-0.07519273	-0.05955305	0.03611497	-0.037117116	0.025671298	-0.028420696	0.028688677	0.07046852	0.025146455	0.02710455	0.022946062	0.018551825	-0.014659296	0.03605145	0.009750271
-0.39641026	0.42366135	-0.391787	-0.44278356	0.48892564	0.44406804	0.42761788	-0.47265962	-0.48792902	-0.42473844	0.44776025	-0.4888936	0.43958512	-0.41925046	-0.3912807	-0.49700412
0.28904662	-0.26916626	0.28401068	0.30613825	-0.32050753	-0.31155527	-0.32853824	0.29482016	0.3639279	0.29662222	-0.3029547	0.33108795	-0.29390216	0.29049125	0.32567552	0.27778724
0.17887513	-0.20410949	0.16250859	0.18337557	-0.23092943	-0.21434043	-0.21921931	0.150931	0.30709168	0.2564127	-0.22831647	0.2075215	-0.26189628	0.20395842	0.16667879	0.2553598
-0.166215	0.217783	-0.24442938	-0.13558817	0.19053276	0.18230958	0.15860415	-0.19655043	-0.22341235	-0.19115785	0.19200996	-0.1560741	0.110600404	-0.15405567	-0.12920567	-0.13923338
0.5653426	-0.5931996	0.5293965	0.59877145	-0.6591784	-0.51877034	-0.5395613	0.57367355	0.699778	0.60521275	-0.57147825	0.6372882	-0.6176959	0.610387	0.5189014	0.6629287
0.034100883	0.022734525	0.05737152	-0.014504032	-0.00061730616	0.004384113	-0.041029803	0.06439422	0.008034557	0.012674176	-0.008524069	0.05165657	-0.0365026	-0.019005926	0.020368628	0.047600236
-1.5916432	1.822142	-1.7927208	-1.8106787	1.8697873	1.7077953	1.797593	-1.8290703	-1.9904344	-1.7916174	1.8131576	-1.873571	1.7748576	-1.7925522	-1.7371843	-1.8819661
0.2022023	-0.19183677	0.17697904	0.2039506	-0.26203078	-0.13748433	-0.17523192	0.18845004	0.2506838	0.1814758	-0.19632319	0.27163497	-0.21171762	0.21191142	0.21852355	0.27331215
0.307434	-0.32159734	0.30354598	0.32011363	-0.4113862	-0.36695185	-0.408654	0.37852347	0.36637545	0.34288028	-0.39111808	0.36488852	-0.32186854	0.3172745	0.3534126	0.3973142
0.17765811	-0.26756886	0.1562981	0.26277098	-0.36172032	-0.17680757	-0.24634823	0.1690654	0.3589011	0.29424453	-0.320791	0.27871987	-0.23928124	0.25358889	0.18491255	0.33941898
0.009742194	-0.06358696	0.09499578	0.07734865	-0.08768905	-0.1121712	-0.047768544	0.063016914	0.05288433	0.04401502	-0.024490885	0.048291836	-0.1056133	0.06546541	0.07814622	0.05084124
0.47758815	-0.5355901	0.5227397	0.48979	-0.47586268	-0.54219455	-0.48828232	0.509652	0.4908349	0.5159456	-0.5000682	0.51777065	-0.4868303	0.545186	0.5077695	0.52572435
0.02715269	0.0036504967	-0.06650648	-0.0064400816	-0.0034485816	-0.018024573	-0.052579045	0.015808342	0.042515054	0.0030337488	-0.052064516	0.031921033	-0.045253508	0.008559981	-0.018577596	-0.010349597
0.34699723	-0.4027117	0.3239236	0.38075098	-0.40058067	-0.34513098	-0.44879663	0.37048826	0.47221202	0.4468537	-0.44356632	0.44612768	-0.3691618	0.4194823	0.38587204	0.41479504
-0.3498508	0.3717853	-0.41662166	-0.46509835	0.39630073	0.44861817	0.44901025	-0.44330266	-0.43337223	-0.44411835	0.3793936	-0.46798563	0.4067946	-0.45195177	-0.4423211	-0.39272058
0.38402152	-0.37884176	0.39638987	0.43007845	-0.38251248	-0.40628067	-0.36332682	0.37008694	0.44488493	0.40752056	-0.42406064	0.39665377	-0.40288314	0.40598553	0.41059583	0.44828245
-0.060669366	0.039303936	-0.13108829	-0.055739976	0.07888615	0.08309492	0.07744695	-0.04514789	-0.09479822	-0.07990947	0.043270856	-0.104966216	0.06516527	-0.058030024	-0.11460955	-0.08979927
0.118686214	-0.040697895	0.10222736	0.075719565	-0.03852425	-0.09451552	-0.025447333	-0.0020233567	0.02240186	0.06784856	-0.06572701	0.07605352	-0.040483344	0.053033877	0.09138233	0.06807183
0.03493525	-0.13773893	0.08137408	0.09760042	-0.16428648	-0.106035344	-0.13399456	0.12180026	0.17071821	0.10088588	-0.09249466	0.13490033	-0.11055147	0.14709088	0.13612518	0.15204619
0.10404748	-0.075505145	0.0568765	0.09694285	-0.08006484	-0.06262512	-0.042145126	0.046128467	0.09931433	0.07246155	-0.06442203	0.039466072	-0.035693455	0.013030566	0.08186435	0.08234775
0.7174452	-0.63923854	0.68256265	0.62923527	-0.64346534	-0.6878227	-0.66977286	0.7157113	0.6589366	0.6187573	-0.67719233	0.708072	-0.6047136	0.6299059	0.67743	0.67934704
-1.1452292	1.3912215	-1.2884004	-1.3618683	1.3778634	1.2693839	1.3658868	-1.325528	-1.5029881	-1.3751091	1.3693045	-1.3848646	1.3358068	-1.2853445	-1.3294991	-1.3912563
0.3354446	-0.31123763	0.3251216	0.33411863	-0.40525448	-0.36291295	-0.30385587	0.3619047	0.38088006	0.34238008	-0.31322402	0.3968132	-0.3017977	0.3564593	0.38284552	0.37387592
0.16583627	-0.2534891	0.16516617	0.2236689	-0.16913016	-0.22831275	-0.21219403	0.2106668	0.25250724	0.22707479	-0.19549303	0.20350452	-0.24007684	0.15423399	0.2469045	0.23281504
-0.92581123	0.9619289	-0.9863557	-0.92111915	1.0349685	0.91259056	0.950693	-0.9110827	-0.9939966	-0.9790591	1.0147253	-0.96979153	0.9689514	-0.925336	-0.86889356	-1.0381956
0.058107052	-0.11669841	-0.025871621	0.14155887	-0.10621524	-0.06569637	-0.06553403	0.05651298	0.07671001	0.07923506	-0.07181937	0.14976005	-0.124670446	0.089031726	0.1020119	0.10585922
-0.283543	0.18645753	-0.28885838	-0.24446854	0.21735734	0.18974	0.22520843	-0.20399298	-0.23223522	-0.17507403	0.24455464	-0.23228866	0.23046018	-0.24753903	-0.2514276	-0.22753467
0.77129835	-0.82803833	0.82454246	0.75916266	-0.7986257	-0.7841744	-0.7365308	0.7556305	0.880411	0.7795626	-0.8533226	0.82369286	-0.7512117	0.7580156	0.79617643	0.87199616
0.07784142	0.047993284	0.08358138	0.0060900655	0.041671872	0.002372402	-0.032650296	-0.019240856	-0.007612338	-0.019714264	0.037457522	0.00585283	0.061966274	0.036535446	-0.025497813	-0.055686116
-0.62645376	0.6476447	-0.70899713	-0.6745178	0.669346	0.66002923	0.66302323	-0.67275095	-0.69103426	-0.6683664	0.6489161	-0.69735944	0.6620135	-0.6712535	-0.6960428	-0.74819434
-0.7509119	0.8509586	-0.805877	-0.8923633	0.9529907	0.83122104	0.88526493	-0.87171185	-0.96592253	-0.89749557	0.8856999	-0.9553031	0.8886662	-0.8354524	-0.85498816	-0.89233446
-0.19421804	0.20635405	-0.15615958	-0.21233444	0.25795728	0.16787374	0.20133494	-0.15499341	-0.19282931	-0.20530124	0.23572175	-0.26645496	0.24717647	-0.2199409	-0.21421775	-0.27128032
-0.060531013	0.005710377	-0.03575003	-0.050329734	0.029570848	0.061839316	0.011694615	-0.10048354	-0.025822919	-0.017955543	0.050071638	0.006546142	-0.008248331	-0.021839311	-0.07272793	0.021884926
-0.5892754	0.63408035	-0.6777725	-0.6593514	0.6624562	0.57120377	0.61021864	-0.57439154	-0.6572757	-0.59132564	0.59412485	-0.6712666	0.6363734	-0.6363344	-0.56812644	-0.6046766
-0.17670105	0.14846347	-0.12696007	-0.1358529	0.09145735	0.16320364	0.13031712	-0.19912967	-0.09083201	-0.18216844	0.09594434	-0.15481721	0.1675562	-0.15814233	-0.20445795	-0.16134337
-0.19301641	0.146738	-0.1964841	-0.16427726	0.11167515	0.20694399	0.116151005	-0.19635713	-0.18221863	-0.17391433	0.10012974	-0.17960142	0.17572673	-0.17088827	-0.13943261	-0.18806608
-0.2859703	0.20815873	-0.2554161	-0.2601589	0.24526891	0.24425483	0.21472439	-0.21113838	-0.25411734	-0.16764726	0.23073879	-0.18725942	0.1887901	-0.22537269	-0.18837957	-0.22762015
0.06282193	-0.13342248	0.11751543	0.07609919	-0.051619507	-0.07369467	-0.10770152	0.0625457	0.10258974	0.08086426	-0.08647689	0.051151924	-0.088755995	0.029944818	0.0564563	0.12351398
-0.30197072	0.26436937	-0.33289883	-0.33261886	0.2802997	0.26142395	0.22511926	-0.21516664	-0.3038654	-0.3190296	0.24771547	-0.28282574	0.23489283	-0.32135963	-0.3125706	-0.2696443
0.14103161	-0.17086785	0.14826751	0.15833887	-0.22032298	-0.15537223	-0.18925616	0.10386097	0.24670562	0.1375783	-0.21294148	0.21954726	-0.17232214	0.21798614	0.1748181	0.17169769
0.55020624	-0.6144993	0.6535049	0.6635636	-0.6442236	-0.6209248	-0.6177533	0.6228618	0.653306	0.64146405	-0.6352637	0.5923347	-0.5647369	0.62583345	0.59046143	0.6267224
0.3712098	-0.37274358	0.38638306	0.39420024	-0.40574393	-0.3133486	-0.3422935	0.30029875	0.4132904	0.32791758	-0.3908491	0.348313	-0.32883814	0.35950512	0.33179793	0.3920487
-0.32168123	0.51246834	-0.37943187	-0.42167023	0.50261444	0.4664337	0.42815757	-0.47103408	-0.5377095	-0.42323926	0.49237186	-0.42713267	0.42950517	-0.43901202	-0.4111742	-0.4751401
0.2951158	-0.3846955	0.3229882	0.3358302	-0.37251717	-0.3019776	-0.33959362	0.3461973	0.45828107	0.39485583	-0.422598	0.3872163	-0.3259192	0.31128138	0.30592865	0.41403735
0.6542792	-0.69090647	0.6719267	0.61863786	-0.61215997	-0.64746386	-0.6085505	0.6400185	0.682253	0.6096582	-0.68174577	0.6805897	-0.6344242	0.6307142	0.6621324	0.636902
-0.91879195	0.95248514	-0.9924134	-0.9541702	1.0244359	0.93912977	0.96041906	-0.95561045	-1.0855638	-0.9389395	1.0396299	-0.9802651	0.9690219	-0.9855422	-0.8861921	-1.0062778
0.87989885	-0.8679257	0.8604284	0.853993	-0.8444932	-0.8936244	-0.8655534	0.89354163	0.9543631	0.85213315	-0.8526219	0.9245244	-0.8932196	0.81248796	0.84678733	0.91724545
0.12847076	-0.17988123	0.08839436	0.18920033	-0.16218372	-0.100307725	-0.16354765	0.14266631	0.22117972	0.18829484	-0.16086587	0.15379044	-0.17790627	0.09540575	0.12983371	0.15661111
0.5167218	-0.6015852	0.55137277	0.59282106	-0.6357093	-0.6228948	-0.6697451	0.5919406	0.65846694	0.6033572	-0.5935237	0.62925464	-0.64046925	0.5611391	0.55008125	0.64650774
0.36561033	-0.41057462	0.4096071	0.38555428	-0.41037452	-0.38368213	-0.35941517	0.4455842	0.3467628	0.36608443	-0.4117976	0.37191534	-0.34404597	0.4365674	0.36645985	0.4220227
-0.5541215	0.5792916	-0.621201	-0.58453375	0.62407917	0.56974155	0.5719116	-0.5983167	-0.66380304	-0.59822106	0.62632346	-0.6621277	0.5883901	-0.59698826	-0.6300909	-0.592635
0.31362036	-0.30749896	0.3172507	0.27084097	-0.2744825	-0.25450525	-0.28496817	0.29388312	0.2974796	0.30684093	-0.29423967	0.29664412	-0.23888472	0.2367677	0.25965053	0.23809369
-0.17015044	0.15632224	-0.1605077	-0.19483985	0.18501821	0.18396501	0.157287	-0.13464426	-0.11928997	-0.1157211	0.17872371	-0.19118781	0.10977605	-0.15949702	-0.19143996	-0.1811533
1.1800395	-1.3489366	1.2161975	1.3043699	-1.4058425	-1.2831213	-1.2913882	1.2530646	1.5030311	1.2997836	-1.3132968	1.3230855	-1.2849609	1.2974149	1.3203728	1.4460375
0.2841851	-0.3604583	0.3388825	0.3075345	-0.38469133	-0.33233264	-0.3668675	0.3371885	0.40019387	0.3506149	-0.3246781	0.32321867	-0.40010253	0.3778797	0.35892957	0.33398518
-1.0399396	1.14125	-1.0378019	-1.103677	1.1431419	1.019867	1.0593935	-1.0644927	-1.2447015	-1.1094744	1.0820955	-1.1195455	1.0430233	-1.0570257	-1.0840179	-1.2011193
-0.016729388	-0.10870217	0.02425168	0.09016944	-0.1284224	-0.070773974	-0.11249346	0.056678083	0.14338243	0.10736111	-0.18086933	0.14673777	-0.18453354	0.108383566	0.12785059	0.10474088
0.8474246	-0.895886	0.8352115	0.94339746	-0.97823524	-0.84843457	-0.8549766	0.80340105	0.9903001	0.89799744	-0.9593159	0.9568018	-0.85528797	0.9207567	0.88216424	0.99576193
-0.19923022	0.19884802	-0.19031928	-0.19759667	0.22269386	0.253315	0.24258724	-0.22202969	-0.22424611	-0.21270421	0.23876289	-0.25952667	0.20646292	-0.2456755	-0.16165274	-0.27610734
0.2696971	-0.39317423	0.2756808	0.36461204	-0.3542149	-0.3123481	-0.3655	0.29639423	0.37937793	0.3256386	-0.40795484	0.35348445	-0.33900803	0.33781484	0.24993345	0.39823723
0.37000987	-0.45096818	0.37772644	0.4267071	-0.42200622	-0.3950383	-0.34560883	0.44995093	0.46949974	0.44892484	-0.45097932	0.3654067	-0.3771076	0.37010655	0.41446742	0.46299648
0.6681878	-0.6722116	0.6417856	0.68679184	-0.7431521	-0.6544573	-0.728083	0.62658066	0.7377605	0.72525847	-0.7250432	0.7003192	-0.7277222	0.71264815	0.6849698	0.749496
0.6680857	-0.7686041	0.6749553	0.8027974	-0.7392597	-0.7360887	-0.69890636	0.69776535	0.76211464	0.7034847	-0.74681836	0.7888903	-0.7305479	0.7608834	0.658852	0.7469947
0.20209712	-0.2318428	0.25626397	0.20893972	-0.26230958	-0.25437662	-0.17102686	0.23051135	0.19858676	0.24836381	-0.24311998	0.20021358	-0.23137064	0.19968423	0.25819612	0.18571034
-0.5256788	0.58981615	-0.568498	-0.60673827	0.6103323	0.60200644	0.6387511	-0.56238997	-0.6424139	-0.56249326	0.61433345	-0.5930555	0.61775833	-0.6028785	-0.62115	-0.59896505
-0.06320335	0.015389187	-0.026627285	-0.06897714	0.09654613	0.07037936	0.0970322	-0.082035966	-0.12571482	-0.04570008	0.06601327	-0.07107402	0.14089261	-0.101168856	-0.017924445	-0.1316849
0.94534415	-0.98396266	0.95799726	0.99143356	-1.0311989	-0.9272526	-0.95857096	0.93811285	1.0917058	0.935406	-0.9734958	0.9821246	-0.94563335	0.93333423	0.95140666	1.0835985
-0.21484137	0.13021767	-0.21179792	-0.19192249	0.10265174	0.13894317	0.14602038	-0.13479513	-0.09670412	-0.13662916	0.19681816	-0.1667762	0.12061565	-0.116254814	-0.17165829	-0.18319194
-0.5457797	0.5362833	-0.54446334	-0.54836196	0.5819451	0.5099118	0.5465278	-0.60164315	-0.6485834	-0.6106392	0.56418097	-0.5757219	0.6238548	-0.52269524	-0.56376946	-0.5680879
0.05588273	0.042159718	0.018025495	-0.028573887	0.05434067	0.08038191	0.10534991	-0.021752382	-0.05341434	-0.0613774	0.10999568	-0.10637962	0.1124404	-0.02280947	-0.037958253	-0.12257083
0.5376359	-0.5540585	0.5531412	0.51015866	-0.51894027	-0.53649193	-0.493617	0.54766786	0.57542545	0.51801866	-0.4727794	0.551965	-0.4499731	0.52857995	0.4821424	0.49640492
0.09944938	-0.039037663	0.07653248	0.031188201	-0.012947496	-0.08323019	-0.024743862	0.022410791	0.075879835	0.08339985	-0.009662518	0.06487632	-0.016749466	0.048781518	-0.0005122016	0.07666737
0.5051733	-0.5513158	0.52643365	0.5879899	-0.5431678	-0.56117666	-0.594484	0.58251387	0.6459624	0.5676047	-0.55921346	0.56825274	-0.6026054	0.5995546	0.54530144	0.5585046
-0.83154833	0.96659166	-0.91240937	-0.93986845	1.0156944	0.95398897	0.98418754	-0.9617312	-1.0496246	-0.90700334	0.9896798	-0.96164805	0.9960207	-0.9556494	-0.96101755	-0.9865544
-0.100633964	0.069543794	-0.098359615	-0.16589595	0.0791141	0.11712598	0.12395223	-0.07889115	-0.111696	-0.14621891	0.10089204	-0.13354391	0.15461124	-0.09314079	-0.07434889	-0.12670587
-0.28968468	0.26616246	-0.3393981	-0.3041595	0.32459262	0.2719697	0.32052183	-0.30803072	-0.2489331	-0.33962515	0.2929601	-0.33496183	0.3366097	-0.34554252	-0.34584272	-0.32054397
-0.31980586	0.5040932	-0.29030627	-0.4344124	0.48071435	0.36273748	0.4697884	-0.32103586	-0.53383297	-0.4724882	0.43577093	-0.48484504	0.45127988	-0.4135307	-0.408623	-0.43070891
0.42912677	-0.42893875	0.38682008	0.42984936	-0.42765754	-0.38053885	-0.3809252	0.3266552	0.3795427	0.38388965	-0.39756647	0.43425462	-0.3621367	0.41042557	0.36052868	0.4016302
0.1778834	-0.19335254	0.101922296	0.2143963	-0.22109072	-0.1866688	-0.14409727	0.1827189	0.18106048	0.12493339	-0.13582787	0.16872862	-0.1385222	0.17222762	0.16243997	0.1707926
0.34774324	-0.25212392	0.28655773	0.2601503	-0.33242753	-0.29912436	-0.27010852	0.24355526	0.29762006	0.28075874	-0.31466612	0.2675598	-0.31189847	0.23963913	0.2839647	0.3042598
0.6647069	-0.804529	0.7094619	0.70569324	-0.765643	-0.6739273	-0.7090809	0.6672927	0.8361223	0.75702643	-0.727292	0.796134	-0.75018424	0.6991143	0.7246465	0.82630706
-0.4995964	0.47612315	-0.4966947	-0.43784377	0.40958545	0.40603426	0.49185222	-0.46265942	-0.46700406	-0.44491535	0.4582138	-0.43527654	0.46400386	-0.43000633	-0.40714908	-0.4760238
0.26948434	-0.4063345	0.31857845	0.39075637	-0.38276285	-0.35758382	-0.32205218	0.26550528	0.35435537	0.39426038	-0.36785027	0.37626114	-0.31060553	0.38160244	0.29801247	0.33301497
-0.39847088	0.4989891	-0.41361696	-0.49252313	0.56929916	0.52117693	0.4886373	-0.5119335	-0.59073865	-0.51551557	0.526057	-0.4865995	0.4940406	-0.49425417	-0.48213252	-0.56368387
1.0784764	-1.0487579	1.0831162	1.0571703	-1.0788546	-0.9756798	-1.0373029	1.0012	1.1141237	1.0053562	-1.0341095	1.0300173	-0.95720196	1.001772	1.0408188	1.0565674
-0.002929148	-0.0038855863	0.024495518	-0.011404321	-0.0057445946	0.005569607	-0.029273199	0.007030336	0.018602388	-0.047032036	-0.020842878	-0.0073708515	0.026332647	-0.030276379	0.037665576	0.031768482
-0.13986278	0.09851401	-0.19395481	-0.12660624	0.12590301	0.18372242	0.06950051	-0.16627292	-0.12067956	-0.14929602	0.07630956	-0.07228319	0.16269174	-0.09381142	-0.18617296	-0.09550672
-0.7314682	0.834249	-0.78315026	-0.9005978	0.9141082	0.8133549	0.8893449	-0.79802924	-0.94728434	-0.79981667	0.82738066	-0.9259853	0.81018335	-0.76643693	-0.81313723	-0.9345182
0.164398	-0.22794068	0.10845934	0.20815045	-0.18362997	-0.1655968	-0.21557336	0.14617793	0.2611242	0.21197411	-0.23969345	0.20919473	-0.1985143	0.18725342	0.16246909	0.2302683
-0.15522262	0.14739032	-0.16447711	-0.15527631	0.16257277	0.158238	0.12842163	-0.13254927	-0.19299813	-0.124690205	0.22721249	-0.18363784	0.21606353	-0.16136803	-0.20626868	-0.20180029
-0.31073654	0.48211363	-0.40427923	-0.45998362	0.48148513	0.35288283	0.4608043	-0.40248543	-0.46763644	-0.40637583	0.5026158	-0.4601166	0.40023813	-0.43862963	-0.36487123	-0.4393331
0.40678304	-0.5137333	0.4446906	0.5549837	-0.59836817	-0.51927084	-0.5836196	0.4437848	0.69727814	0.5528946	-0.5933638	0.62953603	-0.5281582	0.5658124	0.45788506	0.643357
0.027743846	-0.07367845	0.013503104	0.06222007	-0.054617163	-0.016078519	-0.113614656	0.06683157	0.14094482	0.099006884	-0.07839293	0.06755595	-0.09141927	0.060586654	0.08117257	0.043207828
-0.27197245	0.36804146	-0.28721178	-0.37331557	0.33240882	0.3004041	0.3298252	-0.33338702	-0.4269358	-0.3401221	0.31855315	-0.39536232	0.3070913	-0.35334218	-0.28518635	-0.3520641
-0.08719622	0.09650065	-0.13927875	-0.09573007	0.04863826	0.1690838	0.13474907	-0.17680183	-0.08274369	-0.07671284	0.10007473	-0.0833637	0.13559893	-0.08211293	-0.120996125	-0.1516505
-0.09451607	0.15286607	-0.117174566	-0.217922	0.16704236	0.11717863	0.09620844	-0.17625336	-0.14314067	-0.11516627	0.1439794	-0.20466042	0.14279042	-0.19158058	-0.13361621	-0.121688314
0.45596814	-0.456991	0.43731055	0.4452762	-0.47717023	-0.43550536	-0.4679915	0.40810874	0.5678873	0.49571067	-0.514471	0.5371413	-0.45946437	0.4194943	0.43481913	0.48893467
-0.34271798	0.35430774	-0.41457546	-0.38607532	0.37704217	0.42119735	0.34360853	-0.34138125	-0.45989308	-0.3755663	0.39139482	-0.39605471	0.41105622	-0.413397	-0.3489948	-0.39758584
-0.05467567	0.064725794	-0.033480752	-0.04743947	0.07796704	0.020602973	0.029725835	-0.097072154	-0.1395689	-0.08465955	0.123760276	-0.09700353	0.14240645	-0.055929318	-0.080862515	-0.10009969
0.6381951	-0.7546112	0.6497389	0.7697611	-0.7327844	-0.7040081	-0.7665402	0.63339204	0.73759174	0.7015132	-0.72283506	0.74137294	-0.6888957	0.7131573	0.668365	0.71367556
-0.41336998	0.37786943	-0.44266203	-0.4064867	0.419067	0.39361984	0.3999822	-0.4283042	-0.4399648	-0.37736848	0.43238142	-0.42583683	0.40142623	-0.44722098	-0.46736285	-0.47330204
-0.31078658	0.30429322	-0.43494767	-0.30994642	0.39345953	0.31473395	0.3199668	-0.39466828	-0.4008486	-0.3045244	0.3938175	-0.32393435	0.32544	-0.35849676	-0.32959184	-0.41883364
0.48304942	-0.64250624	0.4878899	0.63117784	-0.59865505	-0.53260046	-0.61466825	0.55400157	0.6962916	0.59830356	-0.5524037	0.64512396	-0.6054861	0.5572351	0.4925416	0.62157446
-0.60530794	0.7245992	-0.6186605	-0.7103784	0.80044335	0.685387	0.6951611	-0.6959426	-0.77093303	-0.68042177	0.70499444	-0.7867663	0.736811	-0.6493635	-0.64775455	-0.78118306
0.35638002	-0.28819895	0.29932874	0.2964366	-0.3413658	-0.2814647	-0.31982931	0.3597907	0.3691571	0.29071024	-0.296862	0.3732192	-0.27857456	0.27372473	0.3011083	0.29313517
0.6680649	-0.7805086	0.6264681	0.72903836	-0.78961474	-0.74206465	-0.7335854	0.66278994	0.82849574	0.6970343	-0.80095595	0.81970245	-0.75102526	0.7512192	0.72831315	0.7610138
0.5333558	-0.54681355	0.5718663	0.51830137	-0.6024548	-0.50125164	-0.5304249	0.5514273	0.6351203	0.5528404	-0.5968075	0.5325988	-0.5441948	0.602763	0.5188002	0.54900175
1.3859959	-1.4929225	1.3538634	1.4508122	-1.5602816	-1.4332794	-1.423271	1.3963825	1.5725142	1.4250759	-1.5344251	1.5099099	-1.422552	1.4642179	1.4141593	1.5328968
0.5804596	-0.6969653	0.6361691	0.6495359	-0.7046601	-0.63538325	-0.6639393	0.62852335	0.7052501	0.6278691	-0.6843275	0.639625	-0.7257972	0.655308	0.6098834	0.6555763
-0.15166424	0.038796388	-0.085025825	-0.1347902	0.0074461945	0.13440996	0.11321786	-0.11995318	-0.075142644	-0.07345748	0.046731345	-0.06176756	0.0583257	-0.11869691	-0.13427077	-0.033536147
0.3494054	-0.30910635	0.33575824	0.27786523	-0.28048182	-0.35758516	-0.3327477	0.31595704	0.33716598	0.34326854	-0.26926357	0.34753034	-0.30544966	0.31591758	0.3521234	0.31470388
-0.27676928	0.2283598	-0.22422133	-0.2613238	0.21933724	0.17908624	0.2083291	-0.181326	-0.23466043	-0.18611486	0.18895812	-0.21493663	0.21006875	-0.22827807	-0.24277188	-0.22333418
0.10774122	-0.07587851	0.10480429	0.023871465	-0.08832091	-0.061736304	-0.117340066	0.10587455	0.022291148	0.023097234	-0.07763971	0.067051	-0.054265067	0.10961544	0.09806418	0.0829604
-0.06440019	0.050258894	-0.14281893	-0.055588186	0.029835463	0.012717093	0.05425256	-0.042348374	-0.06754915	-0.055758953	0.032889463	-0.04051694	0.08301446	-0.08658901	-0.10526234	-0.076171204
-0.18994902	0.28011972	-0.27712646	-0.26833287	0.34260502	0.21989575	0.30264887	-0.24590075	-0.35472375	-0.24547924	0.32742965	-0.34572652	0.22606474	-0.3099	-0.29705817	-0.2731869
-0.002309381	0.07624955	0.0032574006	-0.05948689	0.148424	0.007890187	0.1059149	-0.027524568	-0.07466061	-0.03526865	0.107968554	-0.12363401	0.07547733	-0.07412274	-0.022750353	-0.03711824
0.14480388	-0.11797609	0.14924084	0.13560799	-0.13000411	-0.13811831	-0.1790517	0.16967495	0.11405882	0.0879225	-0.1311566	0.1586005	-0.15754607	0.13600819	0.083891824	0.17903072
0.033926714	-0.16562213	0.034203175	0.10786624	-0.19699907	-0.14006458	-0.19293906	0.14731187	0.14708005	0.118149765	-0.14314371	0.17138804	-0.11728983	0.13367788	0.07254829	0.13483672
-0.32493687	0.2346808	-0.33844882	-0.2079338	0.29139304	0.30071896	0.2588482	-0.23253146	-0.27300483	-0.28611588	0.26400492	-0.25786987	0.21246243	-0.2668404	-0.23584118	-0.28361392
-1.3067808	1.4969542	-1.5218796	-1.5225677	1.5477095	1.4368994	1.4267027	-1.457632	-1.662913	-1.4541259	1.5045995	-1.577842	1.4408765	-1.4381698	-1.3942957	-1.5313541
0.24967378	-0.21345572	0.33701327	0.20287314	-0.31065205	-0.23926093	-0.30289757	0.2352857	0.32394892	0.24758561	-0.2788984	0.2563154	-0.22206673	0.21262981	0.22240199	0.2921701
-0.005396145	-0.11151529	0.0924587	0.049944196	-0.14596987	-0.11067561	-0.04892077	0.06934168	0.11174798	0.040682845	-0.055935297	0.10127766	-0.08315024	0.09126647	0.096644536	0.12343454
-0.1296206	0.19129398	-0.18823974	-0.15707791	0.10154771	0.13746785	0.11801196	-0.16889665	-0.16389327	-0.12926438	0.12614423	-0.12757233	0.12892608	-0.1476115	-0.17510207	-0.1746462
0.2721723	-0.29406732	0.22724113	0.3232621	-0.2595128	-0.26516247	-0.3170881	0.27271202	0.30346918	0.33549988	-0.3335893	0.2770956	-0.2872797	0.2803778	0.27501005	0.2953578
-0.2937929	0.37623107	-0.26823568	-0.36742663	0.34724995	0.32479534	0.35242766	-0.27267057	-0.41361442	-0.38360894	0.3475038	-0.40698004	0.3213812	-0.30152205	-0.28905737	-0.425823
0.5416508	-0.6575726	0.5288038	0.6142842	-0.6676503	-0.58052146	-0.6484526	0.60864246	0.68581176	0.6032634	-0.58935684	0.64164823	-0.6199863	0.5518226	0.531465	0.64880705
-0.10126882	0.12681973	-0.14005373	-0.09643786	0.08567879	0.07557042	0.06851036	-0.058290392	-0.13948478	-0.12204907	0.06939658	-0.13941495	0.05677227	-0.120833	-0.0776356	-0.08793309
0.43493125	-0.40803447	0.4875751	0.40317467	-0.43651095	-0.39954314	-0.47702432	0.40750268	0.39583683	0.46887323	-0.45749912	0.38081864	-0.4236534	0.42217562	0.3735377	0.48017812
-0.24345985	0.24441887	-0.31293973	-0.23736043	0.25470385	0.25127771	0.2912291	-0.26659244	-0.22286311	-0.21444295	0.22036856	-0.2741836	0.27143583	-0.20358	-0.28810546	-0.29812065
-0.45205694	0.45149744	-0.46505105	-0.4704418	0.46923804	0.44746956	0.3930237	-0.44812855	-0.49284026	-0.45337838	0.4679598	-0.4503115	0.4159716	-0.41437864	-0.36762702	-0.40943208
-0.38064805	0.45815763	-0.37594384	-0.45102614	0.46177748	0.45210132	0.4477447	-0.41073504	-0.46214926	-0.39941734	0.42069638	-0.4820068	0.42502514	-0.42459437	-0.39674005	-0.4887625
-0.120321855	0.08602446	-0.14094861	-0.067403205	0.10470731	0.10614197	0.05284827	-0.055014245	-0.086415075	-0.02874574	0.035506338	-0.11910223	0.08570038	-0.0790138	-0.029779898	-0.060189802
0.18566224	-0.31788713	0.21118227	0.2913041	-0.33550993	-0.22194766	-0.28183132	0.2827897	0.2769461	0.28188708	-0.26042324	0.29794592	-0.239577	0.24539892	0.28225216	0.2981859
0.19267464	-0.21313561	0.21027601	0.21583672	-0.19500291	-0.17065962	-0.20993613	0.25982198	0.2355564	0.23004591	-0.21303037	0.17341031	-0.23032479	0.19480203	0.13888882	0.24794818
0.39669678	-0.34836113	0.37588987	0.38868615	-0.37647665	-0.3890434	-0.37108594	0.41937968	0.41582495	0.35625908	-0.37430093	0.38976386	-0.3315522	0.38097128	0.3720258	0.366982
0.18936348	-0.25774786	0.1575368	0.28503674	-0.31258598	-0.17644276	-0.22833322	0.22965899	0.30766565	0.21447197	-0.30387354	0.24318083	-0.21497697	0.22793488	0.19277795	0.26166964
-0.16493037	0.21462338	-0.17364384	-0.14809072	0.17039281	0.18403715	0.17347929	-0.102181084	-0.1996372	-0.20012291	0.20897906	-0.15034866	0.18402293	-0.09888823	-0.10541457	-0.2068124
-0.3617342	0.46973205	-0.37919158	-0.40154517	0.48697615	0.41312656	0.4499336	-0.42549443	-0.47760147	-0.43871775	0.4661846	-0.49389666	0.42142424	-0.36622706	-0.4397369	-0.4482146
-0.053671643	0.057415295	-0.15546119	-0.071206555	0.078589976	0.04127559	0.005204695	-0.05589131	-0.055624813	-0.07825407	0.048677295	-0.00814532	0.07547144	-0.03041258	-0.06478591	-0.015447455
-0.3410874	0.3400554	-0.31154057	-0.39027336	0.4412955	0.36205468	0.39052206	-0.33471078	-0.44222072	-0.33210725	0.42062712	-0.43140706	0.40050253	-0.32769448	-0.36378834	-0.41388053
-0.7744204	0.86107403	-0.91222024	-0.88185424	0.88726956	0.90503556	0.8405031	-0.9059685	-0.9196145	-0.8948662	0.9085574	-0.9005829	0.8878119	-0.9160596	-0.8459755	-0.9538753
0.4966406	-0.56540513	0.49971372	0.59067374	-0.5856047	-0.54803497	-0.50167865	0.53308296	0.6148426	0.54989934	-0.525809	0.5311543	-0.53837335	0.5717859	0.51891375	0.59686565
-0.6377617	0.71556264	-0.61534905	-0.6321485	0.64990807	0.5881598	0.6297027	-0.599115	-0.69064826	-0.65764946	0.64463174	-0.6798902	0.60890055	-0.673904	-0.6720097	-0.7159539
-0.37678805	0.43404555	-0.4124105	-0.4597656	0.46741983	0.41363904	0.47453675	-0.49966103	-0.5156318	-0.43545336	0.4910693	-0.46492833	0.45910752	-0.46062988	-0.41595224	-0.43731415
0.63189316	-0.6535985	0.68133116	0.67425054	-0.783163	-0.7142513	-0.73112875	0.70764077	0.74238986	0.71569425	-0.72017825	0.73896503	-0.68690294	0.6807979	0.68570936	0.76544774
0.048428964	-6.384788e-05	0.110780455	0.06633943	0.010104766	-0.050855324	-0.038914945	0.046050567	0.061411772	0.026061064	-0.05394666	0.036452476	-0.03411712	0.032734234	0.04173179	0.078411475
-1.0972259	1.1895427	-1.1419969	-1.1741887	1.2408282	1.1213318	1.1296026	-1.183243	-1.2398647	-1.109072	1.1373966	-1.1759652	1.1390417	-1.1320493	-1.1406214	-1.2532189
-0.122692645	0.09971633	-0.17425625	-0.14345941	0.057197165	0.078295454	0.14953284	-0.1028714	-0.07502847	-0.04345491	0.12335539	-0.08691049	0.11315329	-0.13505386	-0.13195044	-0.0797011
-0.7844502	0.5915131	-0.526347	-0.5322673	0.55457044	0.65499055	0.6357647	-0.4216679	-0.59005904	-0.5667883	0.5752361	-0.5279736	0.4549045	-0.57958674	-0.5262082	-0.5603896
-0.15884253	0.18567249	-0.1348534	-0.15503164	0.17986992	0.14504457	0.11386071	-0.121027164	-0.15986066	-0.18813889	0.13411039	-0.12116447	0.12674814	-0.19364685	-0.15262407	-0.16213149
0.33248982	-0.4661534	0.38080683	0.45832953	-0.46495646	-0.37643626	-0.41028637	0.3625797	0.40452302	0.4588291	-0.43966168	0.38509387	-0.45183152	0.3911746	0.41716382	0.42395625
0.386991	-0.33075842	0.3999354	0.3384218	-0.4076983	-0.40307307	-0.39880884	0.4097066	0.43768597	0.35982385	-0.37783685	0.36992782	-0.39122552	0.39448494	0.32845253	0.3621504
-0.21588983	0.29929897	-0.139089	-0.2545741	0.23760365	0.2807933	0.26760942	-0.18519057	-0.20815773	-0.24872684	0.24067478	-0.26671523	0.19272903	-0.2556324	-0.2048832	-0.23348106
0.15210232	-0.115919165	0.068101026	0.12373653	-0.072279185	-0.08022988	-0.07665448	0.10041997	0.041498203	0.08527714	-0.0870747	0.07165155	-0.060067598	0.102765374	0.05119631	0.09625461
-0.46221885	0.5326957	-0.46718702	-0.5109443	0.4934616	0.49569762	0.45946234	-0.5116441	-0.49579936	-0.46905053	0.49145937	-0.56610745	0.5320913	-0.53024566	-0.45310342	-0.53487194
-0.08058764	0.14873229	-0.085760124	-0.1719606	0.12165393	0.09352692	0.083616786	-0.11361276	-0.1424826	-0.16427027	0.12080953	-0.14277497	0.14584255	-0.13486265	-0.07608944	-0.1920506
0.48079973	-0.48756924	0.53016424	0.51054376	-0.5913288	-0.55580044	-0.5302522	0.4591908	0.603478	0.52698815	-0.5699439	0.5857362	-0.57851505	0.5363882	0.45881465	0.6146835
-0.7235873	0.69407624	-0.7201479	-0.75193137	0.7477211	0.6689887	0.7207918	-0.67905265	-0.76450413	-0.71696514	0.71626043	-0.76215845	0.7253846	-0.72232825	-0.7396005	-0.79367983
-1.4977885	1.6053554	-1.6430304	-1.6469848	1.68126	1.5840924	1.5723327	-1.6468773	-1.7563103	-1.5924065	1.6537735	-1.7265067	1.6417983	-1.5618606	-1.5809422	-1.6896836
0.06715495	-0.03394855	0.05483462	0.058140274	-0.08727811	-0.13493927	-0.12908515	0.06186567	0.09598076	0.13196152	-0.035159696	0.05197524	-0.08586292	0.11801245	0.123924874	0.06520575
0.14147577	-0.18099521	0.13912423	0.16993065	-0.24057579	-0.17874177	-0.18289757	0.17466894	0.280651	0.23454282	-0.20106123	0.2716862	-0.2367329	0.17863145	0.18076816	0.21390688
0.30257288	-0.20004423	0.24241294	0.20068608	-0.20882738	-0.23792535	-0.21938117	0.17697333	0.29551974	0.2564387	-0.27845734	0.24608447	-0.25538537	0.22223094	0.21394004	0.2753995
0.6970335	-0.68566287	0.7643601	0.69765455	-0.6995238	-0.668541	-0.74574995	0.68276066	0.7876882	0.67467415	-0.71072423	0.76020503	-0.7321385	0.6993023	0.6834217	0.77582043
-1.2113222	1.2148623	-1.3158445	-1.2815611	1.2358085	1.2280715	1.2845701	-1.2084911	-1.2849239	-1.2555288	1.2174557	-1.2383597	1.2750175	-1.2638086	-1.2318969	-1.2587947
0.0419166	-0.030048734	-0.0018237995	-0.031292606	0.017628409	-0.050944787	0.0031390248	0.0058232495	0.022119528	0.01850348	-0.04911826	0.011721169	0.028247917	-0.0024628048	0.05142365	0.0018207859
-0.24123926	0.34562546	-0.3574729	-0.358375	0.40658483	0.36004773	0.40938574	-0.4157893	-0.4429358	-0.33687934	0.34690806	-0.35215193	0.41565442	-0.33635426	-0.36887166	-0.383196
-0.1403392	0.027024165	-0.09729672	-0.067307316	0.077123456	0.043256637	0.079705566	-0.12708004	-0.059038974	-0.09184553	0.06950545	-0.0984266	0.017676556	-0.081449814	-0.10851707	-0.09720517
-0.375205	0.42086944	-0.37533268	-0.38828585	0.39633647	0.43085724	0.4261402	-0.4361823	-0.5210397	-0.35753253	0.47406387	-0.4560538	0.36104318	-0.3609179	-0.36801544	-0.46782264
-0.1643094	0.25613394	-0.21749195	-0.22975323	0.1896836	0.17670986	0.17122917	-0.21785106	-0.25014454	-0.2432318	0.17607048	-0.21588479	0.22299403	-0.16724646	-0.21878262	-0.26091087
-0.08249064	0.08798873	-0.1410323	-0.053918816	0.088968456	0.069350176	0.095702425	-0.08643847	-0.025018906	-0.06903181	0.017612685	-0.058034927	0.100276746	-0.08983002	-0.04130997	-0.0978076
0.3162452	-0.32197103	0.39443693	0.38302535	-0.33896106	-0.34000883	-0.3584309	0.35434663	0.30399314	0.29966676	-0.29798222	0.35739854	-0.3080166	0.29832846	0.29160535	0.34479442
0.2641149	-0.31456202	0.27018985	0.3998109	-0.33085126	-0.32648784	-0.3895497	0.25937164	0.35926366	0.3475309	-0.3798722	0.41908887	-0.3696317	0.2943568	0.29721886	0.37342787
-0.48453307	0.5024484	-0.588304	-0.55375457	0.5421079	0.5175924	0.4660258	-0.48445293	-0.542821	-0.50809646	0.51923925	-0.5157486	0.49038804	-0.47665095	-0.510407	-0.51775444
-0.44899908	0.51796395	-0.46821216	-0.51111674	0.4831253	0.4689258	0.46894747	-0.5036813	-0.5651868	-0.4947873	0.5186108	-0.47750115	0.496784	-0.4681146	-0.46131235	-0.5460781
0.21939236	-0.26242912	0.2791178	0.16945094	-0.26751006	-0.24067849	-0.22134076	0.22844951	0.2607303	0.2275407	-0.24095987	0.25376067	-0.26279992	0.21959649	0.27606627	0.30098245
0.2682023	-0.31363	0.31089365	0.3321001	-0.29525703	-0.27187634	-0.30143613	0.27861965	0.3340492	0.29779312	-0.33782503	0.30743718	-0.28147015	0.27686292	0.32532772	0.28836283
-0.4653855	0.44479668	-0.56210893	-0.4668162	0.4169179	0.48920423	0.46770662	-0.55136836	-0.444797	-0.43363318	0.4288722	-0.41364086	0.42758062	-0.4244446	-0.43303853	-0.4482321
0.30012262	-0.29365453	0.28560287	0.32212558	-0.39098564	-0.26962212	-0.30659485	0.25570652	0.3642994	0.35572752	-0.37476382	0.38325268	-0.31068492	0.2655356	0.32778305	0.37021798
0.06472639	-0.035096813	0.11865591	-0.0044958154	-0.03067177	-0.053009886	-0.0075263944	0.093598545	0.051597103	0.098085605	-0.021434555	0.08015282	-0.0065442813	0.040797483	0.04810647	0.06149083
0.34879532	-0.3698456	0.43159947	0.43069232	-0.3988004	-0.39297095	-0.41576922	0.41453618	0.5058385	0.41487142	-0.4544124	0.39823988	-0.41600817	0.43241695	0.4194059	0.4113684
-0.90222067	0.95028985	-0.9699662	-0.999101	0.9689077	0.9259587	0.93597335	-0.94192785	-1.0581213	-0.9951253	0.9588248	-1.0206617	0.9489274	-0.92279935	-0.93009573	-0.9726355
-0.5777066	0.7052752	-0.66153723	-0.65422326	0.7255835	0.67959523	0.62814313	-0.66520077	-0.7509763	-0.64059216	0.7360486	-0.6745804	0.63561064	-0.64142513	-0.5919875	-0.74452925
0.16682447	-0.24193576	0.19768745	0.22277324	-0.17476518	-0.22273315	-0.20274001	0.18074891	0.20168602	0.17380759	-0.2130449	0.1648417	-0.18933398	0.19078697	0.22643049	0.2611715
0.17249162	-0.115037166	0.13152641	0.10013515	-0.07454683	-0.097585894	-0.0949116	0.1149466	0.06505754	0.14452109	-0.06559475	0.08808045	-0.12916297	0.13832442	0.07980141	0.14567445
0.26290166	-0.3235145	0.31747994	0.24094297	-0.25858447	-0.30082983	-0.30947393	0.2507454	0.31460524	0.2495449	-0.3220845	0.29817042	-0.23094165	0.28908193	0.2525689	0.27118385
-1.4595714	1.5939628	-1.5938252	-1.5960478	1.6506486	1.5254126	1.5553242	-1.5332128	-1.7448965	-1.5711827	1.6371785	-1.5947222	1.5841519	-1.5692514	-1.5576599	-1.6538498
-0.2409191	0.20588872	-0.20668554	-0.18272936	0.19444272	0.25774184	0.15476504	-0.23680106	-0.15867457	-0.15078884	0.18658787	-0.2041757	0.16418222	-0.21388526	-0.2419446	-0.1720767
-0.25702757	0.2945243	-0.35558838	-0.39419094	0.3267959	0.30420667	0.34678826	-0.37659666	-0.36000457	-0.29933953	0.3422282	-0.3750759	0.35015294	-0.36665508	-0.26946506	-0.3439823
-0.032537077	0.089067414	-0.08180806	-0.08546517	0.16460711	0.04443874	0.1353794	-0.10510809	-0.15493254	-0.1529176	0.14327481	-0.1338722	0.17064665	-0.07593774	-0.08208152	-0.07796817
0.45694676	-0.4920656	0.37477037	0.45426413	-0.50736743	-0.47549352	-0.44982147	0.39190042	0.56434315	0.48810098	-0.4946473	0.49637672	-0.48418617	0.4216969	0.48039833	0.47914994
0.25605798	-0.30083087	0.2795067	0.19972444	-0.29911748	-0.20568375	-0.2652028	0.2503942	0.29761615	0.27062187	-0.265796	0.23055758	-0.2818152	0.21834263	0.18636712	0.23314826
-0.17045268	0.21603322	-0.26032278	-0.24014056	0.28587693	0.19355881	0.25392392	-0.27622166	-0.29957923	-0.1960141	0.21754357	-0.24880692	0.21924174	-0.24994618	-0.2597338	-0.2774448
1.4811152	-1.6651908	1.6730293	1.6561882	-1.7106438	-1.5516261	-1.6278269	1.6049284	1.8313631	1.6219366	-1.6878005	1.682812	-1.6050135	1.5797833	1.6069237	1.8167962
0.25806803	-0.2026798	0.3024735	0.2424374	-0.24803475	-0.21984416	-0.2879061	0.27387705	0.23831394	0.25458592	-0.28669134	0.28710726	-0.2272939	0.25969654	0.21899708	0.19993849
0.053760104	0.09190486	-0.011173138	-0.06944986	0.14311568	0.031562425	0.054465294	-0.011379757	-0.12549691	-0.08078355	0.04877176	-0.05938212	0.112251125	-0.104639046	-0.05981121	-0.06653397
-0.31919524	0.42784515	-0.31871536	-0.40149063	0.434119	0.42944354	0.4538178	-0.35988718	-0.5357693	-0.44230354	0.4617336	-0.43294236	0.44854626	-0.4058766	-0.42223775	-0.45862955
-0.76899016	0.70270497	-0.7467258	-0.7692915	0.73160607	0.7518863	0.708027	-0.7172366	-0.7554611	-0.7729906	0.79946256	-0.72530335	0.72942454	-0.7549507	-0.7204661	-0.7583288
0.055691205	0.022858765	-0.003691267	-0.03202982	0.048354283	-0.0014310527	0.039447702	-0.0058081886	-0.037978537	-0.005920475	0.044241846	-0.02435999	0.0050640157	-0.005303119	0.03338789	0.037338108
-0.23399644	0.29540348	-0.26591858	-0.22018878	0.20877762	0.20650406	0.2288394	-0.27850452	-0.24168427	-0.23625673	0.2424557	-0.26079655	0.2767496	-0.30320162	-0.2446429	-0.25840625
0.396313	-0.39866	0.33857042	0.4274121	-0.37418553	-0.3997351	-0.32951522	0.3834109	0.42299458	0.3872713	-0.3547525	0.44687176	-0.33458933	0.35645837	0.35449672	0.36618406
-0.2978344	0.3679744	-0.2711915	-0.3739021	0.33229345	0.36284283	0.38417578	-0.35485628	-0.35951653	-0.38559374	0.40071774	-0.37067	0.37722257	-0.38639125	-0.35615316	-0.40744433
-0.65645665	0.7081902	-0.6686226	-0.646509	0.7063832	0.63850534	0.6948762	-0.66350156	-0.75628823	-0.65989745	0.6630635	-0.7243047	0.700111	-0.71262926	-0.6597024	-0.69708973
-0.6182266	0.70429736	-0.64416856	-0.64541775	0.742977	0.6207512	0.67485017	-0.62999076	-0.71742535	-0.71517473	0.7360135	-0.7115446	0.68643874	-0.63220775	-0.65563256	-0.68614686
0.28910166	-0.3847453	0.3485818	0.35606554	-0.4199884	-0.37246886	-0.369223	0.31525564	0.43391436	0.32349494	-0.41220728	0.4009197	-0.31627306	0.32223433	0.3142099	0.39570144
-0.085907824	0.08323555	-0.12105143	-0.07044728	0.061258286	0.07599428	0.04397802	-0.06756954	-0.015711088	-0.108855605	0.10862355	-0.07754716	0.061682116	-0.06076127	-0.0338536	-0.015860833
-0.12448575	0.05210648	-0.13708772	-0.09348264	0.108215764	0.15129296	0.124000624	-0.12264091	-0.072207384	-0.10182286	0.14647423	-0.058094192	0.10044432	-0.14481279	-0.08119426	-0.15653871
-0.6374475	0.7159091	-0.6809168	-0.7019912	0.689515	0.6165151	0.674599	-0.69751155	-0.7279442	-0.72694707	0.6944274	-0.68775064	0.64762527	-0.6949523	-0.6842216	-0.6710255
-0.21518846	0.25539798	-0.25862646	-0.2591889	0.22473364	0.23516774	0.264929	-0.2282857	-0.25667995	-0.28778544	0.20044406	-0.27842402	0.20134985	-0.24718294	-0.29400176	-0.2174565
0.30158773	-0.3114953	0.28753406	0.3503518	-0.3330874	-0.23993042	-0.2762117	0.30635965	0.3948167	0.30798066	-0.36322036	0.3310437	-0.27742875	0.31422678	0.29610616	0.30367523
-1.4803245	1.5457593	-1.5757188	-1.5506471	1.6665621	1.4550402	1.5575094	-1.5319381	-1.7085198	-1.5737205	1.5780075	-1.5700408	1.5991689	-1.4825721	-1.4979956	-1.6887977
0.26053736	-0.078291334	0.24619974	0.08701633	-0.15330213	-0.18420093	-0.18326928	0.08190578	0.09927861	0.10542919	-0.15586399	0.065297976	-0.13691443	0.11868697	0.15946105	0.14849591
-1.1639041	1.3765492	-1.4072978	-1.4603537	1.5204352	1.291428	1.4154267	-1.4178993	-1.5551543	-1.3854417	1.4719532	-1.4161801	1.3728255	-1.3924009	-1.3274974	-1.472154
-0.1200479	0.11459201	-0.15652151	-0.14341152	0.18596195	0.105567954	0.14818257	-0.14237276	-0.12522155	-0.10884985	0.198138	-0.18960345	0.10903307	-0.14623295	-0.18003061	-0.1621853
-0.014289531	0.111363314	-0.102350794	-0.11020596	0.075623475	0.062399507	0.12043694	-0.04864511	-0.15070736	-0.13356565	0.12478295	-0.11927897	0.118945934	-0.121322736	-0.061779782	-0.0823643
0.114074245	-0.049415026	0.056608606	0.041243825	-0.11188943	-0.14155023	-0.08553515	0.07208302	0.102503784	0.116134964	-0.05461707	0.016495986	-0.014858057	0.03575993	0.050368756	0.04610089
-0.30799496	0.3830304	-0.40432298	-0.41505584	0.40141788	0.34938902	0.37037387	-0.3725714	-0.41396716	-0.35238478	0.39555883	-0.45270965	0.41671872	-0.3768426	-0.36790216	-0.46846417
0.08218436	-0.022135723	0.035945896	0.04554609	-0.018258793	0.008015664	0.008719358	0.066485174	0.010969666	-0.0052856198	-0.018212233	0.053926375	-0.00019643828	0.0046389	0.044903126	0.032631394
0.14788008	0.010633052	0.08583014	0.014837333	-0.0073023895	-0.051395845	-0.0390578	-0.028631775	0.0009652113	-0.037897818	0.028625304	-0.06254831	0.04583646	-0.022177473	0.0077887205	-0.055087704
-0.18128921	0.13243458	-0.10278418	-0.12515171	0.19991772	0.16640301	0.17881133	-0.16314623	-0.2292641	-0.12612773	0.13723063	-0.1529517	0.19112164	-0.15220444	-0.1708345	-0.18907541
0.37991798	-0.48044154	0.33170804	0.47535452	-0.4553518	-0.43776754	-0.4833344	0.45670068	0.49879453	0.49865475	-0.4915928	0.44778636	-0.5021885	0.40077713	0.41003388	0.52820945
-0.17151277	0.10716079	-0.14275791	-0.08004448	0.13577116	0.11898909	0.17951776	-0.100128695	-0.12116083	-0.17712453	0.1049727	-0.17801975	0.116236545	-0.11878727	-0.10700227	-0.10543818
0.16473328	-0.29341182	0.12992437	0.2591328	-0.25041148	-0.1739857	-0.2803362	0.1884924	0.29089272	0.1953888	-0.21507491	0.29106742	-0.22475491	0.27217543	0.18411762	0.28434682
0.05668324	-0.030354507	-0.027038962	0.016002987	-0.09587821	-0.06644932	-0.050305307	0.01713567	0.085550845	0.09533049	-0.023949781	0.075408824	-0.03641106	0.016429937	0.06615554	0.076613575
1.1528951	-1.2676783	1.2898973	1.227571	-1.285591	-1.1769089	-1.2211015	1.1479594	1.3468897	1.2451333	-1.2073087	1.2708763	-1.2500714	1.2575462	1.1775335	1.2812244
-0.05416775	0.0071145752	-0.058592208	-0.06188747	0.017372698	0.03690107	-0.025142187	-0.045610543	-0.04454091	-0.04339339	0.03750592	-0.069890656	0.052389786	-0.050224625	-0.054023776	-0.0011584164
-0.14709693	0.11490236	-0.073388025	-0.14459829	0.09725375	0.15169743	0.1399798	-0.053903252	-0.09839973	-0.13576156	0.16671525	-0.161794	0.10266669	-0.15923415	-0.11864999	-0.17099519
-0.7270604	0.83970755	-0.80515325	-0.7645421	0.89172214	0.8071909	0.7802845	-0.8435468	-0.9127976	-0.78743285	0.88935083	-0.8517336	0.8421789	-0.8059637	-0.80852896	-0.892101
0.034677263	-0.1029015	0.053759206	0.08572645	-0.117548786	-0.1560051	-0.13406615	0.15761656	0.16656744	0.123149976	-0.0973848	0.12544945	-0.081693746	0.072698675	0.082911864	0.1210077
-0.111035444	0.14583619	-0.07602027	-0.107110046	0.121696614	0.13123685	0.14864597	-0.052617513	-0.10046974	-0.1636291	0.112811536	-0.13158819	0.15771297	-0.11859077	-0.11443758	-0.084851235
-0.011745632	-0.020338554	0.03509756	-0.015867483	-0.0021865433	0.02323646	-0.003379524	0.035286848	0.015546117	-0.008934652	0.062579095	0.025295217	-0.012008844	-0.0385077	-0.0015333185	0.0028032365
0.7217521	-0.75099945	0.7209743	0.7729351	-0.80365837	-0.6970272	-0.76420516	0.7384009	0.9027617	0.783971	-0.8332438	0.7675773	-0.7642291	0.7740206	0.69776034	0.8069404
0.08066261	-0.1322167	0.01425277	0.083231434	-0.12532249	-0.073643625	-0.11504654	0.045871615	0.07183228	0.11050482	-0.11221877	0.07170579	-0.08326866	0.07513013	0.05190905	0.08700947
0.34938097	-0.32474715	0.34818372	0.33822727	-0.35805354	-0.29763585	-0.33121455	0.3090103	0.32179156	0.34201255	-0.37160277	0.31683987	-0.26370415	0.28489894	0.2925887	0.32906127
0.28480852	-0.3321884	0.3210064	0.32460943	-0.27815506	-0.26039445	-0.3151222	0.32929054	0.3340854	0.31405887	-0.31911743	0.34052193	-0.30020112	0.25031453	0.2934162	0.31710768
0.26109615	-0.32722786	0.2149149	0.34125975	-0.30907243	-0.28895336	-0.27874842	0.25671214	0.37830046	0.2648606	-0.29120395	0.33823273	-0.33680665	0.29869115	0.2719264	0.38065636
-0.47593057	0.4489046	-0.5007009	-0.48792005	0.5120786	0.5278082	0.50080985	-0.49184743	-0.48210204	-0.45864373	0.53127927	-0.53312933	0.461735	-0.49958062	-0.44555184	-0.52313596
0.10743213	-0.1543034	0.06369651	0.04692259	-0.16232806	-0.11358283	-0.18240777	0.12724401	0.15623865	0.11561036	-0.07996653	0.14922541	-0.11648409	0.15216313	0.1190574	0.1513368
-0.042171042	0.09340294	-0.027493691	-0.03160407	0.07268416	0.019617794	0.073856354	-0.04775488	-0.02832865	-0.040005088	0.03570965	-0.003166273	0.060393866	-0.037240587	-0.039957415	-0.03958141
-0.6782567	0.8510717	-0.8185397	-0.83201075	0.87875473	0.8039083	0.783487	-0.8457266	-0.96833676	-0.8019458	0.90039825	-0.83615655	0.8071036	-0.82074827	-0.7887969	-0.879008
-0.30811167	0.22712877	-0.35836068	-0.27708426	0.22746217	0.24392392	0.25304607	-0.31178847	-0.27327672	-0.28571197	0.19399676	-0.26670942	0.27295175	-0.23413882	-0.20727392	-0.22058468
-0.21768719	0.29615295	-0.20963493	-0.28812298	0.35767445	0.2527875	0.3097613	-0.28063026	-0.31183088	-0.2502855	0.35235593	-0.31383085	0.36012006	-0.21346937	-0.2681918	-0.36390105
-0.5165735	0.68598014	-0.5433065	-0.6427252	0.6898796	0.5721068	0.64227337	-0.5635004	-0.77207637	-0.64091194	0.6228534	-0.698329	0.5916739	-0.6712419	-0.66252023	-0.7327352
-0.006634585	-0.0024426917	0.027519831	-0.03252951	-0.037906766	0.024350464	0.042636145	-0.061148148	-0.010752235	-0.0015258143	-0.0039087296	0.027863633	0.050732605	-0.015607692	0.03719976	0.02267194
-0.19862087	0.20489168	-0.24409387	-0.2902537	0.24663736	0.23042922	0.28177163	-0.22641942	-0.2845172	-0.28224564	0.25679472	-0.26252034	0.2654067	-0.23249781	-0.21216774	-0.21752995
0.09126862	-0.10755419	0.15739776	0.16202763	-0.14276683	-0.0785826	-0.11465866	0.081017464	0.152847	0.09203441	-0.1419834	0.10526133	-0.07961663	0.16616026	0.14801927	0.16607834
-0.14637315	0.24235322	-0.23520127	-0.25639826	0.1956803	0.1570842	0.14944448	-0.17618163	-0.20083626	-0.25149015	0.2262341	-0.22469729	0.24862221	-0.20801428	-0.17579173	-0.21150953
-0.3493111	0.40040174	-0.39191285	-0.4164674	0.39637357	0.3989929	0.45326167	-0.43798867	-0.481858	-0.40507448	0.42270905	-0.4194022	0.46021116	-0.37972248	-0.34956148	-0.39459947
-0.12444378	0.14578012	-0.031402014	-0.08964837	0.066550896	0.08708891	0.09251865	-0.1421655	-0.05968623	-0.15362398	0.08943501	-0.10560013	0.096067965	-0.10858692	-0.11562684	-0.073502295
-0.13733071	0.277674	-0.187969	-0.23117217	0.2219156	0.1932149	0.26692337	-0.17842604	-0.27767542	-0.22705373	0.23131922	-0.30191302	0.21290979	-0.18578772	-0.18757655	-0.21164018
-0.012828197	-0.032480124	0.010940244	-0.0053337472	-0.034724012	0.06756655	-0.005617165	-0.02069576	-0.0091986945	0.02371708	0.0066838805	-0.0055885715	0.039288916	-0.030986765	-0.036335062	0.01822751
0.050110538	-0.13727494	0.10032769	0.12176691	-0.03675517	-0.106874496	-0.030275889	0.0951653	0.08960662	0.1264556	-0.07391389	0.07277417	-0.10903876	0.07983445	0.030572431	0.09402591
0.02908993	0.03993669	0.055970155	0.004987322	0.084024556	0.0064816223	0.047144566	-0.0011979035	-0.11245274	-0.04659486	0.073681705	-0.08543964	0.031548724	-0.0047735916	-0.06901913	-0.035220657
-0.5281459	0.5300547	-0.5798422	-0.5018525	0.54583657	0.46629047	0.496732	-0.47462884	-0.573465	-0.5145708	0.51511556	-0.59691936	0.56628895	-0.56025475	-0.53570986	-0.5092077
-0.60064316	0.6611831	-0.668649	-0.647473	0.7512305	0.6822419	0.6549452	-0.65847963	-0.74535686	-0.67612827	0.66139406	-0.68953	0.6858153	-0.6089317	-0.65511274	-0.71051383
0.19275975	-0.26780552	0.15181553	0.2767183	-0.29439777	-0.24203417	-0.25252077	0.25093395	0.2443676	0.2827052	-0.25082994	0.28567192	-0.20337534	0.23794743	0.20389497	0.26070717
0.092886776	0.1039677	0.07404421	-0.09257981	0.069472864	0.020787742	0.063863836	-0.048163895	-0.034667026	-0.010974781	0.12138201	-0.108343676	0.07122457	-0.07812001	-0.02141739	-0.059288826
0.020492231	-0.016171547	0.032959424	-0.05930119	0.0037539785	0.011625085	-0.011931675	0.024376879	-0.009504085	-0.019230738	0.04311532	0.012453079	-0.0031520892	-0.0080685485	0.013719964	-0.064480186
0.50335133	-0.5183012	0.4339944	0.51668954	-0.57883334	-0.506201	-0.5253794	0.5639416	0.5732307	0.5259323	-0.5844688	0.5215298	-0.47567993	0.5198168	0.5213603	0.58398277
1.6495857	-1.6791897	1.677378	1.7084016	-1.7823688	-1.6836475	-1.7247903	1.6156013	1.8814262	1.7368522	-1.7469556	1.7237446	-1.6449559	1.6973077	1.6230545	1.8327335
-0.20557909	0.24475424	-0.20934072	-0.26467964	0.2999883	0.2565573	0.2237221	-0.275452	-0.25728694	-0.22903956	0.2740982	-0.20476696	0.23034012	-0.2506041	-0.20024373	-0.28554824
-0.086313486	0.0793793	-0.18027228	-0.11073094	0.12501279	0.15337695	0.15347013	-0.18036668	-0.1513717	-0.08978148	0.07683283	-0.089458205	0.16268729	-0.12233243	-0.10054192	-0.1015722
-0.16271655	0.23719692	-0.14231631	-0.16909404	0.1734765	0.18236671	0.2104312	-0.22084029	-0.17790832	-0.21512379	0.1793817	-0.2071032	0.20700867	-0.19375016	-0.20267993	-0.20567676
0.23776385	-0.18034121	0.22818922	0.14277077	-0.15531553	-0.19167204	-0.15295309	0.15505502	0.20193744	0.20978133	-0.13736561	0.111777954	-0.18063653	0.13278005	0.15189269	0.20397021
-0.2994556	0.31468284	-0.30511773	-0.2919568	0.31336668	0.29011658	0.22326216	-0.28461656	-0.2605081	-0.23630388	0.2719449	-0.24218647	0.29581282	-0.2953571	-0.27410612	-0.30867508
-0.5406356	0.6284233	-0.559737	-0.5958519	0.67661744	0.53143984	0.60967237	-0.61348695	-0.65663785	-0.5534018	0.6190305	-0.6002595	0.6362516	-0.5295944	-0.5543365	-0.6344974
-0.20300466	0.14677794	-0.15295003	-0.08766752	0.11317591	0.1799571	0.081978574	-0.18504407	-0.061100844	-0.1008825	0.09058432	-0.1509161	0.15259045	-0.14556055	-0.1759711	-0.12543483
-0.04345969	0.15584634	-0.066600524	-0.1680967	0.19981648	0.10948706	0.1711424	-0.12625006	-0.12773795	-0.1892279	0.17177129	-0.15710108	0.16047406	-0.08992357	-0.08950043	-0.11919008
-0.46640715	0.4724044	-0.49424005	-0.4499609	0.45214048	0.43231246	0.5210073	-0.50174475	-0.56035715	-0.46004382	0.5201666	-0.44290972	0.4623994	-0.43361065	-0.46943274	-0.45991614
0.5645066	-0.7035821	0.6559886	0.68048006	-0.6766535	-0.66573745	-0.66001886	0.6934055	0.69157785	0.64264894	-0.6832879	0.6891092	-0.61356527	0.67024064	0.6695133	0.6483493
-0.57469743	0.676948	-0.66245425	-0.68845654	0.71512586	0.6521957	0.6997114	-0.6988988	-0.80521977	-0.6592211	0.70780045	-0.716628	0.702116	-0.6772938	-0.6443572	-0.7309285
0.6788159	-0.71071625	0.69333357	0.72136664	-0.7539312	-0.6558144	-0.6916866	0.6429077	0.75455225	0.7521462	-0.72130954	0.7308781	-0.6681525	0.72028744	0.668118	0.783644
0.42285317	-0.46509022	0.4236971	0.42901206	-0.5397894	-0.4188795	-0.4872583	0.39715394	0.53562164	0.4322478	-0.44165736	0.5350988	-0.48792368	0.45278838	0.4236007	0.49100304
0.25980583	-0.3186086	0.26670444	0.31983474	-0.2462057	-0.2870742	-0.22559121	0.20194007	0.34311402	0.26650447	-0.3015264	0.3042558	-0.2546214	0.2169919	0.27220985	0.33006525
1.0551939	-1.2821335	1.2261546	1.2031893	-1.3615808	-1.1645997	-1.2618227	1.2445781	1.4749079	1.3025488	-1.3025447	1.3019215	-1.2420772	1.2606894	1.2480133	1.4143964
0.48708302	-0.40448996	0.47275892	0.3759406	-0.36233664	-0.399042	-0.33302203	0.37752518	0.3526724	0.31036824	-0.2817383	0.3401945	-0.35370278	0.3479772	0.40229577	0.30538076
0.17087044	-0.21901771	0.22774813	0.23626737	-0.2973689	-0.2006819	-0.24966097	0.20179851	0.26356196	0.2939968	-0.3020034	0.32215604	-0.22192046	0.27881506	0.18838805	0.23237856
-0.7586336	0.8161695	-0.8004545	-0.75392467	0.77250177	0.7775004	0.77932245	-0.77264833	-0.8275223	-0.7512192	0.81054515	-0.74875325	0.81225955	-0.7887433	-0.75541604	-0.84153104
0.6633319	-0.83874387	0.73169833	0.8674865	-0.91711044	-0.7314321	-0.868047	0.798833	0.9627531	0.83066887	-0.8459819	0.88324124	-0.85707814	0.79325914	0.815753	0.9677407
0.30483192	-0.33760872	0.34942046	0.28909943	-0.30261526	-0.3059243	-0.36727515	0.286309	0.35025418	0.3862888	-0.29807442	0.36120093	-0.3131937	0.3392924	0.29280356	0.36361116
-0.42326298	0.44344294	-0.52216655	-0.4197891	0.4591813	0.41316113	0.4163199	-0.48717338	-0.40662944	-0.42576423	0.37088647	-0.40297234	0.3663144	-0.45523503	-0.44397607	-0.4046444
-0.88186026	1.0168813	-0.9569667	-1.009215	1.1230376	0.9604036	1.0377134	-1.0551925	-1.1511163	-1.0717806	1.0836917	-1.0856838	0.9887473	-0.9910125	-0.97163117	-1.0626887
-0.23543139	0.3076615	-0.15765429	-0.34077832	0.3391724	0.29024494	0.3560451	-0.25205228	-0.42872456	-0.37273154	0.31210604	-0.36372957	0.29309538	-0.33429843	-0.2777961	-0.3456693
-0.7803604	0.8599919	-0.90943605	-0.9465854	0.98909813	0.86332804	0.90032643	-0.8317119	-1.0208751	-0.8998271	0.96214247	-0.9166619	0.8889461	-0.8374946	-0.81235856	-0.92563945
0.16677684	-0.30366462	0.1759927	0.27326226	-0.27678704	-0.2743624	-0.21474218	0.305225	0.23105815	0.2834054	-0.24986303	0.28334925	-0.2764262	0.23117357	0.2737212	0.23861806
0.93424803	-0.9318598	0.9299927	0.9241758	-1.0301557	-0.9736544	-0.9117958	1.0096263	0.991231	0.9458796	-0.9799254	0.97716635	-0.9454187	0.91904587	0.8987463	0.9928264
-0.072791286	0.19178239	-0.12613003	-0.18054707	0.1955194	0.10618224	0.13971274	-0.16167389	-0.22864735	-0.19659874	0.15675186	-0.1502036	0.15051502	-0.20023704	-0.1579888	-0.21080126
-0.69729906	0.70959675	-0.7493689	-0.7048654	0.7978516	0.71571916	0.71759033	-0.70198053	-0.8274184	-0.7616191	0.7136581	-0.7634976	0.70773745	-0.6776802	-0.7344077	-0.7222503
0.3305456	-0.33629006	0.2643859	0.3670944	-0.37967682	-0.34836632	-0.3756515	0.3130492	0.36254558	0.3110748	-0.3170876	0.3022672	-0.29770002	0.31445715	0.3501335	0.39249218
-0.31531855	0.3496993	-0.32931012	-0.39829552	0.42024457	0.331986	0.4031157	-0.361536	-0.41733745	-0.39832732	0.3955181	-0.35936415	0.34728166	-0.41695696	-0.36721474	-0.4431323
0.24902537	-0.20760265	0.3032635	0.19896272	-0.20020853	-0.19415852	-0.22317651	0.21607812	0.17872906	0.21848145	-0.16839674	0.18339476	-0.17456593	0.17883068	0.21846065	0.27020797
-0.022539945	-0.06612778	-0.025239095	0.047331426	-0.009293627	-0.05715748	-0.04286215	0.027024454	0.007681374	0.0479318	0.010451073	0.058769893	-0.08708324	0.01612242	0.062194426	0.01745763
1.0210313	-1.1299325	1.057907	1.0993935	-1.1469462	-1.1093364	-1.1649216	1.0524023	1.280858	1.1497327	-1.1707362	1.175705	-1.0696194	1.1381807	1.0691164	1.233802
-0.09375793	0.014220651	-0.07898866	-0.022495652	0.050385132	0.07792865	0.06876497	-0.087031215	-0.07667287	-0.060193226	0.053297307	-0.07085808	0.052977074	-0.029329017	-0.06469016	-0.05889209
-0.018862557	0.013543751	-0.08955019	-0.0708803	0.04058296	0.03461203	0.046252243	-0.018340597	-0.025758196	-0.069875956	0.008816321	-0.0042000976	0.046261206	-0.012800747	-0.016462218	-0.014535198
-0.083602875	0.07168492	-0.06393154	-0.07210369	0.08935027	0.13396485	0.08894155	-0.081123695	-0.06807689	-0.040569138	0.06171927	-0.04990543	0.11517976	-0.046752866	-0.083329745	-0.10012049
0.14793722	-0.11214807	0.26343602	0.10264135	-0.10418334	-0.16920434	-0.15758881	0.12651625	0.15925002	0.13954942	-0.097501196	0.1283098	-0.15224701	0.19112064	0.17438404	0.16052388
-0.18556625	0.17343445	-0.18377566	-0.11874623	0.12452443	0.14905433	0.10610836	-0.10225843	-0.12831965	-0.18326971	0.17925353	-0.11453946	0.1447762	-0.09615213	-0.17014857	-0.16087738
-0.9179378	1.0144953	-0.94812346	-0.9912377	1.0710057	0.9785215	1.0241724	-1.0140061	-1.0634538	-1.0070932	1.0536487	-1.0696752	0.9674604	-1.0033983	-0.98579377	-1.038051
0.08666165	-0.072471656	0.08093116	0.05816841	-0.1354248	-0.090047136	-0.08599172	0.088994	0.09616673	0.07242809	-0.112080954	0.14520411	-0.108362995	0.13122708	0.095727764	0.13546942
0.096631266	-0.11587834	0.16426495	0.095691845	-0.1598156	-0.09775038	-0.169461	0.18201578	0.11550709	0.088781856	-0.10080577	0.15722665	-0.10903957	0.13615699	0.12453611	0.119109295
-0.36434925	0.38697532	-0.39482248	-0.33455232	0.33334783	0.3883178	0.33610538	-0.35684496	-0.38168713	-0.3795641	0.36750466	-0.39765626	0.30280605	-0.3730139	-0.41086856	-0.4056706
0.4436116	-0.46968257	0.39559165	0.47807112	-0.47691688	-0.4582353	-0.49082094	0.37092277	0.47234544	0.43584046	-0.44967303	0.42214853	-0.42072165	0.46703422	0.3769761	0.45622322
1.6049243	-1.6944851	1.6683326	1.5859206	-1.7202928	-1.646807	-1.6811962	1.633269	1.7945622	1.6700869	-1.6923541	1.7291801	-1.6104419	1.5788684	1.6321747	1.7789177
0.04542889	-0.118859895	0.08384998	0.080844745	-0.13848661	-0.13704662	-0.08240049	0.07474515	0.12147518	0.12258184	-0.12676965	0.070101105	-0.13959004	0.06913124	0.051275577	0.114996746
0.5125658	-0.56364197	0.5662856	0.55725837	-0.5851061	-0.55697846	-0.5108074	0.5855266	0.6498037	0.554116	-0.5748742	0.5602232	-0.5732595	0.56484145	0.5704535	0.6276504
0.29289854	-0.3758169	0.30234402	0.32782954	-0.37395546	-0.2833845	-0.35196277	0.36878294	0.36298847	0.31492528	-0.36207387	0.40169102	-0.38263023	0.34678948	0.2976135	0.33616182
-0.6806569	0.7844682	-0.6349997	-0.7812959	0.8120292	0.6565746	0.7539823	-0.6376956	-0.8436323	-0.70598525	0.6927456	-0.80091393	0.7060126	-0.7112512	-0.6426917	-0.7480047
-0.28263083	0.31202772	-0.23376338	-0.3060198	0.3086236	0.2805001	0.301333	-0.29358396	-0.33388394	-0.25634786	0.27616522	-0.35046265	0.30337268	-0.30519453	-0.28552714	-0.32956478
0.18390895	-0.18777454	0.095979966	0.22706845	-0.2222869	-0.18697652	-0.20299794	0.22576247	0.19146426	0.18118486	-0.18686734	0.19679461	-0.17118554	0.17311671	0.23603335	0.22296119
-0.2533994	0.2678062	-0.35025707	-0.26966515	0.29254472	0.29106408	0.33019334	-0.26807368	-0.3128396	-0.29313782	0.35576078	-0.30048576	0.35416868	-0.24096078	-0.32074782	-0.35912237
0.2984911	-0.31423122	0.28678808	0.32379505	-0.3625501	-0.2779706	-0.32928056	0.25542393	0.28892916	0.31201065	-0.35700342	0.35743833	-0.26292446	0.29458648	0.29799148	0.34929264
0.39575055	-0.3185359	0.44574735	0.32226166	-0.36888924	-0.35224992	-0.29990315	0.2943316	0.3485865	0.38464358	-0.32961285	0.32511592	-0.3485809	0.37900507	0.2895238	0.3367744
0.6260973	-0.5930423	0.5952215	0.558843	-0.5514258	-0.5638172	-0.55288565	0.5244446	0.55414426	0.5252892	-0.5797301	0.59748816	-0.52221864	0.5729732	0.5210595	0.6294702
0.17845713	-0.14945109	0.22006689	0.20272191	-0.23525847	-0.22854812	-0.16682336	0.25574088	0.21027318	0.19024411	-0.17825045	0.21469118	-0.15385987	0.20496604	0.21541612	0.15505727
0.33546472	-0.43739793	0.35145634	0.41070423	-0.45857036	-0.3886303	-0.46663705	0.4285998	0.45219058	0.36789727	-0.39335817	0.4732723	-0.3831139	0.39553607	0.405741	0.4323117
-0.35668805	0.4799434	-0.19225225	-0.3245337	0.37467036	0.34924155	0.41404247	-0.3538885	-0.47029364	-0.39125997	0.3873163	-0.41948962	0.37728566	-0.4233735	-0.39944384	-0.4045995
-0.20872182	0.23130348	-0.19894284	-0.2360782	0.25378948	0.2799739	0.21506155	-0.25490037	-0.25133497	-0.23057085	0.26146954	-0.2709497	0.27333876	-0.19304985	-0.28162846	-0.22735965
-0.38562173	0.44742188	-0.44088057	-0.43676865	0.47811705	0.45482838	0.49025702	-0.42465365	-0.5295523	-0.47622785	0.43825457	-0.49887457	0.50435525	-0.454349	-0.44177073	-0.51924735
0.08141495	0.08264916	-0.029943885	-0.07557348	0.051547848	0.02453656	0.019156806	-0.00926128	-0.037830528	-0.07908626	0.0025996054	-0.086259566	0.07257802	-0.042609073	0.0035777031	-0.102794245
0.114287056	-0.17509697	0.13068622	0.17450996	-0.08265414	-0.14616235	-0.08169776	0.09734663	0.17801255	0.15038097	-0.13877176	0.14821693	-0.12914349	0.11838559	0.1380209	0.1289763
-0.51242423	0.38218424	-0.57852226	-0.4047606	0.4170299	0.4625129	0.4652478	-0.46225798	-0.4882913	-0.43594244	0.41317388	-0.45129603	0.41055262	-0.42764026	-0.39926842	-0.41656736
-0.014802854	-0.040422384	-0.08491547	-0.009331186	0.02382008	0.03982448	-0.05643114	-0.034166873	-0.0036768808	0.042135336	-0.0013627894	-0.017591141	-0.014460171	0.02123916	0.015481095	-0.008688828
0.5368315	-0.65712595	0.5669343	0.6453823	-0.761147	-0.62526226	-0.6450311	0.65113753	0.77704084	0.68918765	-0.64677024	0.68677413	-0.6649317	0.60940343	0.6589307	0.66476923
0.29097295	-0.33762378	0.3085411	0.2838863	-0.36743394	-0.32135332	-0.27204755	0.23524316	0.3434093	0.34364262	-0.26580024	0.31503135	-0.2461364	0.30516875	0.2708982	0.31181866
-0.17338331	0.23621906	-0.2290663	-0.18462922	0.21054316	0.19442722	0.16125502	-0.20357211	-0.18140666	-0.16057345	0.16811907	-0.24336879	0.25312403	-0.2324449	-0.15287647	-0.23866479
0.26965386	-0.22550689	0.27787682	0.1429296	-0.15523876	-0.17288283	-0.15852572	0.21989368	0.17098981	0.1420642	-0.16665858	0.18812999	-0.20653261	0.20566756	0.16981699	0.19380738
0.522009	-0.60450906	0.6260627	0.6427305	-0.66319185	-0.61162305	-0.5634129	0.57578003	0.67983395	0.6544933	-0.63306344	0.59875476	-0.62593925	0.6036164	0.5705551	0.64840883
-0.4985426	0.5571128	-0.52251977	-0.5601345	0.5822966	0.5426987	0.5800069	-0.44830635	-0.55746907	-0.5706963	0.54161334	-0.5752728	0.49158868	-0.49571028	-0.52351576	-0.50488865
0.29097196	-0.28531027	0.24925196	0.32824123	-0.27760795	-0.25719118	-0.23939371	0.277748	0.27535933	0.27840635	-0.23519033	0.27628663	-0.28152585	0.26123053	0.3255854	0.28149706
0.16436625	-0.18310757	0.13360985	0.20821415	-0.21168114	-0.1601728	-0.117833875	0.17051047	0.13358076	0.20673911	-0.1704093	0.19407684	-0.13633405	0.19294953	0.15856177	0.12535824
-0.4894195	0.5049889	-0.48858008	-0.50172806	0.49780482	0.4654161	0.46408182	-0.55965006	-0.507779	-0.51538885	0.42946023	-0.46537018	0.47928804	-0.47412843	-0.4240392	-0.4775429
0.69497305	-0.7138122	0.68237805	0.7941381	-0.79006153	-0.74237627	-0.7760687	0.6826585	0.8310647	0.7105309	-0.76472455	0.77675205	-0.6974046	0.75209606	0.7364992	0.8520906
0.52995676	-0.55239284	0.57181686	0.5964282	-0.61059725	-0.590137	-0.53507173	0.6261283	0.5877077	0.61432105	-0.55579996	0.5475637	-0.572071	0.6308984	0.6102778	0.6531945
-0.13211256	0.27237406	-0.16788699	-0.20639771	0.25732312	0.1762482	0.2826476	-0.24957605	-0.32233322	-0.2753659	0.25549993	-0.30418688	0.20468524	-0.26958886	-0.22432613	-0.28153747
-0.2437193	0.23528162	-0.21207711	-0.20091523	0.26720074	0.22834194	0.24901427	-0.18246768	-0.21195121	-0.19053552	0.27439782	-0.2769265	0.22900409	-0.25605157	-0.17898089	-0.2533591
-0.25394335	0.21815509	-0.22625934	-0.21848983	0.12826988	0.20453325	0.15260759	-0.18919936	-0.13358685	-0.17104201	0.1657949	-0.18479124	0.15170912	-0.12269538	-0.21894427	-0.1452196
-0.43408734	0.48757812	-0.51209074	-0.5226007	0.5186518	0.5095739	0.47880587	-0.5187157	-0.5020376	-0.49005648	0.5370465	-0.46658134	0.5217575	-0.49038866	-0.43126655	-0.48677033
-0.01150949	-0.027344309	-0.00043031242	-0.02306217	-0.020874796	0.012743055	0.05674159	0.006619506	0.003480505	0.017431237	-0.009918327	-0.016552601	0.00548108	-0.043599114	0.010854721	0.03332983
-0.25909528	0.160278	-0.28487203	-0.17578459	0.22150189	0.2105165	0.20709051	-0.22506824	-0.23921694	-0.20623744	0.20530723	-0.25649685	0.19444603	-0.23652111	-0.2548236	-0.26960623
0.21288271	-0.20859717	0.19213767	0.21276943	-0.2344836	-0.20315477	-0.20873883	0.20804651	0.26386	0.2853562	-0.26235393	0.23679456	-0.27782276	0.22147715	0.18254113	0.22265741
-0.27772316	0.22398406	-0.22902851	-0.273072	0.18191302	0.29249355	0.18032956	-0.2893639	-0.18964723	-0.19799866	0.18937501	-0.24481775	0.17359139	-0.20022842	-0.26224285	-0.2221415
0.3224156	-0.21806869	0.2681209	0.16858386	-0.18933171	-0.27507764	-0.27141476	0.24428163	0.24667044	0.19704485	-0.20881467	0.22958377	-0.18888749	0.26555327	0.22993998	0.20223048
0.244987	-0.21133506	0.23515351	0.20543884	-0.21632221	-0.2653879	-0.19950575	0.28140703	0.26379204	0.24038188	-0.20666094	0.20049247	-0.18221359	0.20478655	0.18384781	0.1896566
-0.032869563	-0.03486446	-0.0036051327	0.032549612	-0.09423783	0.00038356107	0.0031943093	0.054675512	0.06973118	0.0058174413	-0.07510505	-0.005617635	0.023688218	-0.00914073	-0.0022129063	0.076041095
0.107412525	-0.10747465	0.070399046	0.037183743	-0.10909521	-0.01802908	-0.07519053	0.018205533	0.05352161	0.1048846	-0.06659167	0.076816425	-0.097806536	0.103309564	0.024727473	0.040618636
-0.60981894	0.7067769	-0.73678136	-0.6853051	0.8004346	0.6686424	0.7226656	-0.75435585	-0.82767993	-0.6878598	0.80882716	-0.78376114	0.6976424	-0.67922515	-0.70905155	-0.82582
0.21824032	-0.34415954	0.22568175	0.28827834	-0.34194344	-0.27879423	-0.27875397	0.27372742	0.31550416	0.2564599	-0.33113584	0.29111135	-0.26068386	0.32986978	0.31138805	0.33871803
0.20675993	-0.18605432	0.12949745	0.11936606	-0.2029353	-0.17497489	-0.18289563	0.14582768	0.18309434	0.19794212	-0.19846363	0.13861813	-0.16094385	0.15426652	0.17419381	0.1732203
0.75786585	-0.76918656	0.7556622	0.79832876	-0.8348938	-0.7604804	-0.7427902	0.7492583	0.86597705	0.8063545	-0.78652245	0.8313438	-0.74395496	0.7531258	0.7032664	0.8013208
0.4236717	-0.44479322	0.42196295	0.45652258	-0.43814394	-0.40897667	-0.45985648	0.4634621	0.4423904	0.4167005	-0.49496016	0.42928663	-0.41832256	0.38732523	0.48362276	0.4751556
0.44448376	-0.4519478	0.43950838	0.4174166	-0.46461037	-0.43794298	-0.4673283	0.48510846	0.51167965	0.44929466	-0.47516835	0.47286764	-0.43009338	0.44533038	0.43007663	0.5306367
0.37286323	-0.40443444	0.32568565	0.42341918	-0.472312	-0.29569367	-0.34873664	0.32478926	0.5205372	0.39009774	-0.3990531	0.3972857	-0.3726453	0.38475117	0.30350202	0.45274302
-0.017036796	0.024427718	-0.025600448	-0.052259065	0.0033347057	0.07047842	0.053851604	-0.040792856	-0.022433832	-0.09456028	0.021668324	-0.041352596	0.011971517	-0.031617418	-0.021835066	-0.028475361
-0.17361742	0.27237096	-0.18497209	-0.24799731	0.33246145	0.23709165	0.2565909	-0.31200048	-0.30649108	-0.23930398	0.3084429	-0.26142594	0.3019729	-0.24038216	-0.24943863	-0.27862087
0.30581486	-0.2842778	0.35720316	0.29446056	-0.2120939	-0.2757541	-0.30907413	0.32254335	0.28914332	0.26487523	-0.24664213	0.22859637	-0.29534024	0.326505	0.29751813	0.28973937
0.32447553	-0.39214498	0.39931893	0.3908981	-0.3829794	-0.39805782	-0.42632776	0.3675021	0.43308556	0.39045247	-0.4610636	0.41130146	-0.42733437	0.39218837	0.3939076	0.40415475
-0.1840852	0.26417425	-0.20118867	-0.26630586	0.31969738	0.26132867	0.24678554	-0.25015414	-0.28587186	-0.25990236	0.26290044	-0.32113075	0.2910008	-0.27749828	-0.27272967	-0.2543268
-0.25804132	0.36093822	-0.3344588	-0.35247344	0.46699533	0.3416899	0.3795569	-0.3961751	-0.4735797	-0.37533054	0.4414288	-0.41921154	0.43980014	-0.3105663	-0.3227071	-0.43491164
-0.2002232	0.33788544	-0.21879072	-0.35526216	0.40725857	0.35105625	0.37204427	-0.30307904	-0.4513433	-0.3400405	0.4449675	-0.37988544	0.3978297	-0.31113842	-0.31664568	-0.40918788
-0.32830775	0.36104122	-0.2911222	-0.31289098	0.36174822	0.26474303	0.3374813	-0.30119696	-0.32513967	-0.27225024	0.28154117	-0.3625757	0.36613005	-0.36043724	-0.30595726	-0.37540466
-0.01066142	-0.12342574	0.073173314	0.036354523	-0.13085459	-0.0845864	-0.06518209	0.035961054	0.132626	0.10891823	-0.14840287	0.10380351	-0.078641094	0.022893457	0.050359774	0.14167185
0.14295122	-0.28344366	0.09354312	0.17264052	-0.2532743	-0.18320076	-0.18677191	0.19936568	0.2879608	0.25659856	-0.19311929	0.22995202	-0.2279424	0.14095733	0.15774988	0.22639027
-0.5165229	0.52935296	-0.52636755	-0.5951053	0.59615064	0.47881386	0.5884897	-0.45202735	-0.610796	-0.5555107	0.6097892	-0.5814143	0.50177586	-0.5710879	-0.56585175	-0.553619
0.4682775	-0.35900852	0.46489957	0.44640738	-0.4426288	-0.42918187	-0.4600728	0.44873688	0.41912988	0.42587686	-0.40302995	0.42412543	-0.44614136	0.4640102	0.4595583	0.38171762
0.68776023	-0.807708	0.6682197	0.73330367	-0.8432533	-0.74269396	-0.78980213	0.70972127	0.8373341	0.7433362	-0.7639519	0.74443305	-0.6968187	0.70812786	0.7083393	0.811334
-0.52062315	0.54673815	-0.49780515	-0.49114758	0.48405665	0.51316524	0.4944076	-0.5466702	-0.57576066	-0.5500819	0.49365452	-0.5023489	0.47317564	-0.48723027	-0.4583644	-0.56616753
-0.6100983	0.7320246	-0.6256137	-0.7696505	0.7699865	0.66699696	0.721132	-0.67683655	-0.78563267	-0.70522034	0.7735123	-0.78750277	0.74750596	-0.6901057	-0.67907304	-0.78841573
0.3618416	-0.30267718	0.38778538	0.23244241	-0.3313849	-0.36625996	-0.26485536	0.38129488	0.323298	0.2849065	-0.2776571	0.26970047	-0.31615677	0.2692526	0.3550338	0.26677847
-0.959038	1.0222026	-1.0636793	-1.031601	1.1102211	0.9922308	1.0421232	-0.9725685	-1.1355741	-1.0264492	1.0846337	-1.0679495	1.0659817	-0.97578824	-1.0368365	-1.108535
0.09711674	-0.16842724	0.078554995	0.109808475	-0.17120297	-0.090135746	-0.101808384	0.10413565	0.15771247	0.17402594	-0.18351501	0.14063403	-0.16885935	0.15309937	0.059341293	0.13372235
-0.31888634	0.1773165	-0.24622136	-0.24786739	0.16810451	0.29804042	0.15591432	-0.30391645	-0.17392682	-0.2058189	0.23059438	-0.23313497	0.17845146	-0.2513231	-0.29206583	-0.22588313
-0.28076378	0.308763	-0.25246271	-0.25278443	0.3511797	0.27153414	0.27571347	-0.22516198	-0.3161235	-0.2970626	0.32753485	-0.35840154	0.328144	-0.34394816	-0.27758726	-0.28448954
-0.32456073	0.42948774	-0.45105505	-0.40901968	0.45074573	0.39029017	0.37885773	-0.357144	-0.4663765	-0.41535923	0.42682835	-0.400971	0.41932884	-0.40237364	-0.38399073	-0.41695526
0.047595795	-0.0149790235	0.014877545	0.037898153	-0.07939426	-0.019057766	-0.05271882	-0.008066645	0.01271888	0.022035293	0.008805035	0.037400115	-0.006896373	0.07957717	0.0869697	0.079645544
0.68720704	-0.72778374	0.7073457	0.7356883	-0.79671824	-0.75559396	-0.74216986	0.66534805	0.8061278	0.76271313	-0.742209	0.7842161	-0.68111086	0.7291374	0.6991081	0.7708424
0.28435034	-0.29790536	0.24762626	0.34697542	-0.3262976	-0.28706834	-0.28128952	0.27386168	0.28839323	0.3055484	-0.32344818	0.31255403	-0.23406672	0.2938031	0.26050758	0.34785774
-0.25183445	0.22781911	-0.17670278	-0.28266734	0.28625026	0.2299661	0.24825086	-0.26323867	-0.36787337	-0.24996021	0.26608554	-0.2733226	0.32037917	-0.2197615	-0.26778087	-0.24884275
0.9593949	-1.0309148	0.99701524	1.1144164	-1.1229025	-1.0038601	-1.0766166	1.067568	1.1676648	1.0366567	-1.1088976	1.0665258	-1.0292917	1.0472643	1.014755	1.1372921
-0.6213662	0.7046613	-0.6936836	-0.70340556	0.78937626	0.6946476	0.72876143	-0.6772658	-0.8337271	-0.6677139	0.73410374	-0.7460102	0.70347285	-0.7187428	-0.6622073	-0.72340685
-0.09455372	-0.040366	-0.085962944	-0.009078003	0.036249552	0.0627785	-0.012031837	-0.06776568	0.006543748	0.021183558	0.026484977	0.031839196	0.014757288	-0.027014418	-0.021284975	-0.015316931
-0.14825365	0.1752846	-0.1292825	-0.16668853	0.21855624	0.13935791	0.12843989	-0.21869594	-0.16627565	-0.19424756	0.21542312	-0.20471622	0.13935326	-0.1711079	-0.16569346	-0.19810575
0.5258825	-0.51712936	0.53518623	0.54349834	-0.55310345	-0.4964939	-0.52466863	0.47704744	0.5496374	0.4976902	-0.4892731	0.51398647	-0.52865255	0.54840255	0.47783402	0.60483974
-0.63155127	0.6715797	-0.73170805	-0.67950386	0.693203	0.659797	0.67311823	-0.7174272	-0.7364335	-0.7100218	0.6923075	-0.722332	0.7448969	-0.71777123	-0.65764785	-0.7762373
-0.25970396	0.3018351	-0.26333907	-0.30248404	0.338267	0.25849816	0.31196755	-0.3020622	-0.37282008	-0.26845273	0.32227877	-0.25693542	0.27668813	-0.25988486	-0.29645807	-0.3127919
-0.09640354	0.1343425	-0.074395105	-0.18478473	0.17870551	0.17338686	0.13115701	-0.12819462	-0.15542299	-0.14165585	0.16157217	-0.18343872	0.12950553	-0.08263619	-0.09681032	-0.17235883
-0.045390192	0.016584523	-0.101745695	-0.08576343	0.036148414	0.051425382	0.06733189	-0.025033167	-0.066385224	0.0046329726	0.08742889	-0.060977887	0.053988267	-0.045083243	-0.022913838	-0.058134183
0.4397734	-0.59176564	0.4954158	0.5928695	-0.57578766	-0.5128084	-0.48928759	0.49802157	0.5714799	0.4821498	-0.5376726	0.49630997	-0.5747424	0.4741092	0.50000966	0.54040366
0.3053248	-0.32178608	0.25249118	0.24080394	-0.3410373	-0.27142498	-0.25901768	0.22636573	0.28060615	0.33572215	-0.3179305	0.31171545	-0.28393376	0.24481747	0.3094929	0.3298724
0.02008974	-0.16111235	0.062468283	0.14574115	-0.11058599	-0.11073651	-0.15342766	0.054121673	0.1365799	0.13108799	-0.108962096	0.18649146	-0.123273626	0.09804681	0.10558148	0.11447519
0.81456745	-0.8766914	0.84079283	0.92580265	-1.000711	-0.9445696	-0.9089472	0.8823069	1.0327972	0.96056056	-0.895365	1.0007685	-0.9548414	0.8860426	0.8829015	0.94369656
-0.14225154	0.2690825	-0.18425263	-0.2520766	0.30189607	0.2253458	0.22576101	-0.23584032	-0.24168202	-0.24507107	0.23071554	-0.29392204	0.21496664	-0.2306827	-0.18175098	-0.302058
-0.10196936	-0.058523923	-0.032571062	0.02145588	-0.015775194	0.06867934	0.03344635	-0.056369506	0.02671804	0.002036039	0.015295527	0.029967349	0.015506561	0.029232938	-0.0023838398	-0.016340634
1.3799728	-1.4938577	1.4243368	1.5152912	-1.4825906	-1.4604945	-1.47028	1.4380691	1.572718	1.4282383	-1.5304794	1.5314964	-1.4528981	1.4854689	1.3730937	1.5176092
0.24742383	-0.28627923	0.21199383	0.2705591	-0.3015657	-0.24472766	-0.20393284	0.23990229	0.3085323	0.25324336	-0.2222734	0.25107884	-0.28261852	0.22711007	0.2487189	0.24741252
-1.1418346	1.395341	-1.3864462	-1.3456293	1.4634854	1.3385718	1.3589363	-1.3937079	-1.4598665	-1.3852305	1.392242	-1.4030657	1.3329906	-1.2875286	-1.2873671	-1.3992162
-0.61864007	0.59094864	-0.58453697	-0.5698126	0.60793394	0.52945113	0.5247264	-0.6035507	-0.5768503	-0.6099491	0.5603208	-0.6054393	0.56001025	-0.5150802	-0.5125444	-0.58235323
0.61644876	-0.6931907	0.6283368	0.6573586	-0.70969605	-0.6332188	-0.63074315	0.6397946	0.73758394	0.6757229	-0.68340296	0.69678295	-0.64440006	0.6079965	0.6363006	0.71657413
0.121140234	-0.1925131	0.13935226	0.128577	-0.15290211	-0.1985772	-0.17253585	0.16948132	0.19893645	0.14816049	-0.15155707	0.13998386	-0.17990112	0.13224266	0.19982238	0.13077694
0.17373538	-0.1852972	0.21079974	0.14046733	-0.18939373	-0.1952212	-0.1376182	0.15531722	0.09542828	0.20111282	-0.18322277	0.10879059	-0.1988168	0.13262664	0.19150312	0.10671512
-0.3325531	0.3682131	-0.41632113	-0.37961775	0.3948903	0.38901797	0.36817518	-0.4298664	-0.42691287	-0.3881798	0.39799464	-0.38621178	0.38733256	-0.33717084	-0.36209506	-0.35646003
0.3229804	-0.26618525	0.3186239	0.28886864	-0.27709794	-0.33090168	-0.2756359	0.2811713	0.31486148	0.26841366	-0.30003604	0.33875668	-0.25334746	0.29590464	0.28353742	0.29922184
-0.05046763	0.094213374	-0.017332759	-0.107233256	0.031459175	0.055649992	0.04830692	-0.07507482	-0.03325335	-0.07046755	0.09959248	-0.07832856	0.074823126	-0.068364695	-0.04255645	-0.10411722
-0.3095339	0.30111247	-0.32558587	-0.32282826	0.29717672	0.33509532	0.29448003	-0.27604917	-0.29896277	-0.3188875	0.29562527	-0.37302262	0.35975024	-0.32708773	-0.27657697	-0.33200487
-0.3510815	0.42046472	-0.35929435	-0.43951663	0.4357851	0.3353955	0.42189738	-0.4137756	-0.43103313	-0.43854734	0.38203838	-0.4566033	0.379021	-0.38230282	-0.3379179	-0.45955193
1.1622378	-1.2832155	1.2261579	1.2206347	-1.2605772	-1.2261056	-1.2165079	1.244215	1.3445522	1.2841359	-1.2411989	1.2575574	-1.1815501	1.2429048	1.1634165	1.260468
-0.16309814	0.19276196	-0.24475332	-0.20592785	0.22438568	0.18283106	0.21528117	-0.1963052	-0.264526	-0.26071393	0.2747451	-0.28012833	0.23301968	-0.24228472	-0.22464076	-0.26165587
-0.26037133	0.23258552	-0.24862057	-0.22280435	0.2446067	0.3063627	0.2544676	-0.23964295	-0.2284048	-0.27598533	0.24505629	-0.19224553	0.2501546	-0.27461556	-0.2612502	-0.24314179
0.6933354	-0.6573099	0.6627366	0.70012873	-0.7435911	-0.6001517	-0.69252914	0.6702206	0.7576583	0.64750767	-0.6346333	0.6652274	-0.598837	0.68297845	0.68681157	0.72057563
0.10474526	-0.23328464	0.12141024	0.22705023	-0.23231383	-0.17138128	-0.13130209	0.1704935	0.195689	0.19610973	-0.20006782	0.15258884	-0.22697563	0.21522146	0.21560949	0.22192268
0.14135331	-0.1716629	0.14628032	0.14162832	-0.13507707	-0.19047447	-0.13739543	0.078798585	0.14141233	0.16105172	-0.2021856	0.15946867	-0.12180239	0.15694669	0.10440328	0.15768373
0.89594465	-0.99725085	0.9005909	0.9275794	-1.0126725	-0.9120812	-0.94759506	0.9066696	1.0195152	0.9538339	-0.978103	1.0329133	-0.9390068	0.89184344	0.91286373	1.024194
-0.4660238	0.6460896	-0.5427083	-0.61524326	0.66397285	0.6035882	0.6356917	-0.643051	-0.7240881	-0.62380683	0.6253911	-0.64176756	0.63309497	-0.5749619	-0.5991643	-0.6552231
0.23063865	-0.3506937	0.27597135	0.36957946	-0.37569427	-0.33534345	-0.30682847	0.28072813	0.38841683	0.3631258	-0.30366063	0.31121463	-0.29503426	0.33002058	0.3141855	0.3742927
-0.26043117	0.30641162	-0.29331955	-0.37181953	0.35199705	0.36739448	0.35310963	-0.31764132	-0.3971627	-0.29582536	0.3159497	-0.39337158	0.3713799	-0.32851985	-0.32401758	-0.35133326
0.901427	-0.93281704	0.9283913	0.95133704	-0.99787563	-0.9189438	-0.89774626	0.8589748	0.9862929	0.9765942	-0.9915282	0.90921426	-0.8656452	0.9450799	0.91553706	0.93066424
-0.33984667	0.45382768	-0.37002873	-0.46710745	0.4247712	0.4251421	0.37951085	-0.37403366	-0.5020431	-0.4056986	0.4517473	-0.49937323	0.4078513	-0.46331128	-0.43111497	-0.4717884
0.5889553	-0.68435633	0.56104785	0.63083637	-0.7387094	-0.6162396	-0.61391723	0.58357096	0.735761	0.69859064	-0.69760084	0.7354705	-0.59838736	0.61537427	0.5945191	0.7117248
-0.052935515	0.18594559	-0.11374418	-0.16585371	0.11995632	0.10442737	0.10581771	-0.1669615	-0.14586541	-0.16547406	0.1158861	-0.14524981	0.13754773	-0.103851356	-0.10376171	-0.15304586
0.13497518	-0.11799231	0.17105338	0.10177388	-0.15382662	-0.13002221	-0.10258056	0.14201076	0.12251881	0.1390587	-0.115357764	0.14832947	-0.110755414	0.11535733	0.13386792	0.16145119
-0.36506256	0.3856954	-0.34276655	-0.49655733	0.49294654	0.40654308	0.45570126	-0.43902442	-0.5224985	-0.4696905	0.5039579	-0.42756572	0.48323408	-0.451509	-0.42433238	-0.46461266
0.27368033	-0.26564232	0.18404765	0.25148427	-0.3045461	-0.24644645	-0.32010522	0.20237067	0.29739088	0.29224268	-0.32370874	0.2652091	-0.30474028	0.29357848	0.23214614	0.24623054
-0.052532513	0.050713405	-0.09081361	-0.0075969724	0.05850214	0.043610834	0.08260042	0.007203022	-0.047282763	-0.054061137	0.021435512	-0.083765246	0.016600844	-0.014810359	-0.08273913	-0.048844773
0.282815	-0.2419377	0.2470583	0.25348476	-0.277612	-0.24544516	-0.27339754	0.23803349	0.38578656	0.29844096	-0.25845504	0.28181037	-0.25554192	0.3261798	0.3093256	0.36295384
-0.16214655	0.13347656	-0.18753955	-0.12220217	0.20019212	0.1714287	0.11816031	-0.2089915	-0.16265914	-0.18303286	0.14681123	-0.13349873	0.17210223	-0.14677629	-0.18515892	-0.1458927
0.3447398	-0.43853158	0.34691706	0.44837692	-0.49826774	-0.4208424	-0.4348604	0.42169076	0.5327232	0.45895523	-0.5120483	0.45404938	-0.47877595	0.42847627	0.40655926	0.52690315
-0.27105913	0.32971352	-0.3362275	-0.26484612	0.3468156	0.33253565	0.27046853	-0.32193765	-0.31220162	-0.2622719	0.29570624	-0.2706269	0.3258413	-0.30130973	-0.2586347	-0.2801001
0.19989811	-0.30512255	0.21201135	0.3355127	-0.31725842	-0.3034392	-0.29372382	0.3245904	0.317062	0.32981306	-0.28089744	0.35475782	-0.30249047	0.31421307	0.30365217	0.3291847
-0.22158226	0.23558503	-0.2934164	-0.2587305	0.28265592	0.2428018	0.26377463	-0.26680213	-0.3201104	-0.20913123	0.28642988	-0.22620091	0.22008525	-0.26154244	-0.27455404	-0.25551847
-0.006742048	-0.002714311	-0.04045322	-0.049641028	0.018902346	0.071696	0.11261355	-0.026168132	-0.1021993	-0.09216493	0.08999379	-0.05404495	0.036627863	-0.009842443	-0.056553286	-0.10885168
0.3818319	-0.32151034	0.35780802	0.34554693	-0.32974598	-0.36634502	-0.37420112	0.30422482	0.38561636	0.29228193	-0.39122373	0.34715223	-0.31478158	0.29403266	0.2768974	0.31377214
-0.39461136	0.34778765	-0.35147536	-0.3735517	0.35825482	0.3386451	0.36473167	-0.36245355	-0.36404923	-0.38289836	0.40346923	-0.3421437	0.40359825	-0.3585717	-0.34474075	-0.42094573
0.37730557	-0.3676606	0.40456697	0.35073406	-0.35631725	-0.34318572	-0.3394256	0.30536917	0.27902174	0.35049742	-0.33190122	0.35056806	-0.312151	0.32557192	0.28674042	0.31241682
0.05953049	-0.0120298555	0.07963372	0.033084232	-0.019078111	-0.07745036	-0.015755652	0.02674565	0.032723323	0.050887164	-0.0029333434	0.030362265	0.0062145838	0.025105271	0.025116114	-0.006822617
0.6280393	-0.5848566	0.6515458	0.54800206	-0.6687856	-0.62937677	-0.63279766	0.66272885	0.6912372	0.6017734	-0.6095111	0.62883735	-0.6320712	0.62271017	0.6029833	0.62414074
0.18854417	-0.09093664	0.18415415	0.087195545	-0.14063117	-0.12559792	-0.18678612	0.15717359	0.08220442	0.17218807	-0.15204762	0.113926895	-0.10803646	0.19590884	0.16016266	0.11900438
0.14295414	-0.14291298	0.17273815	0.068030514	-0.16230975	-0.09856327	-0.08950669	0.12994519	0.090050496	0.1115204	-0.10855192	0.07660876	-0.16460101	0.071888514	0.11444863	0.14586996
0.015333368	0.018683696	-0.014926446	-0.105924316	0.10063584	0.027748547	0.051146805	-0.084748	-0.03865532	-0.08995066	0.07498562	-0.0678011	0.10506118	-0.012018507	0.019775284	-0.09201527
0.48544317	-0.56879646	0.41476294	0.48032144	-0.5072608	-0.44581884	-0.52492714	0.5183582	0.53841645	0.5245099	-0.49541748	0.5510284	-0.5437876	0.48560342	0.49473095	0.5819203
-0.77617764	0.9479027	-0.8942382	-0.8570126	0.95123154	0.88409656	0.8628036	-0.92180294	-0.9623746	-0.8805833	0.9336095	-0.9148725	0.8871885	-0.8938348	-0.857722	-0.9091608
0.24668975	-0.26117212	0.21310344	0.28113905	-0.242076	-0.20257786	-0.28904873	0.22247902	0.25029206	0.27315345	-0.30676845	0.27925006	-0.19829035	0.21562532	0.2132202	0.26447952
-0.31897417	0.38228363	-0.4005571	-0.365646	0.40001258	0.33339646	0.31424448	-0.4079834	-0.43098328	-0.35588604	0.38929233	-0.38056636	0.40984717	-0.31613213	-0.33967766	-0.35309657
-0.021589115	0.114892304	-0.02814207	-0.06312752	0.09609659	0.04178785	0.030813089	-0.07135748	-0.03451317	-0.0822804	0.05939779	-0.090589896	0.060132004	-0.073949866	-0.058368143	-0.031957567
-0.028556637	0.053799685	-0.09139239	-0.034664724	0.025251664	-0.0136018675	0.028085802	-0.047100157	-0.026175948	-0.0851354	0.00082180207	-0.038343817	0.075097606	-0.03892201	-0.07648986	-0.08623058
-0.58492875	0.60973835	-0.61900026	-0.5581015	0.5519447	0.55516833	0.54535884	-0.59891903	-0.6638771	-0.618669	0.5470342	-0.55954605	0.542969	-0.6084335	-0.54758906	-0.6159037
-0.2135266	0.32285345	-0.24809003	-0.34171104	0.40761667	0.30977023	0.3774334	-0.28249082	-0.39669126	-0.31789625	0.39918238	-0.3584829	0.2991623	-0.29485244	-0.29466632	-0.3276807
-0.9698181	1.0770692	-1.0602388	-1.1312017	1.1332319	1.0464394	1.056733	-1.1048552	-1.1695923	-1.0562037	1.0496254	-1.1036268	1.0846152	-1.0204911	-1.0289	-1.1039615
-0.30093813	0.26573208	-0.3550716	-0.27429917	0.25989774	0.22840609	0.2667198	-0.30689356	-0.24510726	-0.24457994	0.29185405	-0.23967801	0.2706271	-0.3022418	-0.31372952	-0.30427518
0.3046423	-0.41335574	0.32960942	0.39989024	-0.44828537	-0.34137094	-0.38850585	0.39595488	0.4815245	0.43456876	-0.41970116	0.4453523	-0.3891535	0.37708968	0.3508345	0.41697636
-0.23943882	0.3846817	-0.3043377	-0.38745788	0.35648146	0.34929153	0.37180606	-0.29053313	-0.37935376	-0.3256566	0.34112015	-0.34321	0.36127773	-0.3528286	-0.34148836	-0.36815542
0.09942177	-0.118400924	0.119868204	0.046746787	-0.12665607	-0.1137158	-0.061439116	0.091897294	0.14213212	0.065084085	-0.09784172	0.05041088	-0.058742434	0.14000018	0.09089748	0.124221705
-0.6353614	0.678795	-0.57289505	-0.6908879	0.6896898	0.6528331	0.6298754	-0.6505407	-0.64859825	-0.62672865	0.6521966	-0.65706474	0.6700291	-0.60064757	-0.5719776	-0.66091675
0.43442926	-0.52369744	0.45180783	0.51237124	-0.46276167	-0.4512584	-0.4971248	0.4785632	0.5135724	0.47345424	-0.5182739	0.48941213	-0.4579059	0.42653555	0.47643176	0.44853738
0.24966487	-0.31640834	0.32683077	0.32222286	-0.38748768	-0.29563367	-0.2893843	0.29160267	0.38168165	0.3197516	-0.32349613	0.3468291	-0.35768756	0.27848098	0.37614623	0.3383203
-0.33038646	0.47627887	-0.36976582	-0.42442262	0.47599834	0.3665519	0.39120752	-0.43456665	-0.44717175	-0.4321512	0.44631377	-0.48414138	0.41264522	-0.43683746	-0.39403656	-0.41410512
0.029355826	0.059574533	0.035701886	-0.061687175	-0.032106817	0.03822452	0.03164721	0.0030061011	-0.008971131	0.027833007	0.05550542	0.02511565	0.010577447	0.027253987	-0.026936527	-0.033948958
0.012534593	-0.1018373	-0.032644376	0.0151161915	-0.10030047	-0.049723	-0.049654085	0.031097308	0.048695732	0.091911964	-0.07398102	0.019861529	-0.09253635	0.026716532	0.034603916	0.047434587
0.21550667	-0.1218568	0.22212261	0.14284652	-0.09441509	-0.14722693	-0.18028978	0.12820004	0.12355846	0.12955636	-0.10527935	0.10552003	-0.09174822	0.09959365	0.10978424	0.11186206
-0.85133237	1.0848624	-1.0204829	-1.066372	1.0808543	1.0273044	0.99745214	-1.0505844	-1.1593276	-1.0371124	1.0527121	-1.0682234	1.0250852	-0.967004	-0.9738252	-1.0856836
-0.22011487	0.22535916	-0.3043327	-0.24346203	0.21116394	0.20806861	0.2567567	-0.23141316	-0.25361156	-0.15970488	0.18898943	-0.19929671	0.22364976	-0.23913541	-0.2177222	-0.25512832
0.14504261	-0.23047161	0.11170053	0.2236377	-0.1583692	-0.13124132	-0.14332752	0.12866803	0.22353001	0.21571016	-0.16582699	0.15922713	-0.13596776	0.1490285	0.17758554	0.1612904
-0.2738725	0.19960454	-0.29062742	-0.13277282	0.12810701	0.20503405	0.13844611	-0.13806817	-0.13261425	-0.21349502	0.19702235	-0.17057142	0.17245618	-0.20980608	-0.1736018	-0.18748213
-0.5766402	0.7282605	-0.63451296	-0.7230521	0.69682515	0.7103395	0.6693504	-0.6628734	-0.7587957	-0.7128783	0.70031625	-0.70274276	0.66851264	-0.6412568	-0.7125147	-0.7057041
-0.47086248	0.5143019	-0.5126788	-0.5754707	0.59389395	0.47465667	0.52365375	-0.58162236	-0.6091739	-0.5820317	0.6019961	-0.60632205	0.60789984	-0.52926785	-0.5107633	-0.6402562
1.1597167	-1.2972246	1.1190228	1.2244196	-1.3323274	-1.226203	-1.2515218	1.1844444	1.3144972	1.2298826	-1.3040699	1.2695417	-1.1969138	1.2217219	1.226403	1.3175055
-0.20046282	0.3093916	-0.26799658	-0.2744438	0.2640387	0.30426523	0.26841125	-0.28686574	-0.30284986	-0.21693935	0.32176986	-0.31747442	0.31695458	-0.261715	-0.26826158	-0.32338777
0.4846937	-0.4360441	0.4544591	0.3833624	-0.45212546	-0.4908305	-0.4621302	0.46912327	0.45333153	0.4255806	-0.4496968	0.4685959	-0.44634202	0.41335684	0.4207211	0.44848818
0.2751342	-0.23516119	0.2963085	0.24332467	-0.25540632	-0.24260457	-0.24869566	0.17496614	0.30292973	0.23983704	-0.25873762	0.30712894	-0.26523313	0.27808776	0.23396908	0.24718006
0.19063534	-0.21353164	0.18387578	0.1986718	-0.22486678	-0.17280935	-0.2299877	0.20827407	0.32247487	0.23490296	-0.22636035	0.26554623	-0.2746739	0.19481853	0.16426474	0.20955922
1.0116876	-0.9930078	1.1356087	0.9910925	-1.0579466	-1.0408398	-1.0166194	1.0324547	1.0902364	1.0321746	-1.0376213	1.0413116	-1.0158098	0.9671893	1.0040679	1.0184989
0.26638895	-0.23615205	0.26887658	0.17734958	-0.22843252	-0.22056904	-0.2579327	0.26467398	0.1707535	0.27369884	-0.2497107	0.21954376	-0.20240918	0.25912684	0.24704888	0.1982959
-0.1708182	0.1176405	-0.22204748	-0.15911251	0.21180263	0.17601334	0.18843214	-0.20809177	-0.18832204	-0.21102326	0.19575207	-0.2335497	0.23191373	-0.23742512	-0.17699386	-0.17034702
0.6394444	-0.7807817	0.77724034	0.7816884	-0.7900899	-0.7407773	-0.7486912	0.7840398	0.81167734	0.757223	-0.822107	0.8199923	-0.7368039	0.71065605	0.696264	0.8194609
0.14875409	-0.25701946	0.12164937	0.22935724	-0.24748467	-0.16895756	-0.16207366	0.19162062	0.27109554	0.21481946	-0.21884218	0.26496774	-0.23019579	0.175357	0.17378941	0.26887822
0.3443598	-0.47788957	0.40209702	0.48596683	-0.51147425	-0.44739917	-0.5062193	0.43060791	0.48188192	0.43650147	-0.45822132	0.5248837	-0.49082237	0.4787498	0.38325745	0.5167399
0.032261245	0.12391215	-0.029172698	-0.12517871	0.16981423	0.108486876	0.14953361	-0.09569119	-0.11640891	-0.122613266	0.1114549	-0.08849459	0.16545707	-0.05213998	-0.06729655	-0.09265439
-0.7656235	0.78271985	-0.8419139	-0.82034695	0.8160734	0.7962822	0.8379335	-0.77995086	-0.909117	-0.82593894	0.7735824	-0.83114815	0.8351916	-0.7558886	-0.8181094	-0.86262995
-0.6415976	0.7134792	-0.7941069	-0.779788	0.7621426	0.6749377	0.704552	-0.73806965	-0.79569215	-0.7314681	0.690706	-0.72038364	0.75379467	-0.726689	-0.71306336	-0.7561505
0.43251458	-0.4885467	0.5201212	0.4844142	-0.5583421	-0.48839906	-0.5313913	0.4432518	0.5638311	0.48459572	-0.46132585	0.545712	-0.50718254	0.46810567	0.4551342	0.52621007
-0.09174899	0.18335316	-0.13015084	-0.23103827	0.1772583	0.105418056	0.18574505	-0.19915892	-0.2076979	-0.13995643	0.15516986	-0.19847478	0.23275225	-0.18192863	-0.17823525	-0.16492456
0.14293875	-0.17801815	0.16745178	0.21450557	-0.21728587	-0.1608972	-0.19408205	0.15152009	0.18141371	0.1725759	-0.20534936	0.16458784	-0.17154555	0.15066719	0.19022223	0.2137393
1.2619683	-1.2827733	1.345504	1.3416563	-1.3111273	-1.3362234	-1.3219888	1.3057551	1.4119895	1.3032221	-1.3191764	1.3014587	-1.3025962	1.2688823	1.2998977	1.3887582
-0.43339172	0.47146794	-0.3198138	-0.4175514	0.43292922	0.4364328	0.42904484	-0.44777733	-0.4536922	-0.39705503	0.39899477	-0.4513379	0.3916519	-0.37110707	-0.4475871	-0.41924164
0.33561644	-0.3719241	0.37707204	0.34990135	-0.33144456	-0.3643048	-0.3465336	0.30965757	0.32709646	0.2967257	-0.33367372	0.39017314	-0.3312048	0.30203307	0.29700178	0.35509902
-0.2384482	0.1251347	-0.19677337	-0.15467504	0.123069756	0.16187859	0.13898148	-0.12602052	-0.080680326	-0.13590904	0.12975986	-0.093446106	0.14373495	-0.15626487	-0.11286845	-0.1366896
0.10273375	-0.16578926	0.124139145	0.1139805	-0.13134089	-0.12702775	-0.15098645	0.079893164	0.13649178	0.13196732	-0.1559835	0.17181045	-0.080945775	0.11721273	0.13415399	0.14329973
0.041727886	-0.10789731	0.11053022	0.15976283	-0.18734412	-0.072608925	-0.14394021	0.07729762	0.1954494	0.10029942	-0.105554186	0.13879398	-0.10245326	0.12642287	0.14203635	0.1149347
-0.4163488	0.43682787	-0.46260974	-0.46439874	0.5359994	0.5113642	0.4568934	-0.5528606	-0.53594196	-0.5075078	0.5204063	-0.44220313	0.50008446	-0.51194537	-0.42565626	-0.51103044
0.8477641	-0.9077286	0.8483107	0.83133876	-0.8821296	-0.8145323	-0.8436911	0.8157801	0.9211442	0.86588967	-0.8673282	0.864621	-0.86367834	0.84287846	0.83329195	0.87251955
-0.0860107	0.06905809	-0.043110427	-0.011879654	0.07422342	0.01845307	0.011767787	-0.008586013	-0.047110666	-0.06436984	0.047847122	-0.011657182	0.064770006	-0.05986449	-0.094507135	-0.051954146
0.6758879	-0.76971793	0.6784026	0.69907385	-0.7234161	-0.6711053	-0.6966749	0.5980139	0.7811303	0.7449344	-0.7026558	0.7009324	-0.7213145	0.6833908	0.6436506	0.74617076
-0.032234844	-0.014549167	-0.05599588	0.06304166	-0.095253706	0.0324936	0.005571995	-0.038771305	0.10240177	0.001806302	-0.07548588	0.08857043	-0.04145083	-0.0063299737	0.052046146	0.09409509
-0.18102501	0.1371348	-0.18041323	-0.15902725	0.18452376	0.18822664	0.15875563	-0.13455363	-0.1812716	-0.1200857	0.20048617	-0.18738568	0.17408037	-0.12153319	-0.13641532	-0.121679984
0.77761894	-0.87350124	0.8788143	0.830267	-0.9363859	-0.8731545	-0.8363379	0.91333216	0.9012264	0.89793175	-0.90363544	0.8951376	-0.88406116	0.7975056	0.8219905	0.9438671
0.08493293	-0.07504401	0.011616393	0.064102165	0.008207978	-0.024819732	-0.008119067	0.052973215	0.07571195	0.050801672	-0.058960196	0.045800753	0.012107461	0.08471368	0.018655824	0.0016246889
-0.0395156	0.041094042	-0.008440152	-0.08475789	-0.012525894	0.06809334	-0.023755698	-0.05339996	-0.02677351	-0.0016251723	-0.011290245	0.0101638995	0.03726874	-0.019369507	-0.06787585	0.026314745
0.21773762	-0.25648776	0.25599512	0.268615	-0.20908538	-0.20756453	-0.18874756	0.29514882	0.3004777	0.22908297	-0.20380977	0.21458693	-0.2484833	0.21669881	0.19074845	0.20815201
0.18925281	-0.23515302	0.2179192	0.28085005	-0.29264757	-0.18634321	-0.19563591	0.20778097	0.29638872	0.25722456	-0.20365137	0.23255096	-0.18155493	0.23554865	0.17744234	0.2562891
0.89128435	-1.0480101	0.9792391	0.9682571	-1.0243937	-0.97263193	-0.98579144	0.96924394	1.0305117	0.94626164	-1.0402037	1.021077	-0.95868385	0.98827994	0.9178415	1.0454011
-0.57430845	0.667772	-0.60207313	-0.7003282	0.6367476	0.5659211	0.6536285	-0.6361217	-0.668307	-0.6874597	0.63208884	-0.7138496	0.64714533	-0.65649235	-0.6112154	-0.63819695
0.3248061	-0.36226103	0.3289777	0.33656085	-0.34568077	-0.28552297	-0.30255276	0.2566701	0.35010913	0.2960894	-0.33045036	0.34485292	-0.2806135	0.25512913	0.27391094	0.34230816
0.37927043	-0.22026263	0.42073703	0.25870577	-0.2206612	-0.3482154	-0.29589778	0.24788158	0.2663669	0.3074002	-0.2793537	0.27483407	-0.2543527	0.29261956	0.30019772	0.23614962
-0.2216229	0.10731689	-0.13996278	-0.15998712	0.11156496	0.11967482	0.14011355	-0.19372655	-0.15502173	-0.17416297	0.16612534	-0.13976853	0.14990628	-0.15701225	-0.20602812	-0.17453675
-0.19131355	0.30013815	-0.2520863	-0.24971896	0.2861141	0.24986526	0.2559809	-0.28966904	-0.32338947	-0.21702051	0.24677126	-0.24542944	0.24945804	-0.26897937	-0.25407887	-0.23861834
0.06420199	-0.061821915	0.055772074	0.075620316	-0.013119643	-0.026985032	-0.02047477	0.0227654	0.057573657	0.0836493	-0.08711697	0.07174658	-0.0905323	0.034853257	0.042958036	0.026687644
0.6249021	-0.6689761	0.56872165	0.59638065	-0.66391695	-0.60352015	-0.57429814	0.6391705	0.68636096	0.65828955	-0.62451905	0.63812006	-0.65538996	0.5747939	0.6145386	0.6695481
0.36977264	-0.5124739	0.47649714	0.55954117	-0.530034	-0.40976438	-0.54008895	0.47048095	0.5506454	0.49002197	-0.4860799	0.55119044	-0.5472281	0.52472186	0.45589018	0.49229783
1.3646816	-1.4000367	1.378314	1.3987812	-1.4901468	-1.3652762	-1.4764206	1.4031025	1.5727895	1.4115998	-1.4761453	1.4380139	-1.3850421	1.4141853	1.4034488	1.4665109
-0.39647633	0.454099	-0.4668475	-0.42285416	0.49071842	0.40091786	0.46251988	-0.46350995	-0.53564954	-0.45220056	0.41001987	-0.4909439	0.3995192	-0.41191795	-0.41669008	-0.49937198
-0.18031225	0.26754773	-0.25842458	-0.2699108	0.28497505	0.22571872	0.2929362	-0.27232677	-0.31174305	-0.2545185	0.28522962	-0.25026208	0.31835195	-0.29549018	-0.26605654	-0.29476807
-0.17028062	0.15056798	-0.15716541	-0.20223458	0.14250055	0.16549161	0.19750547	-0.13268238	-0.20107332	-0.19259642	0.22263008	-0.12896064	0.19202591	-0.20947737	-0.11330387	-0.14560488
0.5042968	-0.55188596	0.5095113	0.4761002	-0.54868966	-0.49652818	-0.46184632	0.5471164	0.56708	0.47351146	-0.5304483	0.56481785	-0.45890704	0.46701628	0.47862774	0.5732162
0.19949912	-0.21899363	0.17713113	0.22433084	-0.16074154	-0.15716526	-0.21525095	0.1914027	0.14689833	0.17806819	-0.21165964	0.17087094	-0.13973829	0.14978929	0.12636821	0.14931703
0.001804696	-0.072939485	-0.01003507	0.021127809	-0.028998092	0.01943336	-0.05960624	-0.015927378	0.091809556	0.05527329	-0.024862342	0.032077596	-0.035638977	0.04069665	0.06131139	0.056918003
0.13639234	-0.16762292	0.14698015	0.11166214	-0.13115747	-0.19612004	-0.16581547	0.15581477	0.15116546	0.17194323	-0.14102928	0.11006256	-0.13154884	0.12657282	0.1828194	0.121701226
-0.18241762	0.2605283	-0.23681813	-0.20571236	0.22976707	0.28251094	0.23329996	-0.25251046	-0.2675132	-0.18412887	0.25111988	-0.22031851	0.20557836	-0.18607697	-0.18950993	-0.26948524
-0.8738787	0.9334078	-0.92550534	-0.92290175	0.9249829	0.8411384	0.9578351	-0.9235321	-1.0196447	-0.95312494	0.90614045	-0.9578137	0.88700074	-0.86179006	-0.8490545	-0.97109073
-0.60363835	0.63022083	-0.6614309	-0.6888701	0.6894761	0.64113325	0.63771236	-0.62734115	-0.6658565	-0.647547	0.653105	-0.64044416	0.6296792	-0.6077796	-0.6334024	-0.6824855
-0.009452155	-0.052967403	0.017014652	0.10880177	-0.088342406	-0.0692944	-0.022392532	0.019129917	0.12059618	0.011041426	-0.10680326	0.12280111	-0.106623605	-0.009136018	0.046884324	0.07107484
0.5019092	-0.4796096	0.56651706	0.46467957	-0.48737508	-0.49811658	-0.5253586	0.52958155	0.50108945	0.4550954	-0.46327448	0.51049376	-0.52808464	0.5209596	0.48900512	0.49835712
-0.090923205	0.16401018	-0.16820772	-0.16199872	0.10019052	0.17488284	0.16520518	-0.17030677	-0.18116708	-0.11661097	0.096234806	-0.1579975	0.09413005	-0.11534394	-0.13303337	-0.13562813
-0.8797823	0.93740976	-0.9186562	-0.94998634	0.99708426	0.97635555	1.022875	-0.9770553	-1.1046875	-0.9294495	1.029614	-1.0488181	0.9566115	-0.9846073	-0.9503048	-1.0085455
-0.0076280264	-0.059451886	-0.0076814066	0.07756543	-0.007886548	-0.0020721755	-0.037703905	-0.06292362	0.027038787	0.061733063	-0.02143777	0.049053244	-9.572956e-06	0.022568276	-0.0039000688	0.016246941
0.3745799	-0.47654954	0.43238974	0.46514767	-0.4496484	-0.4644075	-0.49769202	0.45776767	0.509077	0.41402414	-0.48328575	0.49049237	-0.44588122	0.4401152	0.3961927	0.44695848
-0.13614671	0.19921626	-0.14864028	-0.26262927	0.27471584	0.23277953	0.22894993	-0.17554909	-0.31635323	-0.23967512	0.24661866	-0.237542	0.26678646	-0.2116672	-0.1756301	-0.19289705
0.6596212	-0.6262029	0.7217304	0.676848	-0.6603751	-0.65595764	-0.56958133	0.69938606	0.6152953	0.6670656	-0.6146056	0.6342273	-0.65516996	0.67014235	0.57904136	0.68599993
0.3016919	-0.28544706	0.3849153	0.33735338	-0.28490144	-0.29433346	-0.3065429	0.34487772	0.3533054	0.2750018	-0.30908674	0.27478248	-0.30616298	0.35637712	0.34272373	0.3255608
-0.13198145	0.100330226	-0.20213595	-0.13417861	0.02415376	0.11794777	0.13306583	-0.06454236	-0.11368681	-0.13021661	0.08019055	-0.07068573	0.085972995	-0.07493259	-0.11496648	-0.11991286
0.8045012	-0.77149224	0.9041164	0.82084495	-0.8357572	-0.81759816	-0.8079346	0.8242154	0.9144432	0.8521977	-0.7926108	0.83004034	-0.77829623	0.78797066	0.77051693	0.88664514
-0.20606628	0.21337152	-0.24466397	-0.29644662	0.28635502	0.24082613	0.25698894	-0.29445168	-0.30479148	-0.23615907	0.2757649	-0.2972722	0.35067955	-0.28241065	-0.27608758	-0.30525082
0.19034562	-0.20895234	0.23931843	0.21653755	-0.22942464	-0.20536497	-0.19890776	0.25703838	0.29371822	0.2612955	-0.23222677	0.24018823	-0.2635308	0.21834978	0.23635069	0.26095152
-0.04608058	0.019812468	-0.06177921	-0.04178897	0.048087582	0.031813912	0.006280205	-0.05131254	-0.086550325	-0.06669854	0.009669134	-0.03328911	0.01784681	-0.015392745	-0.089017205	-0.036570825
0.2381415	-0.2617598	0.19725747	0.22268179	-0.25531635	-0.22544974	-0.25712115	0.21606171	0.3044039	0.2719352	-0.2779182	0.22603033	-0.28133532	0.27912155	0.25371304	0.28349856
-0.0512612	0.06393157	-0.11304675	-0.080166504	0.039007463	0.088195324	0.056342646	-0.055491626	-0.094965495	-0.11006812	0.10996847	-0.061011743	0.052471112	-0.01679642	-0.0788128	-0.08197235
-0.3088025	0.005673613	0.012460935	0.098917566	-0.101144806	0.10408385	0.06495786	0.1024469	0.022798039	-0.04246853	-0.04967814	0.019596567	-0.081670284	-0.07053443	-0.008763744	0.00710896
0.015712228	0.053619996	0.004818228	0.0039984044	0.0753586	-0.016576568	-0.007900871	-0.023602515	-0.03873935	-0.012179532	0.054525472	-0.09239106	0.07725297	-0.014249376	0.015194354	-0.0725973
0.015403093	-0.04690733	0.025198381	0.007396266	-0.048138503	-0.002327706	0.017241975	0.092116736	0.07002016	-0.00033770525	0.011140534	0.0032463274	-0.05488613	0.05661359	0.005995902	0.036315557
-0.6020736	0.6124861	-0.72574306	-0.67148656	0.71391356	0.6378031	0.69508475	-0.6458921	-0.76319015	-0.65806186	0.7070965	-0.69773626	0.6845288	-0.61898834	-0.6471248	-0.6451317
1.0190806	-1.082792	1.0930867	1.0883569	-1.1388261	-0.99893034	-1.1206281	1.008799	1.2168711	1.0756841	-1.1442431	1.0728016	-1.0989343	1.0975862	1.0720568	1.1526822
-0.6917405	0.67647123	-0.6747819	-0.72574455	0.7171981	0.70347667	0.7436298	-0.64023864	-0.785605	-0.65740716	0.6826003	-0.7373768	0.65428644	-0.6932403	-0.6617249	-0.72477335
-0.1359037	0.13318102	-0.09821743	-0.07927097	0.04139841	0.14632007	0.04542415	-0.13316694	-0.10993997	-0.06508213	0.04510424	-0.075789295	0.06167414	-0.07710071	-0.08147135	-0.11922352
-0.77088106	0.8878831	-0.815804	-0.9148311	0.9596918	0.86185575	0.8820297	-0.82911915	-0.9915504	-0.851378	0.8945999	-0.9007609	0.8673078	-0.8283817	-0.8448725	-0.9337727
-0.18819238	0.1528699	-0.22740035	-0.18870363	0.16480407	0.20962183	0.15588592	-0.15714428	-0.23432708	-0.18455724	0.19962016	-0.19667117	0.14792657	-0.1455098	-0.13052508	-0.17373583
-0.087455295	0.09898284	-0.06832165	-0.010762118	0.030863816	0.031076064	0.12383865	-0.054010082	-0.085914895	-0.097828	0.1005999	-0.030277597	0.11193779	-0.088659994	-0.03284613	-0.03518885
0.8984857	-0.88135314	0.8882582	0.87973297	-0.9201652	-0.89766854	-0.90172315	0.8931647	0.99142224	0.8717998	-0.88969195	0.924267	-0.8850112	0.9108424	0.9146236	0.9321423
0.18204963	-0.21676125	0.21888915	0.17294513	-0.2147193	-0.20933396	-0.25211138	0.2482343	0.19174422	0.21476291	-0.23243748	0.22543912	-0.21094507	0.21738034	0.23435444	0.21951482
-1.2722694	1.395536	-1.3340884	-1.3705126	1.4174155	1.3007604	1.3883411	-1.3851731	-1.5138656	-1.401996	1.364152	-1.4097122	1.3713193	-1.4036616	-1.2936631	-1.4562824
-0.6005636	0.61376464	-0.5995413	-0.6823022	0.6459893	0.55065846	0.5857683	-0.5490659	-0.6488991	-0.57726544	0.6820366	-0.60003984	0.6259955	-0.62212163	-0.62622356	-0.65423024
0.23065975	-0.32191092	0.26669556	0.3117102	-0.30935594	-0.27194744	-0.27707058	0.35155928	0.3474281	0.33836865	-0.28654382	0.36166462	-0.36707067	0.29538944	0.26267967	0.38750613
-0.57231075	0.50972486	-0.58433235	-0.49293262	0.5333139	0.59236825	0.5456101	-0.53116584	-0.53162986	-0.5658238	0.49936908	-0.56193954	0.5459949	-0.59759533	-0.52993333	-0.54464287
0.25849614	-0.3362017	0.2678418	0.30999982	-0.31159785	-0.24551561	-0.33724406	0.26272404	0.32100752	0.24770291	-0.25309923	0.355261	-0.27613446	0.33419603	0.25281626	0.35426787
0.051602915	-0.14783734	0.053270906	0.15537728	-0.13730857	-0.07330724	-0.15868677	0.103034966	0.14141358	0.11975723	-0.11225783	0.121074975	-0.09898568	0.13649188	0.10499392	0.11964197
0.1491601	-0.116193816	0.13764611	0.09758518	-0.11908595	-0.07920554	-0.0875794	0.17552249	0.05974053	0.12069152	-0.13773791	0.12346318	-0.1402442	0.08351342	0.07637345	0.12835227
-0.20577593	0.32189932	-0.23937955	-0.32333815	0.2722997	0.23199947	0.2695075	-0.3022051	-0.37257716	-0.28412053	0.25578237	-0.26694185	0.26066494	-0.3024736	-0.23313554	-0.25490385
-0.19777587	0.22853012	-0.238819	-0.30312672	0.2888334	0.23969838	0.24313267	-0.24828818	-0.29795682	-0.3096739	0.30995473	-0.31869993	0.24654251	-0.27745664	-0.22632605	-0.33119494
0.20320866	-0.3055397	0.22002785	0.22199257	-0.23124012	-0.21043177	-0.26612514	0.20932478	0.2308801	0.25181043	-0.23272416	0.22303466	-0.21645853	0.23681144	0.21312198	0.29199767
-0.5248813	0.50637597	-0.5668008	-0.5718027	0.5770087	0.5017889	0.48809144	-0.584003	-0.57958025	-0.5083532	0.53574735	-0.5575774	0.5812971	-0.47840145	-0.5323269	-0.54858774
0.93017924	-1.0068179	0.9692032	0.95630693	-0.9615856	-0.94636995	-0.9769481	0.97909904	1.019042	1.0333313	-1.0167993	0.95598567	-0.97898644	0.94283986	1.015305	0.9872153
-0.5916044	0.44739327	-0.5640036	-0.49705046	0.49081787	0.5409027	0.4887422	-0.55404794	-0.48796186	-0.49117756	0.4867495	-0.5065114	0.5194328	-0.48125386	-0.4651342	-0.52228224
-0.5531059	0.6574882	-0.6132849	-0.63796407	0.66987	0.60059273	0.6911266	-0.6349684	-0.7523127	-0.71110785	0.66298753	-0.6585394	0.67723954	-0.6585685	-0.6514731	-0.70238906
0.33303237	-0.3106842	0.3229579	0.3225044	-0.3298743	-0.34220326	-0.27385753	0.3166116	0.2544911	0.28212142	-0.29364726	0.26612574	-0.23807575	0.30345017	0.30177954	0.29034597
0.18815759	-0.3243488	0.17571679	0.33063295	-0.34946045	-0.22820905	-0.27058446	0.25881886	0.3828322	0.30162546	-0.2860069	0.3519273	-0.30222395	0.24554086	0.27143738	0.2724581
-0.3443339	0.43323547	-0.425853	-0.5117229	0.49993885	0.4502853	0.43264458	-0.41293675	-0.51556444	-0.4442333	0.44512188	-0.4551332	0.5203078	-0.42510706	-0.4093807	-0.49358037
-0.09629103	0.051512446	-0.113578744	-0.003474646	0.02244945	0.11871718	0.06374467	-0.14227141	-0.07225865	-0.084802	0.06614417	-0.020063289	0.06352241	-0.117592074	-0.08693744	-0.036246456
-0.580391	0.6679613	-0.57243514	-0.6246494	0.62318236	0.5946777	0.5904491	-0.5550111	-0.6693383	-0.59669244	0.6394439	-0.60285676	0.5835344	-0.58987826	-0.5870906	-0.671509
-0.41407344	0.3933444	-0.504937	-0.47264352	0.45945758	0.4817417	0.44792572	-0.49269417	-0.48569438	-0.44125164	0.397528	-0.40812576	0.4286249	-0.4635581	-0.4795544	-0.42917055
0.4421426	-0.45809454	0.3804535	0.4634468	-0.501289	-0.42344552	-0.5313158	0.43148285	0.5951562	0.5040662	-0.53658223	0.49340886	-0.4880941	0.4535459	0.4106926	0.47765875
0.02427487	0.011081681	-0.0008752105	0.0041738404	-0.008475795	0.0155445235	-0.017083831	-0.05789972	-0.018450508	-0.00045326966	-0.008245571	0.0120744575	-0.058052722	-0.0046736547	-0.03664633	-0.03758194
0.40968528	-0.42756647	0.30473998	0.3769833	-0.43011978	-0.380043	-0.35579187	0.35271955	0.43438062	0.40541437	-0.42726147	0.4494374	-0.43384016	0.39941582	0.33883813	0.46032846
-0.9573197	1.24056	-1.3198141	-1.2965025	1.2916944	1.2239009	1.2407954	-1.2453154	-1.4354779	-1.2823607	1.2866476	-1.2889613	1.2741129	-1.2251621	-1.190796	-1.329674
-0.21349528	0.20482838	-0.1820603	-0.13665293	0.2155895	0.21343209	0.22076261	-0.186739	-0.18678682	-0.16280822	0.21493973	-0.14181948	0.13605203	-0.17735423	-0.23441117	-0.21905881
0.40565327	-0.45577696	0.40729085	0.45525253	-0.4506345	-0.44454604	-0.44770187	0.37997	0.5230232	0.45243523	-0.41977772	0.45580277	-0.4123146	0.4487481	0.43381017	0.4362781
0.23660837	-0.23138642	0.24282503	0.23077726	-0.23322295	-0.22054935	-0.15264483	0.20986159	0.21966174	0.2302135	-0.21982844	0.19881192	-0.19568571	0.19043542	0.1596673	0.20975286
0.08058078	-0.1122792	0.12529036	0.1210174	-0.12248148	-0.14731844	-0.16913106	0.10296873	0.12167368	0.16533315	-0.165473	0.15970746	-0.12820613	0.12400837	0.15385123	0.14962697
0.578722	-0.6658942	0.6119154	0.67835784	-0.7120534	-0.6119381	-0.68393487	0.6429466	0.7739776	0.6671199	-0.70129275	0.6657886	-0.6530841	0.6450256	0.6544262	0.68534994
-0.14799549	0.15861194	-0.16836588	-0.16354318	0.17070512	0.1892542	0.15472223	-0.17039613	-0.21498552	-0.18817882	0.22042471	-0.20555916	0.12771289	-0.1550681	-0.14173014	-0.14264718
0.014679381	0.09607253	-0.06300578	-0.07899069	0.045565	0.0555634	0.0128705455	-0.053566482	-0.123088844	-0.095903985	0.03171485	-0.07021203	0.03843474	-0.075801276	-0.081065536	-0.020477198
-0.46397677	0.42668113	-0.53617495	-0.47932398	0.43363407	0.38259596	0.45220456	-0.40708908	-0.3987438	-0.462458	0.43748993	-0.46274993	0.42353362	-0.45339662	-0.4025794	-0.4017793
-1.3449328	1.5056406	-1.451068	-1.5109133	1.5543183	1.4373435	1.4124149	-1.5026528	-1.5704318	-1.432959	1.477846	-1.4573247	1.5057374	-1.4737203	-1.3973984	-1.5201956
-0.18388475	0.32102993	-0.20863116	-0.26386452	0.24808441	0.22226474	0.24024606	-0.27265078	-0.348043	-0.27478024	0.27105406	-0.2633601	0.3103635	-0.29018718	-0.29634893	-0.24650402
-0.37169665	0.40277904	-0.35313264	-0.43974108	0.41574007	0.35873526	0.4418375	-0.36589155	-0.4328531	-0.3871385	0.4687759	-0.4409906	0.3945141	-0.42503002	-0.34345713	-0.435011
-0.86834973	0.94481975	-0.9227462	-0.9248321	0.8896053	0.9246769	0.90529734	-0.9232188	-1.0212541	-0.90905267	0.87494665	-0.8830008	0.9268336	-0.87801296	-0.8904162	-0.89800555
-0.33626825	0.3326447	-0.2956888	-0.26379275	0.30980375	0.28216043	0.3312734	-0.24861315	-0.34604067	-0.33035323	0.28126502	-0.26779184	0.24868852	-0.32351506	-0.32744968	-0.32780513
0.10581603	-0.104119025	0.12450356	0.13123702	-0.084916994	-0.066619754	-0.15136881	0.04010399	0.14001659	0.10032166	-0.13087478	0.13827252	-0.15061337	0.076660946	0.054458063	0.112288244
-0.23569258	0.21997678	-0.29799718	-0.16750608	0.20307766	0.20142369	0.2519512	-0.23860098	-0.24034607	-0.18312229	0.16686228	-0.22083572	0.20477164	-0.18280052	-0.2574298	-0.21604258
-0.44120514	0.50990754	-0.47415152	-0.5352946	0.4856797	0.4658294	0.5186012	-0.41763896	-0.47785455	-0.49085742	0.4549646	-0.456759	0.4202486	-0.49168417	-0.4361722	-0.5324625
0.04438845	-0.08369289	0.05789099	0.11787578	-0.117897324	-0.098542556	-0.13906363	0.05111181	0.119573824	0.089539886	-0.0682475	0.078185596	-0.13466376	0.092866056	0.05624755	0.08015857
-0.7471568	0.82410145	-0.7740162	-0.8376816	0.846072	0.7831002	0.864271	-0.75953406	-0.88275677	-0.835345	0.8356195	-0.87640274	0.7852621	-0.8199432	-0.79940915	-0.8331895
-0.34595418	0.32769504	-0.402353	-0.33094195	0.40136653	0.3821934	0.32313433	-0.29579926	-0.3620029	-0.35271406	0.3627643	-0.37634408	0.39297894	-0.32987624	-0.3951297	-0.391841
0.002598042	0.059662294	-0.045613937	-0.0998498	0.14397794	0.05032771	0.04798868	0.005518485	-0.101001084	-0.027420254	0.12577252	-0.12530808	0.09943829	-0.06933607	-0.050774693	-0.13859507
-0.51591647	0.5532602	-0.5673297	-0.54276764	0.62888676	0.6018504	0.53323644	-0.53796494	-0.60342646	-0.5723271	0.6254789	-0.56249017	0.6260987	-0.52645767	-0.5823646	-0.5800198
0.84628326	-0.86509836	0.82316566	0.89017427	-0.8963174	-0.8613101	-0.9166036	0.82094586	0.92669433	0.8698452	-0.86450493	0.92308617	-0.8466571	0.90100324	0.89339125	0.9027148
0.08271068	-0.18063962	0.09922057	0.16672541	-0.17512144	-0.11939951	-0.19087549	0.1651171	0.17938985	0.14824428	-0.21265821	0.1974085	-0.19752629	0.15495588	0.10236082	0.21195565
-0.26814023	0.22891746	-0.3074948	-0.2743001	0.32786077	0.27437818	0.34566963	-0.25223315	-0.33204848	-0.29864207	0.30579662	-0.33802006	0.34509495	-0.29263785	-0.3107391	-0.28180137
0.36662313	-0.43738028	0.3985753	0.46516004	-0.4748678	-0.3756719	-0.36939844	0.43379748	0.42386374	0.3738066	-0.4367195	0.41346693	-0.44912493	0.38931975	0.43448392	0.43955353
-0.43950722	0.5707314	-0.4913031	-0.50006914	0.5962028	0.5380293	0.5434644	-0.5372741	-0.5840496	-0.54568136	0.5226003	-0.5650015	0.471695	-0.49861297	-0.5209209	-0.57909757
-0.014510597	0.076537825	-0.030572776	-0.061461765	0.09524492	0.073649235	0.00593716	0.00087847654	-0.029464677	-0.00039233535	0.07368457	-0.054098483	-0.002651694	-0.053229842	-0.038496494	-0.086031854
-0.1495815	0.10147	-0.19911124	-0.14495917	0.06117265	0.068591714	0.08913793	-0.14305118	-0.07784883	-0.085840136	0.12892044	-0.0830301	0.12500235	-0.15374705	-0.14894801	-0.05072578
0.5542511	-0.591713	0.483549	0.5821198	-0.5529964	-0.5250131	-0.53648275	0.52387583	0.5967077	0.530122	-0.527706	0.5782859	-0.5279024	0.5902503	0.5476806	0.6201161
1.1479003	-1.2183915	1.1934731	1.1829484	-1.2823545	-1.1969389	-1.1800741	1.1143485	1.2892338	1.1688243	-1.2151271	1.2401103	-1.2071639	1.1417006	1.1579672	1.3242917
-0.2193357	0.1330944	-0.19573179	-0.1837079	0.17406559	0.18914281	0.12001269	-0.1913747	-0.18015972	-0.16409265	0.18327987	-0.15946987	0.11812234	-0.13970101	-0.1915042	-0.18559921
0.28337753	-0.3168216	0.2478679	0.2769808	-0.25199375	-0.28001568	-0.2652354	0.28590494	0.33988982	0.2753106	-0.23590793	0.33525398	-0.32115555	0.29380974	0.26023653	0.2637026
0.13389198	-0.13178644	0.096274264	0.1205226	-0.109691516	-0.16595395	-0.12100176	0.13269402	0.12995319	0.07667215	-0.13294771	0.118580796	-0.1036066	0.15774111	0.14699465	0.14173995
0.15044653	-0.22358456	0.17611116	0.26311508	-0.22623868	-0.23167786	-0.23217134	0.23965111	0.28389436	0.28013715	-0.27951652	0.25260276	-0.25708705	0.26615846	0.24304701	0.28801936
0.21950652	-0.1757482	0.18489921	0.18894383	-0.20385185	-0.18885319	-0.26305184	0.23141819	0.23327921	0.23587224	-0.25196782	0.23001026	-0.19875392	0.2091431	0.15805577	0.20141144
0.40856963	-0.48234478	0.4278994	0.4163156	-0.43704867	-0.4197758	-0.40285203	0.36322767	0.47876826	0.47666553	-0.42970636	0.4794197	-0.41231862	0.41049695	0.3883245	0.4265679
0.5491123	-0.5000577	0.5262423	0.49595103	-0.4806853	-0.54210407	-0.4671185	0.51008356	0.5007507	0.5177025	-0.5554808	0.568143	-0.51676255	0.5442645	0.5347485	0.54532325
-0.04301007	0.09245031	-0.023080347	-0.018987924	0.06099593	0.05878284	0.07394338	-0.042185057	-0.019098077	-0.044836663	0.017321689	-0.06779877	0.055597868	-0.027381552	-0.069684446	0.0006239738
-0.62260824	0.7505	-0.63923496	-0.6757381	0.71184576	0.7286885	0.7324644	-0.6885172	-0.7491492	-0.6701207	0.6911368	-0.7119652	0.6944987	-0.6971753	-0.69241333	-0.7261657
1.038164	-1.09513	1.0761291	1.0459213	-1.11314	-1.0350672	-1.112385	1.1114001	1.1986668	1.149051	-1.0831769	1.1130606	-1.0648347	1.1258216	1.0202277	1.2015078
0.104342505	0.023211123	0.07159768	0.029240107	-0.02680813	-0.105363525	-0.04733783	0.06738243	0.053000823	-0.010964131	-0.006866981	0.00547779	0.0026109293	0.05155798	0.015103715	-0.026612813
-0.30969933	0.38378197	-0.34904793	-0.4606642	0.40290192	0.3568285	0.39044285	-0.4050087	-0.49006587	-0.39450398	0.4451655	-0.46942797	0.43122008	-0.4337596	-0.39551908	-0.4312675
-0.2804707	0.2822666	-0.302474	-0.2599094	0.20791674	0.22279583	0.2307539	-0.2711081	-0.2990105	-0.27247104	0.26678362	-0.24085075	0.19462833	-0.3068524	-0.21646705	-0.31056497
-0.2953155	0.33148015	-0.30262467	-0.37585858	0.36169615	0.29410183	0.33872417	-0.36161563	-0.41859075	-0.39332905	0.37621638	-0.37469512	0.35970238	-0.35694197	-0.33280653	-0.4131107
0.08014845	-0.12938674	0.038112406	0.089592025	-0.13340802	-0.12444589	-0.08819506	0.08505092	0.081187524	0.15919048	-0.10176437	0.114452526	-0.053746857	0.13784356	0.14648417	0.12760559
-0.10898662	0.090166576	-0.11516286	-0.11423869	0.10409792	0.11393907	0.11891246	-0.1664304	-0.09075327	-0.10496202	0.064530514	-0.07907826	0.13180974	-0.094811395	-0.15850946	-0.09730516
-0.06734852	-0.020217089	-0.023856573	0.016855093	0.0046688304	0.0015914282	-0.024536947	-0.014238599	0.0071757687	-0.01622093	-0.046905275	0.005440421	-0.062313464	0.0076721837	-0.004156049	0.017328257
-0.19902341	0.12996912	-0.17648584	-0.12410204	0.10728969	0.20997114	0.19012539	-0.24512753	-0.16993213	-0.15106095	0.18157686	-0.1620447	0.10453588	-0.21977821	-0.16489784	-0.2041809
-0.09412847	0.17585863	-0.12415299	-0.15875913	0.14773144	0.13161384	0.17952105	-0.19320069	-0.17550853	-0.1443159	0.14808723	-0.16223311	0.20052145	-0.11814126	-0.13027091	-0.14498505
0.4927994	-0.50723165	0.51343316	0.53101027	-0.5158027	-0.5493484	-0.5148508	0.5620281	0.571928	0.5431413	-0.56992996	0.5100194	-0.5358553	0.5355663	0.54183114	0.53596383
-0.503672	0.5485345	-0.5822874	-0.6114602	0.6390216	0.5084754	0.5879267	-0.60696745	-0.6633704	-0.56522644	0.63452846	-0.636673	0.5935105	-0.5372155	-0.5175218	-0.5662488
0.123166375	-0.056220718	0.08991333	0.12895817	-0.07832516	-0.07835107	-0.121500775	0.065961525	0.12445252	0.12635513	-0.105577365	0.071707524	-0.06700312	0.09142217	0.1253859	0.089802645
-0.75233084	0.87027174	-0.8064285	-0.8804676	0.9668456	0.8106187	0.90940297	-0.8700307	-1.010341	-0.90103316	0.91331196	-0.90627706	0.91590333	-0.83592117	-0.87004775	-0.9361333
-0.20413506	0.3012104	-0.30724514	-0.3417402	0.38500348	0.30806696	0.35876802	-0.34497634	-0.4158979	-0.28865346	0.31242692	-0.38324907	0.3739908	-0.34471443	-0.32248524	-0.36513746
-0.63749486	0.692913	-0.7059599	-0.7173067	0.7039951	0.72462994	0.662725	-0.72092724	-0.7665813	-0.7029064	0.74425465	-0.7129014	0.7070505	-0.7225675	-0.71747226	-0.70764357
1.0654422	-1.1708518	1.0756859	1.1706309	-1.1621779	-1.1295891	-1.1253049	1.1543796	1.3149748	1.130957	-1.1960317	1.2158775	-1.162202	1.1290743	1.0888332	1.2714751
1.2687068	-1.4003325	1.3107562	1.2857141	-1.4123257	-1.3104622	-1.357277	1.2841957	1.4924513	1.3600402	-1.375542	1.396818	-1.3060985	1.2703178	1.3371357	1.4167578
-0.11396519	0.11356051	-0.22026713	-0.15859264	0.06038816	0.09081062	0.0705922	-0.15814108	-0.09618076	-0.16590081	0.13363661	-0.15145037	0.147734	-0.0913791	-0.0938254	-0.09975253
0.23570675	-0.11494428	0.2428928	0.13451387	-0.09122885	-0.19770077	-0.15418184	0.18435605	0.11259961	0.13496429	-0.15363364	0.15310834	-0.18215641	0.13870946	0.11522884	0.14582236
-1.1041347	1.3318722	-1.4245514	-1.436656	1.4568492	1.3329363	1.3207899	-1.3925059	-1.5166671	-1.3263912	1.397273	-1.4943072	1.381141	-1.3492551	-1.3595308	-1.492963
0.02013023	-0.022863908	0.047417425	-0.009645802	0.005377082	-0.031755287	-0.021275206	0.051461156	-0.034433004	-0.0398939	0.0053252466	-0.04256748	0.057211936	-0.005346023	-0.026640207	-0.012744291
0.24382873	-0.27998608	0.30575427	0.23853262	-0.34944436	-0.33353353	-0.3265106	0.26399907	0.2737503	0.28401476	-0.29807317	0.25138626	-0.269765	0.32669342	0.29074967	0.35187075
0.1777643	-0.14694154	0.1167423	0.107326396	-0.16786884	-0.19399507	-0.18901981	0.08544834	0.13807456	0.16082671	-0.12820686	0.19396769	-0.15949304	0.10848251	0.109591864	0.14301635
0.21161011	-0.23277047	0.18070047	0.2678948	-0.2942791	-0.18584745	-0.28284228	0.19175856	0.1976472	0.23731433	-0.23125044	0.23672733	-0.20945035	0.20789407	0.20140092	0.30000296
0.09800274	-0.006717426	0.0702348	0.0041311295	-0.021152835	-0.08929793	-0.05682138	0.083724454	0.019794794	-0.0022277948	-0.019181445	-0.0057384684	-0.0028004325	0.04220992	0.060871147	-0.011327843
0.09612488	-0.21504594	0.11566651	0.12664543	-0.12585317	-0.16666792	-0.19016623	0.18913026	0.21553	0.17580508	-0.16202283	0.20380928	-0.1725555	0.18940891	0.11159377	0.13981168
0.057601407	-0.12673357	0.12682231	0.1492864	-0.13323776	-0.08095674	-0.12561436	0.19445518	0.14021674	0.16979346	-0.086947046	0.1144474	-0.18711573	0.14886461	0.13490126	0.17911817
-0.6748718	0.54449755	-0.70176727	-0.58989966	0.49592948	0.5935472	0.55593354	-0.58229345	-0.5879231	-0.530448	0.49611056	-0.5120886	0.50168806	-0.56880295	-0.571626	-0.55143714
0.12531306	-0.15835486	0.12719533	0.14932594	-0.13820675	-0.07166179	-0.090623364	0.121768795	0.08755042	0.16019908	-0.12900479	0.10132743	-0.11161324	0.15328664	0.12603821	0.12193032
-0.32171398	0.35493457	-0.27913076	-0.3154661	0.38491958	0.368833	0.31020036	-0.32360053	-0.34933496	-0.33671737	0.37931067	-0.39216185	0.30374214	-0.3245565	-0.32617885	-0.3806191
-0.1496014	0.09452584	-0.14361261	-0.08763584	0.086129345	0.060266092	0.1467564	-0.12420977	-0.16607955	-0.10448356	0.08243926	-0.06491613	0.074024744	-0.06736746	-0.15622956	-0.15625899
0.09646313	-0.062000193	0.060677785	0.07261609	-0.050771788	-0.041541908	-0.039923463	0.11159208	0.09846663	0.05694181	-0.07096997	0.051093508	-0.06265346	0.040587116	0.04000082	0.13572954
0.036469888	-0.01759896	0.06928615	-0.0011672905	-0.06341629	-0.023508422	-0.06912947	0.07684979	0.0828534	0.005294028	-0.017595116	-0.0071294545	-0.007842167	0.024022063	0.04609496	0.019524658
-1.0052501	1.058588	-1.0448651	-1.0533473	1.062232	1.0251539	1.0919282	-1.0414943	-1.0882607	-0.99210864	1.0463268	-1.0731946	1.0536441	-0.9712195	-0.99625957	-1.0494899
-0.4826756	0.48846582	-0.43945226	-0.4806176	0.4538066	0.48278975	0.5189047	-0.5404828	-0.5435157	-0.5042362	0.526668	-0.5276451	0.5049097	-0.5201876	-0.46792537	-0.54971653
-0.4248778	0.48260242	-0.423751	-0.43499964	0.46428156	0.44133285	0.47693786	-0.40346512	-0.47008145	-0.4157368	0.45697457	-0.43618482	0.39746153	-0.4663104	-0.37286296	-0.46714723
-0.19072776	0.16809602	-0.21909706	-0.21685669	0.14715585	0.17241429	0.16554478	-0.16429318	-0.2276208	-0.20714922	0.17826834	-0.17691341	0.22102238	-0.20006198	-0.22288665	-0.20147681
0.18992189	-0.16145138	0.0883122	0.18220474	-0.26830894	-0.19829908	-0.2359346	0.20929967	0.25435936	0.20160292	-0.1940313	0.23639223	-0.18604736	0.18153208	0.13827823	0.20959122
0.17915136	-0.21424058	0.25660616	0.19967352	-0.26372078	-0.20753556	-0.3045328	0.24398765	0.23911963	0.28975743	-0.26867527	0.21840432	-0.22872123	0.28244996	0.24840133	0.29314926
0.20118321	-0.23971598	0.24371599	0.28123713	-0.27822235	-0.2174177	-0.24273777	0.23136725	0.24883865	0.27701005	-0.30213106	0.3134727	-0.2988089	0.27516064	0.25006887	0.30735654
0.42843857	-0.49147806	0.4640922	0.50238246	-0.49507454	-0.50765854	-0.53963506	0.4601311	0.59044296	0.5505994	-0.5207841	0.5616639	-0.49685913	0.493614	0.5159733	0.5354064
0.7754553	-0.771667	0.73034436	0.72010565	-0.764151	-0.77073866	-0.7959768	0.8080183	0.82105875	0.79874414	-0.7487071	0.72417367	-0.72149974	0.7840096	0.70623064	0.8122789
-0.92734605	0.9971244	-0.9669045	-1.0542214	1.0920027	0.9505171	1.0500268	-0.9905699	-1.1270156	-0.9792793	1.0401695	-1.065998	1.071834	-0.995534	-1.0058451	-1.0731945
0.10216029	-0.1822215	0.0892375	0.09300818	-0.13491844	-0.050282814	-0.17012973	0.05612618	0.13827282	0.08184867	-0.14706257	0.11779671	-0.13306154	0.08186523	0.11980278	0.15893698
-0.07257833	-0.019987036	-0.073811546	0.0036650875	-0.03453876	0.009901706	0.0016680239	-0.08317758	-0.009860125	-0.058289997	0.023050653	-0.02958746	0.027307278	-0.010611403	0.007840809	-0.046627037
0.16588478	-0.11997992	0.0883649	0.13417692	-0.094231635	-0.076077685	-0.11234075	0.09965358	0.15433948	0.09003372	-0.05595227	0.08549782	-0.08434093	0.139622	0.08798979	0.0523671
0.62081605	-0.6761925	0.6482199	0.6251348	-0.6733768	-0.6233823	-0.7187258	0.6911186	0.70323837	0.6671811	-0.73463297	0.6593737	-0.7008038	0.633173	0.6473623	0.7118223
-0.43191046	0.37953272	-0.39619783	-0.3906364	0.40833658	0.36757886	0.3902116	-0.42154866	-0.39497763	-0.4013784	0.34689742	-0.38036856	0.36881605	-0.33455518	-0.33579865	-0.33758515
-0.27543047	0.27261412	-0.27243224	-0.25830516	0.25614133	0.23320344	0.21710588	-0.25449768	-0.26057473	-0.2760832	0.2720008	-0.2307457	0.23988584	-0.22366531	-0.23555079	-0.30722478
0.013695062	-0.10511934	0.009739469	0.033044737	-0.043475352	-0.0317269	-0.07465889	0.057490833	0.07440844	0.10605533	-0.06560713	0.093850024	-0.04745275	0.07339932	0.08759368	0.053253375
-0.80905885	0.61463726	-0.45135903	-0.50119996	0.5726949	0.6270979	0.6246886	-0.4015664	-0.5540857	-0.6134281	0.5307592	-0.5051132	0.46239248	-0.5835	-0.5593618	-0.5526145
0.18062672	-0.1319801	0.16388312	0.11249872	-0.09052926	-0.16662452	-0.12010924	0.1379638	0.096116185	0.102328815	-0.081774324	0.12618728	-0.115553185	0.14298664	0.10392046	0.09178193
-0.5344637	0.5186014	-0.5124365	-0.5186503	0.5689879	0.48652804	0.5130276	-0.5446698	-0.5144182	-0.48000163	0.5334243	-0.49738076	0.5134453	-0.5141442	-0.5581747	-0.5875236
-0.5272526	0.63227046	-0.6431549	-0.69563895	0.70730907	0.56428194	0.6513606	-0.6101766	-0.70385605	-0.6542132	0.6627529	-0.6488321	0.6583728	-0.67461294	-0.5706645	-0.69768476
-0.01048337	0.07739161	-0.04531956	-0.089811094	0.15058628	0.09902505	0.07714887	-0.12418603	-0.1039356	-0.09826248	0.1392452	-0.13064624	0.13693513	-0.116065815	-0.087953605	-0.11089538
-0.4644743	0.6129576	-0.4925616	-0.550051	0.66363525	0.5220782	0.6051746	-0.54969895	-0.68286675	-0.56968904	0.5938653	-0.5972163	0.5329071	-0.52108824	-0.49545598	-0.5848819
0.484295	-0.5408733	0.41932684	0.5340948	-0.54037327	-0.5035274	-0.47233722	0.47951928	0.5214989	0.52009904	-0.47257864	0.55506676	-0.43987936	0.43979698	0.46304092	0.54831225
-0.31535956	0.33914927	-0.28513855	-0.36345816	0.40768874	0.31915575	0.38393587	-0.3656312	-0.43198174	-0.37759155	0.36673856	-0.423351	0.34708363	-0.30744845	-0.31349424	-0.4422276
0.52593946	-0.5856346	0.5378539	0.51740676	-0.62287086	-0.5291769	-0.5308052	0.5911142	0.61364084	0.5530887	-0.52978474	0.60615355	-0.58117145	0.5390828	0.5292764	0.63705945
-0.10670935	0.09427121	-0.11503546	-0.059572276	0.05450931	0.14153473	0.08388571	-0.08200358	-0.09217217	-0.042920724	0.078308515	-0.045148026	0.13363415	-0.11962584	-0.118345216	-0.0381701
0.11344432	-0.13483122	0.030719824	0.13686082	-0.16050823	-0.13262783	-0.13354371	0.068779394	0.16626386	0.08619646	-0.10017962	0.11469269	-0.13737984	0.08969835	0.12598658	0.1741109
-0.20722464	0.23688944	-0.21122667	-0.31315944	0.26987228	0.2937851	0.26687244	-0.26838195	-0.2763845	-0.30089444	0.23516259	-0.28110018	0.26391876	-0.23383094	-0.21489812	-0.3400117
-0.232507	0.29006925	-0.34594122	-0.29576907	0.24433978	0.27770847	0.29006484	-0.32856867	-0.30758244	-0.26141495	0.2996461	-0.2856042	0.26425084	-0.25157163	-0.2620585	-0.24284136
0.8443255	-1.0301476	0.8775616	0.9359778	-1.0643528	-0.91300905	-0.9332358	0.9066823	1.1150596	1.0064296	-0.9789303	1.0166807	-0.9648011	0.9761279	0.90165114	1.0987066
0.42194194	-0.40705004	0.30303967	0.39610773	-0.43516928	-0.4258706	-0.38027358	0.4100006	0.43652436	0.44705468	-0.4277178	0.44977883	-0.4253141	0.37716588	0.42883816	0.44440997
0.35278136	-0.483199	0.34796265	0.43015024	-0.4875899	-0.41829315	-0.4372597	0.38483772	0.48582035	0.44933566	-0.40944415	0.48928088	-0.4317618	0.39282113	0.38871437	0.45049873
-0.12602647	0.16774784	-0.1021813	-0.23321463	0.15518323	0.17722258	0.14642575	-0.18665805	-0.27063924	-0.21993814	0.18130742	-0.15745819	0.21781163	-0.18937892	-0.12586233	-0.207069
0.88166344	-0.9215857	0.95267195	0.8755814	-0.90083337	-0.9218402	-0.95412725	0.86560696	0.95842	0.8778735	-0.97214186	0.9315913	-0.89477605	0.86615735	0.9331065	0.9602676
-0.7186044	0.8057384	-0.82066077	-0.82278144	0.836421	0.78512436	0.82712793	-0.7793857	-0.8830362	-0.8184174	0.8244109	-0.84039325	0.84779423	-0.766751	-0.7501591	-0.8552536
0.2289627	-0.34589761	0.3010388	0.35068384	-0.43384364	-0.29120186	-0.36485583	0.24916317	0.42708975	0.37927654	-0.32696265	0.37599096	-0.3388044	0.32576266	0.35857895	0.41128537
-0.045701582	-0.00013113163	-0.040886406	0.0005209081	-0.01703833	-0.0553608	-0.03953622	0.029326543	0.0484844	0.04095682	-0.01870693	0.030578049	-0.010055845	0.056393128	0.022235531	-0.006724208
-0.100891516	0.12504062	-0.075961165	-0.09343006	0.04976361	0.05776967	0.087643765	-0.1384191	-0.030860636	-0.13475713	0.05419962	-0.10490326	0.0658322	-0.10953491	-0.11384498	-0.070420966
-0.41305548	0.49853167	-0.50289744	-0.4290701	0.52451533	0.49015138	0.4419199	-0.47765428	-0.4910391	-0.47463852	0.45743182	-0.5206681	0.5135533	-0.5036566	-0.4762924	-0.49961668
0.73959047	-0.7750385	0.8028665	0.76667094	-0.77100456	-0.7655013	-0.7850444	0.7133953	0.88206124	0.7901421	-0.7414996	0.8168825	-0.7329712	0.78541005	0.7591605	0.7917036
-0.6494144	0.6404019	-0.71735	-0.68931335	0.6588576	0.7022197	0.62485504	-0.6261802	-0.66496116	-0.66330266	0.66789985	-0.6632023	0.6797061	-0.68898195	-0.6211453	-0.69143695
-0.15088272	0.100488454	-0.18562317	-0.07523929	0.0595634	0.13979003	0.094802365	-0.16626556	-0.12201739	-0.1288153	0.065208614	-0.11654875	0.059388988	-0.06686689	-0.12859726	-0.10697556
0.36969677	-0.3835225	0.33619303	0.36213535	-0.34410837	-0.3084634	-0.41056505	0.3921986	0.38210016	0.31303167	-0.36932677	0.4147129	-0.35780472	0.38286108	0.3346015	0.37391695
-0.4185703	0.4116017	-0.40350425	-0.47317025	0.48419496	0.41469514	0.42479348	-0.36597294	-0.4378973	-0.4636348	0.48209772	-0.41572246	0.46181342	-0.42795318	-0.4406726	-0.49147293
0.17395735	-0.09541493	0.16402505	0.14182696	-0.06764925	-0.12973966	-0.122467116	0.095531136	0.058208603	0.12870286	-0.06918496	0.13752437	-0.09386559	0.16046956	0.1364097	0.1222451
0.3769757	-0.39966533	0.42735073	0.34230608	-0.45632392	-0.3669045	-0.4405563	0.3298319	0.42760307	0.37607083	-0.44066888	0.4400501	-0.38889173	0.37958768	0.3956414	0.47291067
-0.16385315	0.21255809	-0.22681665	-0.22724155	0.20411907	0.21029903	0.17706937	-0.2113098	-0.238304	-0.19562627	0.24643627	-0.17591307	0.19906533	-0.22398387	-0.21683234	-0.1665849
-0.69904757	0.7592839	-0.7075619	-0.7552309	0.8057444	0.7138847	0.7026958	-0.69928855	-0.78989273	-0.759869	0.7214131	-0.7230321	0.76767606	-0.7063975	-0.6698191	-0.7266475
-0.018140752	0.06839841	0.033511877	-0.01143187	0.042743735	0.032580186	0.035264093	0.039552618	-0.090270706	0.008472491	0.09347687	-0.067292415	0.035866253	0.020474637	0.045848645	-0.0007387232
0.73334765	-0.81955564	0.7857484	0.838265	-0.8286122	-0.80825496	-0.8483779	0.7944971	0.9118332	0.83513016	-0.84516174	0.7919882	-0.82158905	0.80577844	0.7243362	0.8286447
-0.39957583	0.53058517	-0.45331678	-0.5006285	0.5354001	0.45560592	0.50688845	-0.47728863	-0.548084	-0.44276413	0.46825445	-0.4843825	0.47755128	-0.51940805	-0.4973687	-0.49169755
0.72221357	-0.7130275	0.701913	0.664496	-0.7315234	-0.6896457	-0.6474611	0.6655306	0.78471625	0.7125845	-0.6800623	0.663697	-0.71319294	0.6589467	0.6802312	0.67915326
-0.36793038	0.36730492	-0.44128734	-0.40803078	0.45032996	0.36689544	0.42727453	-0.38333344	-0.40398	-0.39276606	0.41556752	-0.37908536	0.40569732	-0.39433503	-0.42769065	-0.3936539
0.06101862	-0.071601346	0.1355011	0.057409838	-0.058238234	-0.02310966	-0.0074258405	0.042548176	0.05136484	0.0058916686	-0.06324682	0.011144994	-0.059618287	0.043371454	0.016084453	0.038084462
-0.7380369	0.78492033	-0.78456396	-0.7725152	0.7454935	0.6746715	0.7295991	-0.76297545	-0.79359406	-0.75218993	0.7474952	-0.714279	0.75175864	-0.6907921	-0.7187714	-0.7110613
-0.029320206	0.12465497	-0.06743603	-0.05090551	0.10311214	0.044253875	0.08621947	-0.012024163	-0.113771014	-0.11315718	0.04549203	-0.104545146	0.041697618	-0.09503391	-0.090951584	-0.09711624
-0.5160825	0.54431546	-0.5709758	-0.59806836	0.6725518	0.56549895	0.611845	-0.63326883	-0.6094662	-0.6400406	0.62111306	-0.628899	0.58227277	-0.61026233	-0.53493553	-0.6288444
-0.2911133	0.31927824	-0.31004763	-0.27352193	0.28744364	0.2330832	0.2912135	-0.27721098	-0.3116623	-0.31953344	0.25510338	-0.28275532	0.2325401	-0.22460689	-0.3183077	-0.24752484
0.319997	-0.3503474	0.27593538	0.335131	-0.43517217	-0.3357503	-0.43086103	0.35729012	0.4309757	0.337737	-0.35810533	0.38935596	-0.37227285	0.3426147	0.39452508	0.4598978
-0.30621567	0.41130713	-0.32010415	-0.3972004	0.42984077	0.3599759	0.39152864	-0.36434752	-0.4819245	-0.44869024	0.42155752	-0.44500753	0.43474242	-0.3422702	-0.35641378	-0.40604752
-1.239869	1.3736106	-1.4138724	-1.3608224	1.4043838	1.2591121	1.3345255	-1.3274908	-1.5341506	-1.3636253	1.34227	-1.3530372	1.3590146	-1.3486502	-1.260336	-1.4504029
-0.09629231	0.19269922	-0.053376243	-0.20125583	0.17377274	0.07466001	0.122086726	-0.134846	-0.20614284	-0.10361849	0.19448914	-0.17653647	0.1842319	-0.16016738	-0.09289233	-0.18550579
-0.1965809	0.19914572	-0.19415721	-0.13943215	0.1884172	0.18109405	0.15105076	-0.15470815	-0.11080749	-0.20785716	0.14508724	-0.14516626	0.15115187	-0.15584657	-0.17603682	-0.15391883
0.15778954	-0.17627032	0.081019275	0.16735385	-0.19551039	-0.16680576	-0.18723512	0.09386573	0.1716947	0.15604235	-0.19153947	0.1699048	-0.1117056	0.19056521	0.10609272	0.1844482
-0.8950524	0.9459002	-0.93222517	-0.91996944	0.91949254	0.9416882	0.9305631	-0.93065524	-1.0252727	-0.96439326	0.9071172	-0.95957494	0.94485724	-0.9067218	-0.89547104	-1.0098625
0.14102226	-0.15209796	0.12407883	0.1756307	-0.16336553	-0.12174337	-0.1666462	0.16085064	0.17197111	0.12936114	-0.12731673	0.19636048	-0.20123893	0.115826085	0.13784012	0.17577182
1.0553352	-1.1515026	1.0998683	1.1460993	-1.1538578	-1.1416339	-1.1498222	1.0980442	1.2039528	1.108967	-1.1158932	1.1393722	-1.1238524	1.0722336	1.1162393	1.1961713
0.28679788	-0.17271589	0.19562045	0.24102552	-0.20551462	-0.21288438	-0.15917638	0.2945767	0.22618034	0.23401748	-0.16480029	0.20919897	-0.18153425	0.19460171	0.24500585	0.23279887
-0.14528807	0.20332219	-0.14773615	-0.13733551	0.17012385	0.18258493	0.12459516	-0.2036343	-0.17688482	-0.1261935	0.19323151	-0.15867801	0.20405632	-0.18590847	-0.17040262	-0.13972375
0.26461005	-0.40495542	0.33021036	0.3666578	-0.41782695	-0.34644318	-0.33632207	0.32734182	0.4296773	0.3849544	-0.3713402	0.39904127	-0.3949901	0.33982772	0.38506123	0.3897231
-0.049233943	0.21293847	-0.13777505	-0.17482351	0.23525852	0.12663594	0.19658321	-0.16135865	-0.18874335	-0.17362185	0.20635985	-0.1877581	0.21058309	-0.12671323	-0.15102735	-0.19736284
0.37836173	-0.3376861	0.31795126	0.33820975	-0.32228532	-0.3315303	-0.3808099	0.33705208	0.34006214	0.30637866	-0.36565438	0.35681492	-0.34889024	0.32536525	0.37434492	0.31542784
-0.38111454	0.45958287	-0.38045084	-0.4510884	0.43958136	0.3821037	0.48142213	-0.46904266	-0.47249708	-0.453744	0.46383178	-0.49321064	0.42296058	-0.39562386	-0.42473677	-0.5269584
0.8218446	-0.87279326	0.86195755	0.9230318	-0.9359548	-0.87002945	-0.8664148	0.85266626	0.94254583	0.9298403	-0.8748839	0.96164954	-0.85726714	0.8806282	0.85820204	0.97268856
0.71238256	-0.6457731	0.6849804	0.6090996	-0.56918144	-0.65565383	-0.6207339	0.6415576	0.57767415	0.5597872	-0.5899261	0.61795753	-0.5598152	0.65390015	0.5600603	0.65834874
-0.28505015	0.2854015	-0.229576	-0.23165922	0.25681728	0.2762053	0.2252357	-0.23121129	-0.28902087	-0.23831248	0.25750157	-0.2012048	0.21199577	-0.21437256	-0.2871627	-0.21211816
-0.78022593	0.8456187	-0.86986864	-0.8869957	0.85546213	0.8795922	0.8594137	-0.8482228	-0.94757015	-0.80834645	0.8102823	-0.8619379	0.8291545	-0.8112377	-0.8625934	-0.843329
0.05256568	-0.021604659	0.017400727	-0.037824765	0.028665511	0.008778463	-0.0016474	-0.010950541	-0.019894972	-0.00015211031	-0.011493831	-0.047108963	0.02551794	-0.0509588	-0.04587075	-0.0024028912
0.14399615	-0.22351418	0.13844125	0.22076511	-0.20563845	-0.13131417	-0.15816766	0.1795204	0.25890258	0.17898874	-0.2076494	0.19287924	-0.22530511	0.19325924	0.16215402	0.18844022
0.088198215	0.017058259	0.0143615035	-0.010356425	0.03065878	-0.024233801	-0.012285948	0.02201884	-0.020708434	0.0035937987	0.07557035	-0.07230715	0.09319479	0.0014766207	-0.030728439	-0.043443125
0.38675496	-0.43464774	0.3544716	0.37161237	-0.455821	-0.42168176	-0.33706823	0.31880417	0.39495775	0.37948802	-0.35200873	0.3998136	-0.37284693	0.43334848	0.38400567	0.41211164
-0.49640575	0.5216941	-0.4856015	-0.5622162	0.49768057	0.5378298	0.49690554	-0.48070496	-0.5628058	-0.560239	0.5369948	-0.48271984	0.5218041	-0.5436107	-0.47435394	-0.570732
-0.24693339	0.27223548	-0.36082622	-0.347458	0.30393228	0.29116142	0.32041606	-0.3574784	-0.3140259	-0.29556164	0.35788804	-0.28934494	0.32061544	-0.29840958	-0.34283948	-0.38668323
-0.31245008	0.23786736	-0.30081216	-0.306855	0.26092982	0.24703713	0.27978802	-0.2929297	-0.26206976	-0.2834637	0.2830734	-0.29856816	0.29751697	-0.31151435	-0.2503222	-0.29507393
-0.25561747	0.23864105	-0.24244529	-0.22902036	0.27674088	0.2770032	0.28944007	-0.2900331	-0.3080044	-0.24296968	0.25758493	-0.25842285	0.20749953	-0.20483063	-0.25608683	-0.31132606
0.1280412	-0.13001297	0.12917027	0.115691565	-0.136084	-0.17412636	-0.12895176	0.15431608	0.20379771	0.1412704	-0.19878146	0.15878779	-0.14104368	0.19062687	0.15624252	0.1990568
0.039134383	-0.08716496	0.081039	0.072873585	-0.122114435	-0.06948378	-0.051423747	0.06445517	0.04566302	0.05439747	-0.1392484	0.10318619	-0.12656264	0.13702118	0.12938891	0.14141868
-0.13226329	0.1677523	-0.21173443	-0.12340993	0.16743872	0.21684837	0.18401912	-0.15225978	-0.20320368	-0.14884238	0.20049948	-0.15340129	0.22548705	-0.20128724	-0.14431177	-0.20636307
-0.63332665	0.66543704	-0.7280746	-0.68779874	0.68825364	0.7222304	0.6873187	-0.6905366	-0.75594646	-0.7107974	0.7494027	-0.715678	0.6676447	-0.7123636	-0.6415805	-0.70492375
0.14972723	-0.2146875	0.22527413	0.15775317	-0.17675377	-0.1662373	-0.15323992	0.2167589	0.17023616	0.13139033	-0.17690574	0.15378779	-0.17913833	0.15275204	0.221185	0.14430882
0.5139587	-0.61584234	0.5371681	0.55052537	-0.60746235	-0.5836794	-0.542859	0.54839396	0.66359967	0.53740525	-0.5826607	0.62456924	-0.60287935	0.5142498	0.52130234	0.5712746
-0.5531993	0.63322246	-0.6524427	-0.6662654	0.6959253	0.6136517	0.70665795	-0.6602377	-0.71738863	-0.63752556	0.6867435	-0.67290014	0.72715384	-0.6484049	-0.62824094	-0.69518656
0.16463086	-0.28873548	0.1522384	0.21346448	-0.24469703	-0.2506394	-0.22818606	0.25385723	0.25835875	0.25106105	-0.27352804	0.3037656	-0.22551356	0.21675801	0.1809876	0.31059098
0.28000873	-0.28194994	0.37706596	0.2752716	-0.28179517	-0.33468422	-0.32887357	0.35203785	0.30070782	0.26215592	-0.35534596	0.3329533	-0.3385803	0.28257936	0.33309957	0.34787494
0.012963883	0.0044092895	0.0012826973	-0.03838294	-0.025206497	-0.019509725	0.028248446	0.0004173678	-0.026482161	-0.0455017	-0.008888924	-0.062161203	-0.036833204	-0.04958657	-0.017619463	0.030760359
0.47246668	-0.4874063	0.4709513	0.5556228	-0.577978	-0.5039947	-0.5393679	0.5146705	0.5805948	0.5561951	-0.5712639	0.49695513	-0.5550787	0.48414305	0.5167796	0.5893133
-0.20088778	0.20643657	-0.106851436	-0.18135913	0.20480195	0.19138865	0.17545667	-0.20246682	-0.21265595	-0.21471974	0.1835046	-0.19255142	0.13201624	-0.15320225	-0.19196089	-0.19484457
0.81170833	-0.8616909	0.76822466	0.86663157	-0.84833306	-0.83539504	-0.7791931	0.8322826	0.84256923	0.81151974	-0.78146696	0.8461691	-0.8368121	0.79809666	0.7719446	0.87682706
-0.20811275	0.24666476	-0.23563254	-0.21296945	0.17334267	0.15395321	0.2080272	-0.21843356	-0.2536902	-0.1642182	0.18328066	-0.2355036	0.21906054	-0.2334104	-0.15398324	-0.19612628
0.31443033	-0.41493842	0.3634676	0.40772176	-0.41342813	-0.3242258	-0.38329956	0.34520543	0.44172376	0.37019065	-0.35956687	0.43359697	-0.42267248	0.38056055	0.33834234	0.3737316
-0.3147114	0.37901878	-0.2863878	-0.3105092	0.3998709	0.32756028	0.29847738	-0.29606438	-0.35665926	-0.32471526	0.33621535	-0.33181715	0.36846292	-0.30404443	-0.32312277	-0.37860426
-0.035794415	-0.024981111	-0.028975796	-0.002784388	-0.07096689	-0.0020602294	-0.025355829	0.07317185	0.03759276	-0.025638444	0.012607807	0.0063784355	-0.02431544	0.048842598	0.011343275	0.04907298
-0.71795523	0.7148575	-0.7461502	-0.71944803	0.7539652	0.7536166	0.7588774	-0.7155664	-0.77697235	-0.70551866	0.7864632	-0.74278194	0.77349514	-0.7049126	-0.72780806	-0.7666075
0.15183786	-0.27445567	0.12733425	0.21762909	-0.2542024	-0.1925838	-0.28505495	0.22160646	0.30151948	0.29296643	-0.23568548	0.30620345	-0.26297906	0.22029388	0.1980534	0.22602707
-0.07289517	-0.03371011	-0.081586756	0.017250603	-0.010246938	0.012228552	-0.02870594	-0.0025950614	0.037816044	0.040767096	-0.044507187	0.00499279	0.027389942	0.026560131	-0.0050909123	-0.034531277
0.1864027	-0.16519754	0.20124194	0.15495077	-0.17595884	-0.23799565	-0.21222296	0.18309519	0.16635515	0.19020832	-0.14074196	0.13890277	-0.1910945	0.22779794	0.16754103	0.23899879
-0.41766328	0.3448577	-0.37075004	-0.35009336	0.3803895	0.37495315	0.3296993	-0.3211125	-0.35330778	-0.39762807	0.31452835	-0.30797514	0.28486034	-0.38578182	-0.33646947	-0.32549265
0.6692241	-0.6475803	0.6676062	0.6172188	-0.7165026	-0.6566576	-0.701966	0.6758301	0.7199416	0.7134458	-0.67245513	0.6633669	-0.6285064	0.638483	0.6601622	0.6694521
-0.14569023	0.20254834	-0.1847634	-0.20311451	0.18134986	0.19678687	0.15887943	-0.14670224	-0.23321573	-0.20747046	0.22007148	-0.22431926	0.19207892	-0.17165767	-0.17487708	-0.17367963
0.5672966	-0.46602082	0.6055607	0.4359368	-0.40856573	-0.47038573	-0.40020683	0.56423485	0.44327	0.42933536	-0.42574224	0.41102576	-0.46696207	0.49554428	0.47703826	0.5176634
-0.25620195	0.33643278	-0.296291	-0.30574313	0.33942288	0.26199976	0.2845179	-0.3481752	-0.35895285	-0.30064613	0.28503928	-0.32111874	0.3034684	-0.35089755	-0.3344303	-0.27940074
0.75349665	-0.7393861	0.7932581	0.7289972	-0.72268337	-0.7066544	-0.7640736	0.73606527	0.7974054	0.75058156	-0.71388716	0.77044517	-0.71906334	0.77297235	0.7823103	0.8122129
-0.22823772	0.33898997	-0.20621592	-0.33186123	0.34859273	0.28720063	0.25836465	-0.24361047	-0.32484183	-0.26256305	0.30055082	-0.31341508	0.29130664	-0.2848375	-0.2866762	-0.26750913
-0.4481596	0.45249647	-0.47583583	-0.4897764	0.474206	0.5094124	0.5183574	-0.4578475	-0.568026	-0.52841806	0.48527664	-0.46218893	0.5183831	-0.5326825	-0.46883854	-0.4926365
1.2614872	-1.3047761	1.3514713	1.2859615	-1.3450347	-1.2575271	-1.2965081	1.3131027	1.4732631	1.2762684	-1.3340236	1.3393868	-1.2838135	1.3447726	1.2442316	1.3796105
1.4199477	-1.4337629	1.4155046	1.466815	-1.4901159	-1.3777318	-1.4897547	1.4252232	1.6009365	1.4540253	-1.5225691	1.4954773	-1.4055016	1.444293	1.4345758	1.5033257
-0.29899493	0.23546219	-0.29467478	-0.2737769	0.2885484	0.30381775	0.21293642	-0.2963429	-0.25212833	-0.21407989	0.26955354	-0.2297218	0.25953653	-0.23048101	-0.25232401	-0.22304569
-0.7377123	0.65325105	-0.7579246	-0.625	0.6942633	0.7011994	0.6977589	-0.70761496	-0.64924365	-0.6430614	0.6302241	-0.6448682	0.6857546	-0.70900995	-0.6926599	-0.7127705
0.04039481	-0.13679309	0.08228209	0.09687303	-0.10099864	-0.09410012	-0.08433831	0.11700599	0.14132616	0.11009139	-0.17197746	0.15589586	-0.16478401	0.09211644	0.12836543	0.14980572
-1.0619017	1.0580338	-1.0564547	-1.0724093	1.1122217	1.0562631	1.0434393	-1.019298	-1.0545273	-1.05843	1.0151026	-1.0597245	1.0013173	-1.0905261	-1.05889	-1.0439137
-0.2664295	0.22264183	-0.2471689	-0.17504087	0.1820767	0.28888866	0.21934937	-0.2590379	-0.20182052	-0.20527706	0.2552197	-0.22409654	0.17062996	-0.27755657	-0.2723701	-0.24456157
0.33276063	-0.3734025	0.3377028	0.35661364	-0.39672932	-0.3560613	-0.33604664	0.29705766	0.36179215	0.32340777	-0.39503273	0.38462174	-0.30296522	0.31924483	0.31597647	0.41426164
-0.43796816	0.49114028	-0.52730143	-0.5072914	0.5414332	0.4802866	0.49011275	-0.5913815	-0.6060088	-0.5364297	0.5011189	-0.5362489	0.49859992	-0.5643977	-0.5073293	-0.57076323
-0.002256932	-0.10138637	0.035065908	0.08323187	-0.13123702	-0.011483946	-0.06063628	0.07331969	0.14810014	0.13473824	-0.06829574	0.13966025	-0.059287895	0.07718046	0.098126166	0.07219795
0.5965449	-0.72525597	0.6260113	0.68186694	-0.7571885	-0.67916816	-0.7201596	0.6670931	0.6970243	0.6979122	-0.6854809	0.70271957	-0.6372657	0.6706294	0.6248047	0.72257406
0.0430073	-0.0595127	0.019815745	-0.006368862	0.005698473	-0.067847945	-0.027588002	0.0011648543	0.023325918	0.026192063	-0.03268281	0.043190647	-0.035410076	0.018385367	0.035244253	0.009788004
0.006489949	0.01772267	-0.029108377	-0.08122355	-0.027605489	-0.0021561156	0.030640692	-0.01936116	-0.0027797648	-0.05864434	-0.005406642	-0.030359646	0.021321427	-0.055392463	-0.027635606	-0.016352057
-0.058553778	0.0077814627	0.01138224	0.012522838	0.050939463	0.07198773	-0.02389441	-0.020894082	-0.020881299	-0.0019992478	0.017739886	-0.033357315	-0.02100376	0.008184951	-0.071205616	0.0005744316
-0.33717373	0.3113371	-0.29949474	-0.30145866	0.28289148	0.283835	0.2412602	-0.2724902	-0.31058866	-0.27323833	0.33520207	-0.28982097	0.27379906	-0.24553074	-0.32643878	-0.28463712
-0.037232593	0.08548217	-0.086850636	-0.15230934	0.14384854	0.06716451	0.14948148	-0.04093517	-0.13319296	-0.13865563	0.14013639	-0.09669928	0.12100038	-0.06747372	-0.13737291	-0.13583559
-0.1195693	0.08407627	-0.14157341	-0.075886935	0.07565058	0.085157804	0.050895177	-0.064421274	-0.007780763	-0.032407988	0.08450043	0.004883993	0.03829281	-0.02629305	-0.09833739	-0.09280352
0.35218206	-0.37206396	0.3522697	0.3878005	-0.4232399	-0.40696856	-0.41617003	0.34505928	0.39076084	0.41699597	-0.39982146	0.4268423	-0.35561356	0.33754253	0.40588096	0.39239275
0.38513893	-0.4126561	0.4221747	0.44046083	-0.3883159	-0.3644603	-0.38583472	0.4287902	0.5126377	0.40818828	-0.44084254	0.4399625	-0.38406312	0.39687753	0.3451846	0.4272757
0.11862725	-0.15561508	0.19571981	0.19856164	-0.14375027	-0.101638675	-0.20837396	0.13249105	0.16270371	0.17485398	-0.13123538	0.2037708	-0.11933116	0.15767768	0.10736231	0.19235797
0.5494023	-0.6398953	0.5375088	0.56226856	-0.6283535	-0.55853957	-0.55073655	0.63301927	0.61684084	0.5717762	-0.58440816	0.5881927	-0.6115806	0.62821764	0.53727007	0.59157723
-0.16139461	0.16771297	-0.21824038	-0.20546675	0.14975132	0.12406256	0.21418622	-0.14725548	-0.13047922	-0.21199171	0.18020245	-0.17153847	0.19894269	-0.12050316	-0.12434759	-0.15285519
-0.09233964	0.089210466	-0.039310645	-0.067353144	0.12848975	0.063413195	0.06994728	-0.07458926	-0.13449298	-0.09696711	0.074931145	-0.11894525	0.07416562	-0.109672226	-0.112041324	-0.10841693
0.2579219	-0.15471412	0.16698112	0.19710545	-0.14913796	-0.21660924	-0.19274355	0.22457293	0.10482553	0.14324223	-0.11620778	0.114855126	-0.14382088	0.14806643	0.1663032	0.17726497
-0.66837126	0.8030499	-0.7462433	-0.8235349	0.8071055	0.77921826	0.8358983	-0.7767519	-0.9277728	-0.8215069	0.82376146	-0.88943726	0.763473	-0.8217018	-0.7590895	-0.8002576
0.2401177	-0.21774226	0.21880217	0.30180186	-0.31533116	-0.22119217	-0.2357077	0.26295447	0.2377957	0.21988502	-0.27337328	0.28243303	-0.22552066	0.27876657	0.23907639	0.27909783
-0.8354578	0.9837529	-0.9031453	-0.9767092	0.9227662	0.83631855	0.9444942	-0.9095069	-0.96710384	-0.9183937	0.91575927	-0.93034285	0.9339571	-0.8806291	-0.9210292	-0.97395414
0.16080444	-0.16186894	0.096266605	0.22055922	-0.23859306	-0.12747458	-0.20812681	0.21460545	0.20410554	0.24441321	-0.20206423	0.18912755	-0.15534706	0.13335289	0.21935	0.25036338
0.7458359	-0.82929146	0.830193	0.88956064	-0.8977326	-0.7774258	-0.8294126	0.8457673	0.95714605	0.79626703	-0.88025737	0.8451569	-0.8082817	0.80244595	0.84466755	0.85748494
-0.1501202	0.16051617	-0.18255018	-0.18731111	0.14725125	0.16650185	0.16703978	-0.1348107	-0.20176856	-0.11602222	0.19947563	-0.19975029	0.2243167	-0.11111801	-0.1415765	-0.20579754
0.18559754	-0.29675636	0.1870528	0.26242232	-0.29238898	-0.24883755	-0.26524565	0.23960915	0.26969773	0.22935772	-0.26456863	0.2996249	-0.29106915	0.18556745	0.23952685	0.2648167
0.71185845	-0.71913517	0.7374689	0.6908892	-0.7014941	-0.679886	-0.6997684	0.6956433	0.68089986	0.6905771	-0.7232818	0.69085616	-0.67250544	0.6686105	0.6368725	0.67357737
0.44941634	-0.51835203	0.43307146	0.47003257	-0.44710565	-0.47592893	-0.49496636	0.47283867	0.46181497	0.48053062	-0.46944118	0.42821532	-0.40806305	0.45986548	0.42930532	0.4743801
-0.12719145	0.11240681	-0.13973786	-0.12679209	0.15726168	0.17516351	0.14641176	-0.10039355	-0.17220888	-0.19603528	0.18649988	-0.11338134	0.12179814	-0.11080842	-0.14278698	-0.14824678
0.68441206	-0.7760355	0.7351295	0.75454897	-0.735912	-0.78119266	-0.74069995	0.68993354	0.8037598	0.7824956	-0.77852756	0.8192512	-0.79616433	0.73277754	0.73588324	0.77785987
-0.48764637	0.52765375	-0.49383843	-0.49424228	0.49488604	0.49871132	0.4710575	-0.5518735	-0.54186606	-0.54533166	0.48744476	-0.47054976	0.55140096	-0.49558336	-0.50028837	-0.53593725
0.4416305	-0.5006146	0.45098352	0.4680271	-0.4782356	-0.4351389	-0.5091344	0.5081041	0.4946207	0.44035214	-0.50041276	0.53445375	-0.42492467	0.5027188	0.47848314	0.5334804
-0.62062	0.64972264	-0.6872655	-0.6933518	0.6834062	0.6349375	0.64493495	-0.6615335	-0.706132	-0.6418495	0.6856557	-0.714512	0.62764597	-0.6761479	-0.6761036	-0.7474134
0.7666337	-0.6369979	0.7753242	0.6753212	-0.67310673	-0.66257066	-0.65512323	0.69814974	0.6870302	0.72377056	-0.7254693	0.7075475	-0.69390565	0.70921534	0.6668268	0.68419564
0.38664404	-0.39451942	0.4064947	0.408198	-0.4037956	-0.3476799	-0.4119993	0.3969255	0.40317523	0.44234496	-0.39522228	0.3668725	-0.40865925	0.37087208	0.4215485	0.37940642
0.08400435	-0.12824921	0.018515432	0.11936017	-0.12615685	-0.07204752	-0.053077932	0.12604965	0.11545501	0.061020147	-0.085006446	0.105366156	-0.084687576	0.06025576	0.07523937	0.11403297
0.1987738	-0.23951085	0.28637704	0.23744616	-0.24518147	-0.17276214	-0.21694006	0.33227274	0.2563055	0.2802689	-0.24050923	0.31815413	-0.2910735	0.27980548	0.27416816	0.23269086
-0.2876166	0.26455188	-0.302758	-0.3159083	0.2367982	0.32184628	0.25734112	-0.3666692	-0.25620204	-0.27345303	0.29581466	-0.23896858	0.28019056	-0.2739787	-0.31530675	-0.25165746
1.1952416	-1.3137397	1.3043572	1.2572975	-1.313575	-1.2108396	-1.2853225	1.2635884	1.3676945	1.2814214	-1.2645549	1.293048	-1.2624022	1.3070235	1.2217159	1.384375
-0.5804376	0.6228195	-0.58509624	-0.6044785	0.64121735	0.62837505	0.65011024	-0.64871544	-0.6315133	-0.6299145	0.5866816	-0.60390085	0.58170974	-0.5887263	-0.56427777	-0.61606747
0.49354836	-0.45224524	0.48210827	0.47632545	-0.5074493	-0.5218285	-0.46378052	0.52620673	0.58303404	0.50524443	-0.4557184	0.5476331	-0.51329255	0.44014263	0.44792593	0.55536675
-0.29608327	0.29573753	-0.32048178	-0.3174059	0.32317284	0.26179823	0.29784706	-0.31809303	-0.418063	-0.36459222	0.2953499	-0.34125504	0.36918792	-0.31440935	-0.26940188	-0.35656315
0.03548512	0.022775479	0.03581807	-0.023296066	-0.020968128	-0.030740889	-0.00394365	0.019996658	-0.008608104	-0.054155827	0.005513775	-0.043021694	0.00032538618	-0.03605163	-0.0024500391	-0.047367398
0.15284939	-0.10862651	0.15497945	0.16588537	-0.12120427	-0.07889045	-0.099723876	0.08465326	0.13105363	0.13813333	-0.11463474	0.06732024	-0.10479344	0.09641016	0.11384318	0.1523894
-0.79827315	0.85917485	-0.82464004	-0.84463185	0.806825	0.8459325	0.8687927	-0.77903914	-0.9133849	-0.87647045	0.8614748	-0.8818109	0.7921371	-0.78726315	-0.7886471	-0.83056605
0.06965212	-0.040110845	0.022116875	0.03209245	-0.058021165	-0.03526844	0.0023735024	-0.0047463872	0.045282815	0.07688541	-0.006296854	0.06930764	0.013260944	0.03073308	-0.016627345	-0.0072009433
0.18771255	-0.16028906	0.14505813	0.17209168	-0.18879816	-0.18823569	-0.1321523	0.10738594	0.17383586	0.1532944	-0.14150788	0.18639445	-0.13597773	0.13485214	0.13779731	0.16258457
0.05044975	-0.0037186097	0.06696372	-0.012090568	0.068362206	0.032838926	0.006161878	-0.01020823	-0.08636301	-0.059878577	0.048905306	-0.05613669	-0.002551685	-0.04154561	-0.025777843	-0.049151193
0.037992533	-0.14178428	0.08562202	0.16152012	-0.05628068	-0.12642467	-0.10568199	0.1276025	0.114936136	0.10905739	-0.1470573	0.13007718	-0.1407952	0.070424035	0.04236021	0.13843158
-0.026905704	-0.12385742	-0.03184212	0.08038365	-0.14003895	-0.012514101	-0.13301618	-0.01487329	0.095493905	0.060666874	-0.08941808	0.11303617	-0.108897194	0.10261642	0.06045895	0.10359172
-0.97183603	1.0337805	-1.0165509	-1.0484458	1.1107074	1.0032221	1.0166932	-1.0277908	-1.1192542	-1.0833683	1.0427524	-1.07347	0.9899156	-0.9988843	-1.0322763	-1.0938648
0.088800825	-0.032939952	0.13353717	0.09421388	-0.090377994	-0.060040712	-0.102980874	0.14049436	0.087060526	0.09853165	-0.054664213	0.05799603	-0.030763214	0.035041418	0.06360185	0.067192994
0.37515658	-0.49603453	0.4746035	0.47658607	-0.475769	-0.46926293	-0.507693	0.44452688	0.57307786	0.4718431	-0.5235566	0.47077343	-0.44338068	0.4468462	0.4550041	0.5195777
-0.09406839	-0.02497432	-0.036593806	-0.0050982167	-0.049714312	0.020408493	0.025355022	-0.07379301	0.023652764	-0.03952101	0.041746914	0.013085388	-0.0059652952	0.01669596	0.012784219	-0.04538744
0.05037368	-0.043987863	0.025024753	0.021052236	-0.0519807	-0.028890667	-0.06152398	-0.0026628037	0.017571528	0.068137705	-0.024444629	0.059390765	0.038745146	0.060458858	0.013285473	0.041040346
-0.36048985	0.44680446	-0.37997633	-0.44597957	0.4955941	0.42310515	0.49557778	-0.3505347	-0.51718605	-0.42774627	0.45306802	-0.50405055	0.47086954	-0.39992657	-0.41293624	-0.43774104
-0.01993273	-0.02930498	-0.04766265	0.02499034	-0.0149570005	0.06000231	0.02389885	-0.014764452	-0.050475292	-0.034574583	0.02332713	0.006167066	0.055338446	0.0024087732	-0.06704829	-0.08021308
0.4521353	-0.5473295	0.45502213	0.52263093	-0.4737208	-0.4604123	-0.4558522	0.42597812	0.54094166	0.48956206	-0.51906496	0.5052797	-0.480479	0.4187627	0.49134257	0.48713008
-0.29997408	0.24285258	-0.3000911	-0.31512314	0.3049562	0.28649873	0.27339667	-0.30533683	-0.27554613	-0.28683406	0.22942697	-0.23417848	0.24585569	-0.25762025	-0.28937253	-0.2725515
0.3061564	-0.3106835	0.24612501	0.24497667	-0.3685437	-0.31392813	-0.30415744	0.30959728	0.37057352	0.32023013	-0.3429906	0.3213774	-0.24800386	0.31323898	0.2687113	0.2822908
0.13561046	0.015963063	0.08979899	-0.03940367	0.06493048	-0.027638705	0.0044054314	0.04776513	0.0045820964	-0.017452128	0.046573285	-0.00744451	0.0006223617	0.017540788	-0.01614002	-0.0066391993
-0.21314949	0.3147847	-0.22144586	-0.31313774	0.36943024	0.28559592	0.35796234	-0.3347643	-0.42961094	-0.33296114	0.3044698	-0.385534	0.29814854	-0.32303998	-0.25579256	-0.34898624
-0.3027877	0.38493463	-0.3237695	-0.33437204	0.32153767	0.35103732	0.36856538	-0.3384087	-0.39499584	-0.36743602	0.33404565	-0.38542107	0.34088764	-0.31821787	-0.3947609	-0.39829144
-0.6782213	0.6547877	-0.66373384	-0.64694387	0.6443254	0.6559582	0.63659763	-0.61455584	-0.6445662	-0.6106314	0.62447023	-0.65902597	0.65909	-0.6248138	-0.6953359	-0.66507405
-0.017104767	0.076783285	-0.0028541398	-0.08530077	0.039741628	0.023929795	0.06512889	-0.022978941	-0.0043321685	-0.06358593	0.099060394	-0.009484749	0.08261206	-0.015708806	-0.051939093	-0.083055325
-0.16491264	0.11740397	-0.16122279	-0.110504225	0.16427428	0.09849258	0.14925176	-0.12600781	-0.0830718	-0.14441101	0.09604954	-0.08089183	0.1678092	-0.09396174	-0.13161275	-0.16355562
-0.08200676	0.12432515	-0.09893861	-0.14510171	0.16181086	0.14795259	0.16606206	-0.07401724	-0.23814604	-0.20862654	0.21057309	-0.19731338	0.19607744	-0.12332284	-0.14051953	-0.19765836
-0.8100094	1.0317495	-0.8686693	-1.0176957	1.0153068	0.9525288	0.92885643	-0.9098299	-1.0806118	-0.97565514	0.98608446	-1.0170667	0.95533603	-0.8967189	-0.8894872	-0.98056096
0.3527471	-0.22730671	0.35207316	0.25645852	-0.2757007	-0.3094633	-0.23016778	0.20553857	0.20692092	0.28125662	-0.27575046	0.2840953	-0.19989927	0.26288757	0.28574345	0.2543283
-0.23602068	0.21124096	-0.19590619	-0.13929075	0.21509561	0.17193052	0.15621707	-0.1744977	-0.20010763	-0.14552534	0.18117672	-0.2297566	0.14513786	-0.21390653	-0.15273236	-0.22034368
0.19885641	-0.29755506	0.18848373	0.25501412	-0.3296394	-0.28234988	-0.25541335	0.26451078	0.25984368	0.26522288	-0.31092837	0.25333416	-0.268918	0.27344432	0.28316495	0.28613514
-0.090250395	0.12804347	-0.07353761	-0.113017574	0.05480446	0.04966465	0.062155977	-0.07979602	-0.09803396	-0.05141467	0.07516675	-0.0236128	0.08334556	-0.050892163	-0.077827625	-0.10401155
0.045263447	-0.024668181	0.07745396	0.0018293025	-0.062191002	-0.049935196	-0.07593408	0.047911175	0.082923405	-0.003066871	-0.012137762	0.033053484	-0.049157184	0.025798032	0.005641853	0.035336055
0.06007008	-0.00090288825	0.07739743	0.01304341	-0.02633313	-0.09715089	-0.082894646	0.07443749	0.075973004	0.062522985	-0.054193687	0.04035004	-0.048991635	0.026444877	0.0055047967	0.00045480195
1.4219012	-1.4717185	1.5034864	1.4163889	-1.5317135	-1.4166605	-1.4803402	1.4543353	1.5479829	1.4530995	-1.4975638	1.5382067	-1.4653473	1.4354889	1.4815842	1.5029598
-0.46812946	0.45924982	-0.5717867	-0.5393073	0.55099696	0.47684672	0.496339	-0.5369215	-0.5782351	-0.5351389	0.52226883	-0.51172537	0.46306196	-0.55198956	-0.4886142	-0.50650394
1.0698367	-1.1732	1.1568317	1.2181025	-1.2210579	-1.1694684	-1.2044947	1.1020328	1.2416981	1.2173467	-1.1750995	1.1941196	-1.1511394	1.1649996	1.1705352	1.2692949
-0.35545814	0.36662272	-0.3529786	-0.36989653	0.35961252	0.33381698	0.31268832	-0.38637108	-0.34373268	-0.36029205	0.39427316	-0.34483293	0.33390558	-0.37860242	-0.31032535	-0.36233547
-0.3821281	0.3195319	-0.3554041	-0.36538237	0.31936833	0.3836407	0.38373244	-0.3485402	-0.3814503	-0.34196904	0.3307755	-0.40296215	0.3610875	-0.34961444	-0.3346121	-0.3307206
-0.93517697	0.88378185	-1.0133209	-0.93192285	0.93432206	0.92617077	0.8808336	-0.94950277	-0.973082	-0.8764854	0.86671436	-0.9004734	0.9249672	-0.8905948	-0.8987255	-0.9266359
0.11751058	-0.24069786	0.12524894	0.22539453	-0.2629065	-0.1874316	-0.22110711	0.17744932	0.26480535	0.22047713	-0.18476683	0.20637202	-0.1896463	0.1804394	0.20998682	0.2088995
-0.23848613	0.23756048	-0.23485358	-0.26399958	0.2857773	0.27832136	0.25350612	-0.25636074	-0.28853673	-0.24871121	0.32302994	-0.24714938	0.29623595	-0.29289427	-0.27280092	-0.26397166
0.055413127	-0.0770911	0.064632036	0.050158933	-0.072732255	-0.023215903	-0.10268506	0.09692957	0.12722117	0.10199055	-0.09230588	0.10738722	-0.09871355	0.11928424	0.07034465	0.12302516
0.46834517	-0.5036356	0.45615554	0.5027428	-0.53848886	-0.51395917	-0.47807413	0.5236234	0.53536797	0.49275228	-0.5552216	0.5248281	-0.514371	0.4868777	0.52841455	0.5598546
-0.03730855	0.07333722	-0.037496604	-0.093132846	0.06804985	0.05160798	0.10374241	-0.14815575	-0.09626082	-0.099297516	0.055712946	-0.07443097	0.10426736	-0.044726763	-0.042414196	-0.07869808
0.13647705	-0.1286924	0.16792682	0.050976835	-0.122216694	-0.08805924	-0.0564317	0.049730692	0.05654472	0.10704716	-0.04981852	0.03917918	-0.057958715	0.039548505	0.12777953	0.10587063
0.27973196	-0.21279658	0.1635365	0.15826537	-0.19053987	-0.19950786	-0.16407797	0.27148566	0.1997203	0.24679813	-0.23438759	0.20440976	-0.22119462	0.22741859	0.22882506	0.21544985
0.047989205	-0.027405357	0.07477861	-0.038645133	0.007285017	0.041190546	0.045448527	-0.022669695	-0.03499375	-0.018728973	-0.020351976	0.007546705	0.0027618788	0.0008694909	-0.03286709	0.045156967
-0.42975467	0.44611418	-0.44810203	-0.37912008	0.4501384	0.4247574	0.35084543	-0.4601571	-0.41906095	-0.4396452	0.38119188	-0.3948694	0.37985468	-0.44193152	-0.37458763	-0.39642623
1.1522033	-1.2333285	1.2385672	1.247375	-1.3046069	-1.1464224	-1.2309374	1.1537945	1.3636519	1.1895978	-1.235735	1.2729707	-1.2338374	1.1714064	1.2205971	1.2672406
0.5677127	-0.6417795	0.53563297	0.56862193	-0.59476733	-0.6010393	-0.5326262	0.5919962	0.6155369	0.5957646	-0.61862653	0.5687542	-0.6086459	0.5986499	0.5842273	0.562637
0.073581986	-0.13407436	0.09122147	0.0996535	-0.07303244	-0.116788335	-0.08824576	0.09234771	0.15639341	0.1064465	-0.14463177	0.07626977	-0.12304069	0.106956095	0.14768589	0.12634043
0.04241836	-0.08016042	0.05762957	0.09748219	-0.050320692	-0.09553114	-0.06585195	0.022519376	0.08088658	0.062552206	-0.064249754	0.020338349	-0.076119885	0.036409363	0.019825794	0.07239966
-0.21328674	0.10400473	-0.148595	-0.13810676	0.12753457	0.117852926	0.15427369	-0.16774176	-0.15378411	-0.104635	0.16475764	-0.1176465	0.14613189	-0.13722275	-0.095679544	-0.12150126
0.45918918	-0.46387336	0.41545996	0.5143282	-0.5265139	-0.4433355	-0.48990443	0.47769699	0.55577105	0.4827557	-0.51137626	0.5498507	-0.48778817	0.47482693	0.4879093	0.55379593
-0.7553003	0.8170029	-0.75407714	-0.7525681	0.8126611	0.73316705	0.80591965	-0.7940372	-0.81483734	-0.80253565	0.8019981	-0.82898027	0.7878704	-0.78663623	-0.71885794	-0.8174809
-1.0185536	1.0118057	-1.0908116	-1.0928869	1.0985506	1.0811573	1.0559785	-1.0712034	-1.1230662	-1.1008729	1.0816658	-1.0703807	1.0595609	-1.0704243	-1.0308489	-1.0775536
1.1876135	-1.2417191	1.232166	1.2506721	-1.2836896	-1.1434741	-1.1809815	1.158414	1.2873431	1.2581059	-1.248561	1.2517827	-1.1704425	1.1898319	1.1321201	1.2938156
-0.35264415	0.3412407	-0.35679436	-0.37333503	0.36960465	0.4091677	0.4017837	-0.39386207	-0.45127928	-0.4131404	0.41196254	-0.44060755	0.39024746	-0.37056807	-0.36775547	-0.44389102
-0.21678767	0.23037536	-0.23889339	-0.24316747	0.24501528	0.21721002	0.23045693	-0.19655485	-0.3439626	-0.20539854	0.27453122	-0.31982383	0.23715632	-0.22820869	-0.26170892	-0.32771558
0.32841247	-0.38459003	0.42055807	0.37878564	-0.37097776	-0.3469506	-0.40378308	0.38912973	0.36325845	0.38574043	-0.3511447	0.3969175	-0.31282064	0.3610621	0.34312224	0.35202876
0.7590464	-0.78361565	0.7427724	0.7911348	-0.76474106	-0.7599556	-0.76357037	0.77865666	0.8366829	0.7257611	-0.79384845	0.8326179	-0.801234	0.75825554	0.78512496	0.81103873
-0.039622445	0.0119085135	-0.038125392	0.018839825	0.027004056	-0.00013133709	-0.017489025	-0.015242779	0.0025946887	0.020826116	0.04629635	-0.046874795	-0.01376654	0.018607434	-0.03790888	-0.02446549
0.16028316	-0.16347703	0.20349737	0.16770624	-0.19304448	-0.2153691	-0.18846942	0.19810769	0.18514094	0.20068505	-0.1260182	0.22107516	-0.17272554	0.21822055	0.20481777	0.1707531
-0.88053507	1.1696435	-1.1046286	-1.1937841	1.2291676	1.0634425	1.1052402	-1.1063384	-1.2801312	-1.1494559	1.1480298	-1.2277055	1.1174549	-1.0633147	-1.0844308	-1.230654
-0.071304195	0.09617752	-0.14497396	-0.101152055	0.0845096	0.15108424	0.11149821	-0.088459685	-0.07219692	-0.11143168	0.06943527	-0.094289206	0.13124238	-0.05422674	-0.06915639	-0.1565472
-0.4166498	0.3774307	-0.37841913	-0.424466	0.43559465	0.44810688	0.48574892	-0.43368423	-0.4594578	-0.3992678	0.42906785	-0.4414164	0.40926793	-0.41144162	-0.42220807	-0.43813267
-0.030475836	-0.03590122	0.034388628	-0.0072704847	-0.09065981	0.036078665	-0.01756797	-0.010827568	0.03561825	0.020855445	-0.025245337	0.07430616	-0.024381261	0.029057072	0.05338685	0.076532
1.124383	-1.0861942	1.2272726	1.1502761	-1.0676491	-1.1329983	-1.064187	1.1399616	1.1385261	1.1380724	-1.105727	1.0796583	-1.0962135	1.0677046	1.0981846	1.1442114
0.4953906	-0.59199613	0.5178906	0.5934094	-0.56865937	-0.54110926	-0.50466996	0.5061993	0.64633816	0.5310213	-0.548472	0.53429997	-0.5041941	0.47472563	0.46955216	0.56838274
0.8378526	-0.9261628	0.90736526	0.94467616	-1.0184081	-0.92969394	-0.9516249	0.8889062	0.9707467	0.9677052	-0.9781919	0.93707514	-0.88510066	0.8835038	0.94173104	0.9638313
-0.055819318	-0.06116655	-0.046107102	0.021514656	0.03273025	0.0013217409	-0.0647778	-0.023258222	0.048940875	0.0034524985	0.030968515	0.039115164	-0.06017141	0.0179814	-0.0071970164	0.048708826
-0.3262523	0.368137	-0.36958376	-0.29863065	0.3301542	0.29050952	0.3017336	-0.3010303	-0.34019068	-0.3589134	0.33638442	-0.33594236	0.3320422	-0.35383335	-0.3116318	-0.29272687
-0.058069143	0.10073961	-0.048278514	-0.093381464	0.063162625	0.054747134	0.039065275	-0.051724654	-0.107919775	-0.052293915	0.09489144	-0.058535207	0.11047522	-0.05276061	-0.090113595	-0.08331188
-0.44271168	0.31633586	-0.36110136	-0.37868485	0.33833215	0.31208163	0.33154625	-0.33793592	-0.37376526	-0.39203924	0.32126927	-0.29231256	0.34276736	-0.40457585	-0.35697562	-0.33134413
-0.59983015	0.667006	-0.6027274	-0.65177625	0.6594008	0.65726167	0.58408654	-0.65797454	-0.6153351	-0.6670582	0.5841232	-0.61537343	0.634611	-0.6409897	-0.6203981	-0.6736587
0.0958409	-0.066336185	0.07723533	0.10546295	-0.10217383	-0.03866119	-0.06803254	0.041040488	0.11830985	0.07272513	-0.07959882	0.104531795	-0.08024369	0.053990748	0.040574294	0.09958481
0.13595434	-0.26739067	0.1377691	0.20498298	-0.2283261	-0.22495653	-0.24768783	0.18702087	0.21972062	0.17033675	-0.26770848	0.2853931	-0.24523877	0.2565503	0.25029823	0.18964086
0.09457365	-0.10403281	0.057632122	0.07699393	-0.05608926	-0.08209711	-0.12162732	0.04874667	0.1282522	0.04985905	-0.07934901	0.09482374	-0.062322415	0.08132677	0.036578707	0.05290558
0.123152345	-0.14654991	0.13628796	0.1940142	-0.16738862	-0.15607692	-0.12560165	0.10010949	0.21692461	0.16276562	-0.19844554	0.13992588	-0.122209296	0.17656934	0.18753344	0.21126293
-0.032044005	0.07809393	-0.08847748	-0.06411818	0.13816883	0.0984033	0.09524385	-0.11282787	-0.14935616	-0.09080407	0.105799645	-0.10379195	0.09455676	-0.13633084	-0.085000984	-0.15827328
-0.15150972	0.049744066	-0.13858192	-0.041071564	0.020546818	0.13340609	0.09643781	-0.14987172	-0.025850445	-0.13097683	0.041425195	-0.12717254	0.106183216	-0.110621504	-0.04137295	-0.09529314
0.53029287	-0.59563184	0.5608232	0.59161544	-0.5586141	-0.5993908	-0.5947819	0.5830174	0.6823826	0.5851019	-0.6328661	0.5620084	-0.62839544	0.6091288	0.58711046	0.5582098
-0.24712482	0.2805435	-0.3446437	-0.38654345	0.32223654	0.30854398	0.3183713	-0.33316332	-0.43544218	-0.28202444	0.34757802	-0.33124363	0.2895093	-0.34432945	-0.2858374	-0.33611125
0.55342954	-0.48675525	0.5386402	0.53996694	-0.51741296	-0.4956925	-0.503957	0.4655246	0.5082742	0.5371337	-0.46468604	0.54337066	-0.5230421	0.5440691	0.48821062	0.5096292
0.5893707	-0.63310564	0.6685041	0.650499	-0.7203564	-0.644492	-0.69907385	0.683776	0.68726623	0.6650309	-0.6765942	0.70527524	-0.6825222	0.6664095	0.6673913	0.7142789
-0.04719332	0.16234997	-0.036100388	-0.08294895	0.1604107	0.12026174	0.12125998	-0.14702448	-0.17996034	-0.13117716	0.15618071	-0.1673738	0.14237194	-0.08108991	-0.060845297	-0.12971018
-0.74097866	0.82479376	-0.857311	-0.77572745	0.79084545	0.8112542	0.76654714	-0.75465655	-0.8168215	-0.80557936	0.7840548	-0.8318681	0.79862887	-0.7773888	-0.77049416	-0.7857257
-0.19448815	0.1383874	-0.18263136	-0.110934734	0.12003498	0.13413991	0.13258	-0.18129082	-0.1459932	-0.17225781	0.13699502	-0.12125496	0.14121811	-0.17843139	-0.18578982	-0.11326176
-0.76834995	0.8046678	-0.85968053	-0.7963083	0.82088286	0.8356248	0.7927464	-0.8037388	-0.89646494	-0.81221455	0.85102767	-0.9043811	0.86575925	-0.83483326	-0.7937117	-0.87462187
0.009669141	0.022226593	-0.05465604	0.01368315	-0.011966982	0.04005023	-0.034187887	0.072157115	-0.024532365	-0.019923203	-0.05169589	-0.011337978	-0.010818437	-0.0057472605	0.044244748	-0.03519122
0.07481368	-0.0348574	0.11984034	0.0898938	-0.12068815	-0.11110417	-0.085185565	0.0749399	0.10190771	0.065994106	-0.057322294	0.10480975	-0.12007147	0.06298385	0.031462584	0.036347955
-0.24448107	0.23452787	-0.3135184	-0.24356188	0.23333639	0.25080028	0.31800875	-0.27087384	-0.2967046	-0.3184759	0.32294184	-0.3177678	0.25758812	-0.2459458	-0.2688522	-0.30139142
-0.3408075	0.35727796	-0.41409776	-0.3862464	0.41474018	0.34818074	0.3130882	-0.3574518	-0.39121595	-0.33695188	0.41776252	-0.34373862	0.37759766	-0.35531354	-0.3512592	-0.41466072
-0.3004138	0.3733549	-0.29211086	-0.32580614	0.3167968	0.26682264	0.33864287	-0.279966	-0.32891914	-0.33287603	0.3459636	-0.3651189	0.33633018	-0.31727573	-0.3432885	-0.30665964
0.010615578	0.0029741907	-0.0760021	-0.09660703	0.07259701	0.015132819	0.051796004	-0.026798017	-0.07409431	-0.01997851	0.039868508	-0.054301947	0.03845208	-0.073673055	-0.04199321	-0.054793503
-0.13798928	0.15965067	-0.13302466	-0.14231749	0.12409881	0.15837103	0.17108484	-0.14964965	-0.15544511	-0.12795022	0.1620627	-0.18722634	0.16155545	-0.14926977	-0.115010805	-0.18789841
0.7259427	-0.6924009	0.70445335	0.7567865	-0.7472738	-0.7777071	-0.70496535	0.7018299	0.83244634	0.7239948	-0.7274009	0.7635503	-0.69237167	0.74750674	0.694284	0.74032426
-0.29695985	0.26004887	-0.3143093	-0.31645623	0.32699743	0.28682515	0.32850543	-0.30955234	-0.30621454	-0.28775388	0.30524376	-0.33309206	0.33602607	-0.28747988	-0.2904941	-0.3623623
0.4096029	-0.37963876	0.4269933	0.4423658	-0.39030513	-0.3592495	-0.42523366	0.39165217	0.47862935	0.37138006	-0.37326047	0.3971086	-0.37322897	0.38346368	0.36306515	0.3805571
1.134764	-1.1031041	1.1071937	1.094608	-1.1453065	-1.122678	-1.1644737	1.1088796	1.2747918	1.1105555	-1.1286141	1.137518	-1.0699668	1.1029619	1.1446525	1.1485987
-0.10272882	0.20524368	-0.12104986	-0.19503446	0.21983016	0.1691192	0.20648038	-0.16074379	-0.19682252	-0.23404332	0.17499962	-0.260397	0.19145344	-0.15069415	-0.2122619	-0.24479148
0.37303078	-0.43044224	0.46038106	0.42369488	-0.4867927	-0.4175142	-0.41383904	0.45500597	0.41222894	0.44141325	-0.3909202	0.44915295	-0.47428542	0.3967632	0.41555244	0.39695254
0.047316138	-0.16540393	0.14249629	0.1277605	-0.14821409	-0.088416226	-0.19394794	0.1293093	0.22439753	0.12696195	-0.18713637	0.14687495	-0.2027874	0.1338544	0.090348296	0.19522129
0.06540489	0.016132463	0.02891922	-0.07527721	0.087953545	0.04220975	0.005402573	0.025538387	-0.027453406	-0.03276324	0.056024443	-0.031530518	0.049246375	0.040704824	-0.040626097	-0.038336758
-1.0505038	1.0154681	-1.0511551	-0.99149835	1.0515423	1.0509837	1.0155932	-1.1103874	-1.1048787	-1.0215226	1.074391	-1.027999	1.0342256	-1.0171226	-1.0517329	-1.1153075
-0.51835084	0.61636466	-0.58548754	-0.55318844	0.63056517	0.57610863	0.55280656	-0.6037124	-0.6871207	-0.61647135	0.63013077	-0.6721803	0.5985988	-0.60679644	-0.55091524	-0.61696494
-0.21832941	0.24590757	-0.30372158	-0.22439319	0.20384128	0.24802795	0.27448827	-0.30974278	-0.26009622	-0.25233048	0.22247376	-0.2551956	0.19502847	-0.28603268	-0.28577095	-0.22060879
-0.40254468	0.4960434	-0.46898386	-0.4452009	0.49678	0.41298473	0.45305613	-0.41860107	-0.47880346	-0.4438078	0.47446597	-0.45937252	0.44439387	-0.424995	-0.41098294	-0.45578405
0.22672285	-0.25017557	0.17761122	0.23031692	-0.16785774	-0.19810396	-0.16280033	0.22149508	0.22437519	0.19278601	-0.18406947	0.19600502	-0.17381448	0.24223125	0.15524232	0.24511066
-0.22922954	0.27468628	-0.18112053	-0.24246585	0.25089195	0.27993417	0.20086248	-0.22904381	-0.22421965	-0.23041436	0.25739977	-0.24782047	0.20155439	-0.20479308	-0.21074755	-0.26461312
-0.7545834	0.86979663	-0.8561908	-0.8876075	0.97720945	0.84202975	0.86689144	-0.928281	-1.0064436	-0.8687497	0.8969962	-0.9420135	0.8815144	-0.8491783	-0.8065466	-0.9510078
-0.6220679	0.5347583	-0.6039815	-0.6190743	0.66095954	0.61532015	0.6450985	-0.61751413	-0.6636284	-0.5711262	0.6205811	-0.6486983	0.5668479	-0.60950065	-0.58255285	-0.6471743
0.2264982	-0.14065376	0.19038296	0.11725431	-0.11474772	-0.15123047	-0.108983174	0.07357784	0.13946001	0.11683517	-0.13209306	0.13527529	-0.12637925	0.15091586	0.10542614	0.162672
-0.4230522	0.51182204	-0.4435614	-0.51239145	0.5469073	0.53419846	0.48139733	-0.5374751	-0.58304465	-0.49374905	0.5071491	-0.5743759	0.522912	-0.48410952	-0.5081973	-0.57703596
0.25523683	-0.14691857	0.16970468	0.08375139	-0.13892147	-0.16673757	-0.11471954	0.12284875	0.07067405	0.072196156	-0.10409716	0.08092789	-0.09320179	0.12539843	0.13926645	0.09297866
0.11347531	-0.20416996	0.105561554	0.16893242	-0.17599909	-0.10195014	-0.16732189	0.13747804	0.17856142	0.14035955	-0.14653943	0.1767109	-0.10579576	0.10643547	0.10790211	0.17758806
0.28583685	-0.2641811	0.29248595	0.31084993	-0.3144317	-0.25237003	-0.31528437	0.2433779	0.27663946	0.2968344	-0.23824711	0.28044683	-0.30267113	0.26748845	0.31507626	0.27402937
-0.26280668	0.22699037	-0.36494192	-0.22505085	0.26399454	0.2691853	0.3317093	-0.2633673	-0.3251761	-0.29187116	0.28948826	-0.26749533	0.27796796	-0.23806344	-0.28294966	-0.28065562
1.3949882	-1.4864331	1.4926339	1.483173	-1.4836491	-1.3858218	-1.4306158	1.4019082	1.5411334	1.4584552	-1.449231	1.4694623	-1.4102283	1.400737	1.399352	1.5377865
-0.14490506	0.0813332	-0.06926831	-0.1254666	0.08276784	0.055402502	0.0894771	-0.09979022	-0.08448652	-0.06854144	0.04964196	-0.08234125	0.09317566	-0.086744145	-0.10708778	-0.12472327
-0.7746517	0.71316904	-0.88232523	-0.7543421	0.7219954	0.7628767	0.7230201	-0.76366615	-0.805061	-0.78005093	0.7459409	-0.7432584	0.77296585	-0.7850497	-0.7557661	-0.7523011
-0.24206324	0.30575818	-0.24394572	-0.24898301	0.30631983	0.24735555	0.28542095	-0.30143347	-0.3116075	-0.30828786	0.3143139	-0.290493	0.284482	-0.3159178	-0.26010135	-0.3123374
0.38859552	-0.32684356	0.40418646	0.36549067	-0.3308158	-0.3644798	-0.3447448	0.35046148	0.4409251	0.32242283	-0.38339645	0.36592352	-0.39269888	0.38568118	0.37720984	0.33371836
0.047711074	0.01443448	-0.019571299	-0.04594347	0.059617516	-0.019421937	0.010086772	0.013910648	-0.11023588	-0.052558575	0.012275586	-0.01226545	0.08103395	-0.04384313	0.021822382	-0.0982098
-0.3011098	0.33283454	-0.27691117	-0.33586997	0.2971793	0.3274255	0.3262627	-0.26396155	-0.33390257	-0.34535354	0.28116894	-0.27948448	0.29004228	-0.3152174	-0.33697394	-0.30446336
-0.6336169	0.7112387	-0.6888769	-0.7762689	0.71400714	0.6874514	0.7641357	-0.7535382	-0.7375039	-0.690265	0.74308646	-0.71598226	0.696888	-0.6859253	-0.697687	-0.8004018
-1.2069687	1.1999241	-1.3365595	-1.2426202	1.2483507	1.213999	1.2116851	-1.2652981	-1.3158904	-1.2176132	1.2869636	-1.2998224	1.2204926	-1.2277348	-1.179729	-1.2937431
0.23549235	-0.32980195	0.22109626	0.26218385	-0.3589177	-0.31772882	-0.31964576	0.25579432	0.32426015	0.2665196	-0.25993526	0.30885416	-0.32094496	0.27232575	0.31650823	0.3340003
-0.13433875	0.11428655	-0.17816761	-0.11690097	0.12426399	0.07084921	0.117886744	-0.12711412	-0.111672595	-0.12722583	0.1122662	-0.12789004	0.05329562	-0.075842336	-0.098102085	-0.09600314
0.7730829	-0.79052716	0.75751853	0.71325135	-0.76143444	-0.6871843	-0.77027327	0.70500106	0.8718857	0.74799085	-0.77421546	0.73887336	-0.7031412	0.74612486	0.75116014	0.79463804
0.015613495	-0.006602731	0.0014798424	-0.010410833	0.05481479	-0.005377179	0.056640476	-0.0003029766	-0.024876436	-0.0060431925	0.03678939	-0.07315779	0.10204874	0.027943943	0.0030395165	-0.049866907
-0.1644395	0.08311106	-0.14990956	-0.15460058	0.13725507	0.1615344	0.15841484	-0.08203313	-0.09218237	-0.1821333	0.118438765	-0.14480531	0.14811778	-0.13686042	-0.16733207	-0.18391782
0.22162445	-0.32533404	0.2292066	0.33890784	-0.27335793	-0.30487397	-0.34278265	0.21384084	0.3780032	0.27543265	-0.3458528	0.2677714	-0.29317948	0.29913968	0.29034248	0.30182022
0.62157613	-0.6097951	0.6968762	0.6524331	-0.67681295	-0.60423344	-0.5954716	0.58930093	0.7139699	0.597176	-0.6150029	0.64785194	-0.66606903	0.61731696	0.61523825	0.673544
-0.13752842	0.20686083	-0.20228189	-0.17957555	0.16186571	0.17507812	0.18122017	-0.22684366	-0.1408189	-0.16232948	0.17846878	-0.19438535	0.1583641	-0.14490765	-0.15042153	-0.19570598
0.050560057	-0.1110718	0.11870672	0.09391519	-0.078503296	-0.09874744	-0.06715941	0.014784885	0.07389895	0.104592465	-0.067030944	0.070026085	-0.07457774	0.02780037	0.10087113	0.11706644
-0.24267393	0.19798268	-0.22360371	-0.19589019	0.16135992	0.19742014	0.16290435	-0.2441565	-0.15632942	-0.2148293	0.14853828	-0.1562972	0.24161702	-0.21616073	-0.15295993	-0.18833612
0.15755337	-0.14940232	0.11778657	0.16845009	-0.2663449	-0.15399815	-0.1749211	0.1757178	0.24923535	0.17886329	-0.18503213	0.1712213	-0.22105916	0.1732515	0.13763544	0.20706923
-0.4451918	0.54558635	-0.49561998	-0.5103221	0.6070016	0.50106025	0.5999161	-0.5340274	-0.62265533	-0.5914529	0.60622895	-0.5852228	0.614769	-0.5404561	-0.5832637	-0.594786
-0.84784114	0.92680895	-0.9513854	-0.93713397	0.89721006	0.85996866	0.9234065	-0.87434137	-0.96432483	-0.8984425	0.8835888	-0.95371175	0.8922163	-0.8456877	-0.9240176	-0.90670186
-0.17614365	0.1944757	-0.2654889	-0.1990042	0.18225697	0.19701412	0.16836019	-0.18817991	-0.14952677	-0.17473917	0.1955897	-0.14285588	0.1652474	-0.18352957	-0.13603152	-0.15320608
-0.5383387	0.5625598	-0.5305221	-0.5589547	0.56670797	0.5550086	0.52214694	-0.52334064	-0.57024264	-0.6122687	0.5671988	-0.5421263	0.537356	-0.527483	-0.52904993	-0.54055566
-0.12858342	0.17518768	-0.1338704	-0.1193234	0.2340248	0.10756668	0.1724165	-0.10609062	-0.2166012	-0.17941056	0.17181636	-0.17896646	0.18809406	-0.14128834	-0.14750338	-0.22519812
-0.043548934	-0.015255597	-0.05042019	0.028486857	-0.012485387	0.0065526175	0.07466647	-0.0070851576	0.011154478	-0.0006460039	0.008726695	0.00028557677	0.05844819	-0.04586431	-0.0360457	0.027680386
-0.52813137	0.5105018	-0.5504479	-0.50040275	0.51577586	0.50171584	0.5243585	-0.541632	-0.62013423	-0.53883547	0.588063	-0.54500943	0.5435053	-0.5020985	-0.5552233	-0.590793
0.08297594	-0.08061174	0.18601242	0.070006065	-0.036310617	-0.11505525	-0.08269147	0.062968425	0.08267609	0.037908	-0.07112596	0.0687413	-0.04232228	0.11498311	0.06885334	0.08962272
-0.056612473	0.07111932	-0.12995243	-0.022234095	0.05178608	0.042964254	-0.0019133192	-0.04870049	-0.017666634	-0.049222738	-0.0051421095	-0.04498283	0.0019827003	-0.060296513	-0.068419725	-0.08764972
-0.373134	0.49286518	-0.48470384	-0.5051987	0.5689158	0.5238132	0.52431023	-0.5286488	-0.6281974	-0.5449497	0.5699368	-0.5264385	0.55178696	-0.53581023	-0.5449839	-0.52881235
-1.2958971	1.391141	-1.4416599	-1.4182968	1.5156709	1.3532667	1.438362	-1.409857	-1.5519378	-1.4732622	1.4543308	-1.4318296	1.3840654	-1.3945535	-1.3816746	-1.4675988
0.5383797	-0.574398	0.5247569	0.53971106	-0.6317648	-0.51382416	-0.56229776	0.49426675	0.63873386	0.57718337	-0.6027373	0.6304335	-0.56644034	0.548963	0.52317953	0.56031615
0.33730957	-0.3419085	0.33225217	0.32606077	-0.2943497	-0.32233152	-0.3305453	0.27535668	0.32580936	0.28187057	-0.2922108	0.2772931	-0.33051312	0.25637406	0.32449242	0.29996133
0.0003644578	-0.038703013	0.051271718	-0.0006902722	-0.020095138	-0.026039645	-0.015470674	0.06889767	0.04991552	0.03730708	0.004412738	0.07401583	-0.05605703	0.009504419	0.009034703	-0.0083871735
-0.29674593	0.3265229	-0.38859788	-0.34152678	0.29444206	0.3686676	0.3007652	-0.38177887	-0.30510876	-0.31571913	0.27831122	-0.3415611	0.30717656	-0.31506833	-0.3615447	-0.36067262
-0.6464068	0.67339385	-0.71735334	-0.7212551	0.7416378	0.72036994	0.6602837	-0.70781344	-0.82108885	-0.6698603	0.7578118	-0.7505797	0.692844	-0.642165	-0.6575762	-0.7904466
0.24371807	-0.09066947	0.18837196	0.09471089	-0.13229486	-0.15027542	-0.15234473	0.16962802	0.11515184	0.18314122	-0.081844956	0.09428742	-0.091708235	0.11651624	0.20276606	0.12748094
0.0852212	-0.14750323	0.0056641786	0.061041884	-0.13807255	-0.11075512	-0.13304594	0.029511625	0.14800847	0.047892097	-0.081771545	0.15459703	-0.064554915	0.08138686	0.039369635	0.0941856
0.38702387	-0.31508037	0.33818138	0.34996933	-0.4096075	-0.3094396	-0.35351926	0.36166376	0.35166278	0.35982227	-0.4038016	0.42048717	-0.37410542	0.34835494	0.3552743	0.38685414
-0.22122088	0.20835656	-0.17222364	-0.1660081	0.16162468	0.2258854	0.18771492	-0.1991533	-0.19156526	-0.230519	0.14816166	-0.18617986	0.1749723	-0.14643809	-0.2102363	-0.18225893
-0.26644647	0.22399242	-0.25754112	-0.30125183	0.23403603	0.31223235	0.20745648	-0.2540731	-0.29016557	-0.30038816	0.29360038	-0.2454824	0.209643	-0.2287744	-0.2538269	-0.309062
0.07950414	-0.035939433	0.04297684	-0.038390934	0.027375538	0.01643679	-0.029619629	0.05735629	-0.029547032	-0.025263095	0.01465917	0.04288976	-0.02138764	0.022670249	0.015949968	0.016252847
-0.609545	0.66397977	-0.7344472	-0.70798266	0.70226383	0.67396754	0.74421054	-0.6865277	-0.8005098	-0.733455	0.7098114	-0.7101186	0.6905923	-0.72273505	-0.713953	-0.7074827
-0.6484028	0.70999956	-0.69159186	-0.7710249	0.7885473	0.6685103	0.76342404	-0.7064306	-0.77704215	-0.72434294	0.7916685	-0.79541934	0.6993075	-0.7063194	-0.6700043	-0.7323242
-0.018971546	0.077042855	-0.06149158	-0.103974506	0.11505305	0.08703672	0.08481298	-0.062270693	-0.12395609	-0.10439108	0.056737065	-0.11530953	0.035438478	-0.101401284	-0.097259276	-0.06706133
0.027957905	0.036073234	-0.043596078	0.022421371	0.0060559143	0.017670622	-0.030501464	0.046541855	-0.0116481325	0.00492438	0.030923374	-0.009393688	0.01517794	-0.013989558	0.018858885	-0.047527038
0.24100891	-0.32263267	0.22239515	0.23184349	-0.27869472	-0.19974412	-0.27334434	0.2802406	0.2975182	0.29570422	-0.2638663	0.33729327	-0.28449607	0.2474371	0.27389288	0.2500929
0.6116138	-0.6180527	0.6769239	0.6289381	-0.64437926	-0.62259394	-0.6352078	0.61987376	0.6752163	0.57856643	-0.612793	0.59249616	-0.65827703	0.6185325	0.5927237	0.6788857
-0.36726794	0.40899175	-0.4041444	-0.44952798	0.47516546	0.40330154	0.50632775	-0.40819594	-0.5599976	-0.4777071	0.50441706	-0.46567482	0.48373774	-0.45986098	-0.45552853	-0.50975645
0.28019464	-0.37442455	0.28322366	0.34794995	-0.29697245	-0.26758537	-0.2685471	0.28226978	0.35961616	0.31800532	-0.36765096	0.34612924	-0.33416927	0.3243476	0.30522373	0.36222816
0.12193993	-0.21186537	0.18642104	0.11476875	-0.2158762	-0.19120336	-0.12373267	0.22092615	0.14086625	0.20534022	-0.17604282	0.16849495	-0.1610235	0.12072618	0.16990587	0.19036204
-0.2999113	0.27036273	-0.27828243	-0.22998394	0.17945482	0.28470686	0.22372444	-0.30427396	-0.25725186	-0.18499438	0.20542905	-0.21366122	0.2312634	-0.22095236	-0.27783328	-0.18207297
0.56544614	-0.65267134	0.601744	0.63255966	-0.6395591	-0.581528	-0.61681366	0.5603802	0.6208513	0.6517084	-0.6469304	0.62282443	-0.65729374	0.60907555	0.5964324	0.64452714
0.22100464	-0.23285499	0.2760025	0.20624113	-0.25020716	-0.21657336	-0.2441131	0.23456833	0.24951228	0.19161707	-0.26829502	0.26092827	-0.25525817	0.24067302	0.22312535	0.27225342
-0.081071466	0.06941942	-0.14359666	-0.057722066	0.07952916	0.11267992	0.047841683	-0.12884149	-0.08523283	-0.12963596	0.101146095	-0.038576744	0.10437106	-0.058970414	-0.07167028	-0.06906976
-0.049150463	0.06095546	-0.14838983	-0.097152874	0.13090289	0.123816125	0.10334866	-0.13231319	-0.18288834	-0.11526797	0.10930827	-0.12015027	0.14610809	-0.07777861	-0.15856534	-0.1827262
1.124874	-1.2677485	1.199429	1.2263558	-1.2965004	-1.1284689	-1.1938627	1.212292	1.2892627	1.1934555	-1.2377512	1.239976	-1.1853275	1.228958	1.2186049	1.2811317
0.18663102	-0.16579019	0.15946542	0.12662542	-0.0911609	-0.1185695	-0.15138683	0.12734503	0.12660217	0.10427363	-0.122963525	0.1824382	-0.117766134	0.14869209	0.1625225	0.11699754
0.41273648	-0.42773193	0.40060723	0.42845955	-0.4342901	-0.42968628	-0.45065415	0.46335143	0.4261345	0.3997351	-0.45446295	0.3900897	-0.427616	0.41198584	0.4393708	0.4231166
-0.12791464	0.14387016	-0.094556645	-0.092908375	0.08871881	0.09755991	0.09063863	-0.06399774	-0.16131721	-0.15674502	0.111218005	-0.108289145	0.122541554	-0.07647272	-0.12229056	-0.15340899
1.4550046	-1.4572914	1.4876131	1.4561154	-1.503165	-1.4151562	-1.4860461	1.4495416	1.6539277	1.5420129	-1.5618457	1.5127318	-1.4905365	1.4682051	1.4706672	1.6107969
0.10690278	-0.038211863	0.12512599	0.06387755	-0.072473854	-0.046581917	-0.06701546	0.06726942	0.05020558	0.041963853	-0.09007547	0.081489235	-0.02331258	0.0902599	0.05496499	0.060938448
-0.92660415	1.1333908	-1.1311984	-1.1049904	1.139589	1.060091	1.0821033	-1.091263	-1.1725106	-1.0913937	1.1020455	-1.2010326	1.1094309	-1.0988793	-1.0734714	-1.1610287
0.21214788	-0.36524457	0.29018515	0.3679369	-0.31601837	-0.29926732	-0.3772125	0.3204156	0.3633721	0.3626873	-0.33665714	0.3284524	-0.38189214	0.33005235	0.357107	0.34518474
0.5956062	-0.5588592	0.6325176	0.6249182	-0.63293403	-0.5962325	-0.62348574	0.6111777	0.66182816	0.55256635	-0.625978	0.58222604	-0.63141745	0.5842129	0.6265988	0.6585573
0.14120597	-0.052008405	0.13993156	0.046173137	-0.072474204	-0.08867268	-0.03836845	0.12028884	0.041119967	0.11373013	-0.109122366	0.10715454	-0.017830607	0.11990252	0.12360688	0.10810939
-0.03691285	0.1374435	-0.038517434	-0.12811327	0.12124246	0.09126312	0.06895587	-0.06679618	-0.12879853	-0.12546615	0.11481881	-0.07911406	0.14903574	-0.120967954	-0.11143002	-0.13449015
-0.7778451	0.8027784	-0.8186287	-0.8164249	0.77146083	0.7946133	0.8275767	-0.8405685	-0.8700196	-0.7461135	0.767883	-0.82222176	0.82062435	-0.7657442	-0.77886397	-0.7672743
0.42406705	-0.5564172	0.41696203	0.54645085	-0.607046	-0.4530711	-0.46594003	0.49375692	0.53519595	0.53183675	-0.55256206	0.56765914	-0.4662262	0.49927104	0.4697707	0.54551125
-0.4993246	0.45764932	-0.48316962	-0.49973157	0.48452893	0.46284226	0.49153775	-0.4803319	-0.56546074	-0.48690605	0.48779294	-0.4794391	0.495451	-0.49242094	-0.45999065	-0.56316864
-0.65295327	0.7112009	-0.762614	-0.72811615	0.76888394	0.65503883	0.6534451	-0.6874744	-0.7908876	-0.71306926	0.7558233	-0.7070736	0.6442551	-0.72241074	-0.69790167	-0.6964521
-1.1282104	1.2491988	-1.2669696	-1.1797869	1.2118181	1.1664277	1.1748846	-1.2336257	-1.3598804	-1.2147243	1.1924427	-1.2381085	1.1820873	-1.2105346	-1.2081507	-1.3095548
-0.31097698	0.3758003	-0.37911013	-0.36133757	0.41165748	0.4084415	0.37628478	-0.3445592	-0.45727122	-0.41285542	0.383375	-0.43091118	0.4289566	-0.36187303	-0.41897953	-0.44779307
0.60712373	-0.584838	0.6013939	0.6198649	-0.6619577	-0.5637842	-0.63555026	0.55961746	0.6479425	0.6275625	-0.6647578	0.64892423	-0.60023874	0.54756445	0.6007801	0.64508945
-0.207419	0.24947014	-0.24114709	-0.28714615	0.29391626	0.22494043	0.26903608	-0.23184215	-0.2830595	-0.23511118	0.27902678	-0.24339639	0.29095474	-0.25955364	-0.25916654	-0.239999
-0.80822915	0.8791604	-0.9514518	-0.9475783	0.9039379	0.9192339	0.8760131	-0.9268398	-0.95365137	-0.8926389	0.9452003	-0.8908014	0.84313065	-0.92443204	-0.8386835	-0.90034693
0.2526576	-0.24962498	0.2708368	0.21466942	-0.17370865	-0.24573895	-0.18363506	0.23427467	0.24189469	0.26911908	-0.2225711	0.21166502	-0.17442416	0.20116295	0.20106426	0.26793793
0.27928084	-0.25699642	0.2378943	0.23197472	-0.24915002	-0.22054085	-0.20939246	0.28165248	0.26723585	0.25330406	-0.20847152	0.18440709	-0.22413674	0.2104071	0.27664557	0.23027432
0.0747224	-0.017144216	0.042295005	-0.026836095	0.01027049	0.009621044	-0.022405915	-0.027447164	-0.061554205	-0.042950515	0.024794687	0.042998526	-0.0047102193	-0.0074231518	0.04242284	0.008412354
-1.1155221	1.1288295	-1.1877176	-1.0937564	1.1833887	1.1404675	1.0799589	-1.1451352	-1.1559927	-1.17232	1.13072	-1.1026186	1.1336869	-1.1566143	-1.0740072	-1.1945329
-0.8489561	0.94784796	-0.8544325	-0.93165416	0.96376795	0.8157283	0.8887564	-0.88338494	-0.9552836	-0.89223987	0.92451507	-0.89584935	0.8684601	-0.8373856	-0.8288939	-0.9572389
-0.2504418	0.24159926	-0.22452177	-0.2450343	0.18346329	0.2625818	0.23777886	-0.23472984	-0.1949373	-0.22689767	0.2281319	-0.2665183	0.23242956	-0.1951526	-0.23590443	-0.23581311
-0.6097421	0.5939556	-0.6080993	-0.6232196	0.6278786	0.6263671	0.59611756	-0.5816931	-0.6281239	-0.6528106	0.6089358	-0.5766612	0.549749	-0.5545854	-0.62157303	-0.64949125
-0.6726635	0.6136724	-0.71536785	-0.6473578	0.6742587	0.6404844	0.648042	-0.60724574	-0.72174627	-0.6642056	0.62955314	-0.66688156	0.65542907	-0.6472603	-0.64158833	-0.6887985
-0.20338874	0.121339075	-0.23739237	-0.15508173	0.10107033	0.1863746	0.09816207	-0.17854527	-0.17310059	-0.13761587	0.15659958	-0.14661273	0.118124835	-0.12638082	-0.13929828	-0.113799445
-0.13066095	0.23806368	-0.11264152	-0.19100176	0.17014802	0.21754527	0.16050883	-0.15870422	-0.16649629	-0.18217303	0.18790229	-0.21350552	0.20461863	-0.20906708	-0.14021318	-0.22013293
-0.3697914	0.38818157	-0.34285462	-0.46470916	0.4976033	0.39400715	0.39402753	-0.46054035	-0.50537163	-0.45707333	0.4249254	-0.4522189	0.4279776	-0.40743303	-0.3818854	-0.49522078
-0.32398334	0.33418974	-0.27263758	-0.30928564	0.3033176	0.24646176	0.33285344	-0.3343141	-0.36049527	-0.32995462	0.32097724	-0.36499324	0.33405355	-0.2727396	-0.27604192	-0.30188698
-0.4597505	0.46348602	-0.5340595	-0.45700988	0.51014405	0.44576204	0.51627815	-0.42569906	-0.546518	-0.42660522	0.5121576	-0.48826706	0.4312418	-0.4557299	-0.4864992	-0.50945944
-0.19821317	0.2752143	-0.17542557	-0.29393405	0.22654556	0.24929452	0.2173855	-0.22873004	-0.22566514	-0.27695596	0.28577232	-0.29483208	0.2361783	-0.19801205	-0.28202364	-0.2700936
0.56890607	-0.63511443	0.63123655	0.5856752	-0.6487332	-0.5683861	-0.5692379	0.6097213	0.6857412	0.6181213	-0.68203783	0.691678	-0.65763444	0.5888174	0.57784605	0.68794924
0.24833319	-0.34058592	0.2059389	0.33991843	-0.33689636	-0.29097438	-0.26026452	0.21751781	0.3539168	0.31121406	-0.30956036	0.30272204	-0.2791013	0.27371836	0.23703168	0.30830908
0.20921358	-0.25357097	0.21104398	0.23415393	-0.23211579	-0.27745354	-0.27458337	0.26499516	0.26271164	0.2496447	-0.25683412	0.20487136	-0.24153922	0.2356117	0.23111245	0.28641602
0.21005997	-0.29744565	0.30816042	0.30493578	-0.40425688	-0.24975662	-0.30655318	0.31091934	0.34267387	0.33055165	-0.34462538	0.33845162	-0.30199826	0.27440727	0.25147194	0.35044053
0.76664704	-0.87655985	0.76350725	0.8247826	-0.9004217	-0.7799207	-0.84463525	0.804674	0.94601506	0.87792325	-0.82215697	0.9160083	-0.8008271	0.8241979	0.7869067	0.94988614
-0.08368887	0.007411335	-0.037094887	-0.0018300238	0.08938465	0.091324255	0.029307472	-0.035220254	-0.009659294	-0.07589125	0.020382622	-0.058500078	0.05704324	-0.058068164	-0.07663075	-0.054087725
0.5586756	-0.4781666	0.5946287	0.52431583	-0.54938936	-0.47925055	-0.5219358	0.46306822	0.4959871	0.45821923	-0.5348176	0.47513202	-0.5364466	0.56003785	0.54669887	0.50552666
0.43330467	-0.4912018	0.40336552	0.4772918	-0.43943396	-0.42882437	-0.46208265	0.48394156	0.5442991	0.49520037	-0.47578302	0.4435488	-0.46993616	0.44416296	0.4719054	0.47834626
-0.6783286	0.73200095	-0.6910832	-0.65148336	0.69388944	0.67977524	0.7136895	-0.70139796	-0.78328514	-0.74681026	0.685259	-0.74731255	0.7188029	-0.7244833	-0.6937037	-0.7170974
-0.40643188	0.41830984	-0.42843345	-0.40688333	0.46671605	0.3780923	0.44801	-0.40388417	-0.43844154	-0.38778964	0.45061806	-0.42106307	0.40735802	-0.42515615	-0.40498796	-0.40304214
0.019773718	-0.10919695	0.01020129	0.049291473	-0.06426172	-0.08894809	-0.02287946	0.0195995	0.04322202	0.083091445	-0.083817825	0.07020307	-0.06396288	0.05000853	0.10370373	0.036890864
-0.3384579	0.36033252	-0.32582515	-0.30226815	0.37999833	0.35858977	0.34097964	-0.37858212	-0.31684932	-0.39066195	0.31961504	-0.3595461	0.3415102	-0.3927173	-0.39088896	-0.35768387
0.7909299	-0.80270404	0.8138691	0.79859406	-0.77105296	-0.7958482	-0.80542153	0.7177347	0.8530882	0.8084866	-0.8202108	0.855515	-0.7663515	0.74824727	0.7064129	0.8318954
0.91306025	-1.0073135	0.9589449	0.93868166	-1.0606638	-0.93107617	-1.0146476	0.9023668	1.065158	1.0009419	-1.0244689	1.0426168	-0.9432541	0.95434344	0.9048478	1.0716203
0.267978	-0.24269514	0.28044373	0.22957353	-0.31117487	-0.2424762	-0.26586798	0.21201561	0.34444204	0.25991192	-0.28543267	0.26277426	-0.20871383	0.2635501	0.25622824	0.22264746
0.74648803	-0.7965711	0.7681325	0.73300445	-0.7693804	-0.7002832	-0.8029741	0.78699726	0.78058636	0.77031535	-0.79195786	0.7704989	-0.7468631	0.74330086	0.7478954	0.8388401
-0.051548395	0.04372599	-0.06672464	-0.052943427	0.03583753	0.09004806	0.051270626	0.027613364	-0.06826513	-0.08846532	0.03009432	0.00018474624	-0.0038875195	-0.07586428	0.0069805575	-0.050015263
-0.4670355	0.5732411	-0.52939314	-0.4790624	0.5309552	0.5084911	0.50852394	-0.5173019	-0.59897816	-0.5722309	0.5424004	-0.561455	0.5480994	-0.57527673	-0.5735592	-0.57472754
-0.77058804	0.92067	-0.83765787	-0.88311166	0.89669716	0.9051461	0.9069218	-0.9265124	-0.9222433	-0.9046285	0.9053717	-0.8879886	0.82589513	-0.8748538	-0.85980433	-0.90459687
1.0373623	-1.1988007	1.1463104	1.0915583	-1.2201034	-1.1170293	-1.1266795	1.1544523	1.2862192	1.1485544	-1.1541362	1.1670092	-1.1115904	1.1405263	1.1312551	1.2085061
0.3385261	-0.29423356	0.40422675	0.29480082	-0.31247333	-0.36280048	-0.28127858	0.3798316	0.28958297	0.32892635	-0.27636167	0.28701437	-0.32228652	0.28297728	0.27547035	0.31241673
-0.52480495	0.5565545	-0.6165136	-0.62053	0.5932962	0.5983448	0.6076277	-0.59961176	-0.6602954	-0.59720623	0.64912647	-0.658948	0.6377026	-0.57271224	-0.5703924	-0.5800783
-0.31785473	0.4458438	-0.44309986	-0.3871971	0.46817267	0.44617277	0.3753915	-0.44550583	-0.45296815	-0.37786135	0.44041598	-0.42860967	0.37641352	-0.44358218	-0.40349323	-0.47343513
-0.47535747	0.4627873	-0.49457052	-0.46803987	0.44630504	0.4302128	0.45708022	-0.44743723	-0.48242366	-0.41527727	0.47771323	-0.4876216	0.45155495	-0.46340787	-0.43919152	-0.44700322
-0.6013118	0.58000445	-0.65231025	-0.568731	0.57715034	0.5709567	0.5333606	-0.57020026	-0.50712657	-0.53002214	0.59081906	-0.591438	0.54508656	-0.5740999	-0.60588324	-0.61851317
-0.015921902	0.0026030415	-0.055728912	-0.052916408	0.11454849	0.04093033	0.07393957	-0.02307102	-0.11331503	-0.05174768	0.088266	-0.11504305	0.085975476	-0.04524808	-0.04431391	-0.095092
-0.48382616	0.54317987	-0.4286642	-0.5425122	0.47552273	0.49749053	0.50875974	-0.5137099	-0.5759517	-0.47140178	0.45641574	-0.5327841	0.5456381	-0.4471464	-0.4560537	-0.5508704
-1.2426481	1.3439449	-1.3536304	-1.3276842	1.3943976	1.3579496	1.33662	-1.4055167	-1.5015192	-1.3091186	1.3592867	-1.3670167	1.3695155	-1.3093922	-1.3107908	-1.4464163
0.4356627	-0.369326	0.4237477	0.38342077	-0.3444976	-0.38347262	-0.4266793	0.4076964	0.4094868	0.33628592	-0.32738572	0.39175197	-0.3906018	0.3429909	0.33494496	0.40055406
-0.6021723	0.6869204	-0.6702109	-0.7610098	0.7882229	0.6931691	0.7675993	-0.72575057	-0.75030965	-0.7320125	0.7592542	-0.7529388	0.72043127	-0.71481544	-0.7338569	-0.77003986
-0.08257976	0.10273965	-0.08922076	-0.08813059	0.097658396	0.07512978	0.12971278	-0.09471604	-0.11844478	-0.13330925	0.05192301	-0.12669484	0.047291245	-0.051658195	-0.04122495	-0.078664206
-0.7566096	0.7671717	-0.83840245	-0.80401844	0.8621291	0.84635097	0.80152327	-0.78345495	-0.8567994	-0.79601943	0.82103485	-0.7868387	0.8507784	-0.7986663	-0.80931133	-0.8853644
-1.0048662	1.186699	-1.0833529	-1.1067852	1.1539607	1.1313187	1.0901285	-1.1406107	-1.2453194	-1.1773394	1.1966953	-1.1962502	1.1115233	-1.1007367	-1.1336445	-1.2037637
-0.1380955	0.060831044	-0.075805016	-0.120045766	0.14381562	0.06984032	0.09653181	-0.11070831	-0.07298481	-0.0934881	0.12267241	-0.13626763	0.112136245	-0.13252237	-0.13179573	-0.10611192
-0.03366949	0.10901757	0.0015191915	-0.09207858	0.059303254	0.08583379	0.0512417	-0.0408828	-0.09867393	-0.018038988	0.022926705	-0.08750466	0.046337366	-0.018833159	-0.027537666	-0.04079252
0.9347638	-1.050016	1.0233212	1.022692	-1.0677421	-0.9288496	-1.043909	0.9458073	1.0694767	1.0390127	-1.0363392	1.0544641	-0.99287903	1.0147686	1.0153803	1.0848477
-0.2776128	0.23573437	-0.30553305	-0.21460022	0.23527026	0.21894865	0.23020348	-0.25094587	-0.25136635	-0.24552347	0.19117628	-0.28350997	0.24909167	-0.2758398	-0.26470885	-0.29055423
-0.13027874	0.11155634	-0.12725303	-0.13697521	0.096011914	0.14088534	0.13228916	-0.15899262	-0.18003379	-0.115571305	0.10835978	-0.121504106	0.1191891	-0.13168268	-0.12577184	-0.12817702
-0.4867399	0.5826697	-0.4755804	-0.51625097	0.5862809	0.5189692	0.50102144	-0.6007402	-0.525391	-0.508641	0.49641344	-0.51593536	0.5873114	-0.545553	-0.5588933	-0.61128074
0.0659061	-0.023307722	0.02006418	0.03230302	-0.026838941	-0.018721772	-0.041721247	0.024297766	0.022199228	-0.011824491	-0.05930462	0.062094525	-0.043174975	0.0593272	-0.005663289	0.0009989004
0.3753943	-0.45795566	0.39536682	0.42391667	-0.4132088	-0.40765712	-0.45645916	0.43432456	0.46209052	0.4675062	-0.45236883	0.40963596	-0.3869694	0.41506997	0.37375522	0.39401928
0.3868955	-0.37795365	0.4245772	0.37699413	-0.47827485	-0.45053628	-0.46375182	0.38201857	0.49534193	0.4160524	-0.42269748	0.4481258	-0.3899565	0.45019868	0.44704378	0.43268
0.0043819514	0.011500608	-0.040352613	-0.02941564	-0.039040715	0.059227005	0.028370598	-0.048828825	0.07284186	0.023738015	-0.021572929	-0.0033607548	0.019246604	0.0032069448	0.029924352	0.057800293
-0.2917424	0.26623467	-0.2853758	-0.300893	0.291272	0.299315	0.31107667	-0.27986556	-0.31581008	-0.31287667	0.3339631	-0.34435713	0.28479767	-0.24092214	-0.27163693	-0.29740062
0.18492058	-0.2719444	0.2627395	0.2745155	-0.26086172	-0.25441185	-0.2129364	0.24455391	0.3258895	0.27177265	-0.27539313	0.29420274	-0.24969958	0.2771201	0.19509584	0.29526955
0.07384222	-0.0376706	0.04817887	0.03590165	-0.04028368	-0.1365656	-0.14522699	0.08675881	0.08899411	0.060561467	-0.09492368	0.05900325	-0.11987838	0.12397386	0.07919301	0.07886885
-0.15171723	0.17396909	-0.19435818	-0.18780105	0.17031266	0.1490649	0.20858237	-0.19034567	-0.21574691	-0.17758796	0.15096998	-0.12384511	0.13350478	-0.13159944	-0.1374196	-0.16597852
0.33086926	-0.38595402	0.27691785	0.33223832	-0.37258786	-0.35975698	-0.34299448	0.37029448	0.4141509	0.39760256	-0.35050103	0.36876115	-0.33922976	0.35590237	0.33497205	0.3639771
-0.07846805	0.06823896	-0.035240993	-0.07033654	0.10718538	0.098640084	0.12252547	-0.10787214	-0.097174324	-0.04802222	0.07236285	-0.04749604	0.10864533	-0.13017769	-0.056919064	-0.07996267
-0.018805157	-0.015990987	-0.024466848	-0.03962514	0.05574532	0.027679062	0.04341741	0.031485718	-0.07561089	-0.009885782	0.027506545	0.031101745	0.02714003	-0.05772512	-0.015635548	-0.021415628
-0.43880916	0.36112076	-0.4242292	-0.3700542	0.3832606	0.4061329	0.33957306	-0.32758927	-0.33965066	-0.3992526	0.38739875	-0.39086413	0.33037984	-0.36124492	-0.36035764	-0.38351503
-0.9802674	0.9668911	-0.9443604	-0.92898214	0.99716294	0.94793034	0.9389428	-0.98076576	-1.0506107	-0.991961	0.9433989	-1.0049137	0.9645581	-0.9251121	-0.9509712	-1.052744
1.0188994	-1.0169275	0.97338927	1.0330112	-1.1046302	-1.0079211	-0.99758554	1.0037055	1.0723605	1.063158	-1.0488445	1.0495697	-1.0004699	0.96073705	0.9953453	1.0426403
0.12645233	-0.1785854	0.11139895	0.23719245	-0.2846128	-0.15539579	-0.23010242	0.1084562	0.23572071	0.15823244	-0.26634714	0.22035377	-0.21187136	0.19952777	0.22196054	0.24572678
0.8915478	-0.9892723	0.9352318	1.0202785	-1.0143768	-0.9926599	-0.9655322	0.94165176	1.0799086	0.97192645	-0.99099475	1.0516167	-0.9933714	0.9995302	0.966964	1.040263
-0.21400349	0.22056486	-0.27488962	-0.21868558	0.15953796	0.1531667	0.21202886	-0.2401535	-0.2012776	-0.18026942	0.209207	-0.22292416	0.19017276	-0.2527397	-0.16627097	-0.16729149
0.31059578	-0.38279888	0.36498648	0.39163202	-0.44339705	-0.3388914	-0.44632438	0.3233395	0.39366588	0.44429427	-0.393877	0.3626496	-0.39162788	0.3435189	0.36549407	0.3903504
-0.3627491	0.45958692	-0.38382256	-0.4506234	0.4676852	0.41273317	0.45632595	-0.40036815	-0.46462148	-0.49193645	0.46314555	-0.51358116	0.4235253	-0.4094008	-0.38993675	-0.45859817
0.7689457	-0.7657457	0.7304544	0.7794424	-0.7815956	-0.77452517	-0.79730594	0.77756876	0.89517117	0.8141813	-0.8548941	0.83650297	-0.8126528	0.7244432	0.7656611	0.8563661
-0.5271731	0.6469009	-0.59879225	-0.5700848	0.6674042	0.5870081	0.5910495	-0.59900427	-0.646238	-0.5735763	0.62776095	-0.58691794	0.6156132	-0.56116956	-0.5765325	-0.609155
-0.07811615	0.2114227	-0.106001645	-0.2008973	0.25944307	0.13726233	0.14516596	-0.1983262	-0.20573097	-0.2189577	0.25622207	-0.2385602	0.16182464	-0.21490315	-0.15499625	-0.22614338
0.53278565	-0.62593883	0.53830916	0.5785699	-0.61327237	-0.58638465	-0.65672153	0.6438282	0.6644382	0.57290095	-0.61448246	0.65745467	-0.5879113	0.5903487	0.6222042	0.62205404
-0.08502342	0.014944816	-0.042931743	-0.035310183	0.008439653	0.045899354	-0.0006907737	-0.09460372	0.0072931526	-0.06683468	0.06761754	-0.008942345	0.026931612	5.2320767e-05	-0.06784293	-0.023923023
0.39724272	-0.5024282	0.4320082	0.5268174	-0.53461	-0.42890492	-0.51077706	0.50741255	0.5102311	0.5151567	-0.52329314	0.48709795	-0.42689145	0.47412878	0.49792558	0.5157907
0.95234305	-0.9924016	0.92579687	0.9699076	-1.0580744	-0.9433111	-1.0091233	0.9606876	1.0147905	0.98689526	-1.0626229	1.0658358	-0.9632463	0.9608308	0.9962147	1.0103383
0.5736718	-0.577487	0.6354698	0.59989315	-0.6270186	-0.6018514	-0.55728006	0.53706604	0.64675033	0.54679376	-0.5613899	0.60132843	-0.62433225	0.61786216	0.55255616	0.6359822
0.17767769	-0.076595046	0.18241516	0.02069906	-0.08430214	-0.097532354	-0.07733427	0.09915888	0.07397737	0.07485192	-0.045324232	0.074054584	-0.058878988	0.084206864	0.060193364	0.08110416
-0.40678662	0.4495649	-0.42211753	-0.44824362	0.45618516	0.46255103	0.45450565	-0.43018496	-0.42832428	-0.45118353	0.4578285	-0.40717795	0.41768265	-0.36595696	-0.40350646	-0.40512422
0.06089921	0.0017742846	0.0066201403	0.049321346	-0.049838196	0.010124854	0.011644767	0.020519556	0.031839136	0.005596649	-0.011036601	-0.015992397	-0.037694387	-0.020262344	0.009409799	0.0737701
-0.22067986	0.22345881	-0.20677984	-0.26940784	0.23831515	0.2641093	0.20821103	-0.27204615	-0.23350392	-0.257592	0.28635052	-0.21393897	0.24965191	-0.27276915	-0.20103107	-0.23020665
0.7410154	-0.80840087	0.75405586	0.82046527	-0.7676764	-0.7528713	-0.738039	0.73113775	0.81441694	0.7798651	-0.7770808	0.8181397	-0.7469198	0.7574129	0.7513539	0.85602957
0.01510032	-0.027591463	-0.03234094	-0.059156436	0.010846615	-0.023067363	0.013720285	-0.01440757	-0.08037564	0.0063336776	0.064935505	-0.07589089	0.03523559	-0.008703507	0.014379635	-0.06526336
-0.12896274	0.19146106	-0.20011705	-0.15209912	0.14307359	0.14529918	0.14227268	-0.18477966	-0.104811065	-0.1945724	0.19245437	-0.16536587	0.14671949	-0.16584077	-0.16332394	-0.19337793
0.38525206	-0.29398656	0.3746299	0.2815198	-0.3211364	-0.31275696	-0.35171103	0.31885687	0.3323073	0.3473647	-0.28439316	0.2966366	-0.27587122	0.33027703	0.27730235	0.33761913
0.11660279	-0.115586266	0.10496451	0.119195625	-0.12439027	-0.114290096	-0.17922989	0.1820049	0.15987535	0.13049549	-0.11028518	0.13108791	-0.18154518	0.080151804	0.16255093	0.18251951
-0.062177304	-0.0127490405	-0.016757037	0.04429147	-0.07448894	0.019868791	-0.000101664016	0.014232586	0.04139726	-0.0378452	-0.0501836	0.00069988554	-0.041826762	0.02334	-0.033260863	0.0520016
0.39873442	-0.37857428	0.3693311	0.39284173	-0.4315469	-0.413083	-0.42440772	0.39132422	0.42758793	0.38096243	-0.35739356	0.42971802	-0.44078612	0.43148285	0.4287374	0.3969385
-0.22836658	0.32416016	-0.28223634	-0.30338278	0.31068754	0.29958004	0.3074285	-0.3266382	-0.33898276	-0.28275257	0.25777787	-0.30362794	0.34224793	-0.28947857	-0.2564142	-0.338568
0.34256023	-0.31041387	0.35361823	0.30360228	-0.35954148	-0.39223623	-0.39429855	0.39026356	0.33043078	0.39523152	-0.3716202	0.30931696	-0.41311938	0.30832803	0.34564295	0.36136672
0.2460088	-0.21625349	0.26117712	0.2070924	-0.17337076	-0.16591114	-0.16145532	0.20373787	0.21669911	0.16398911	-0.22730213	0.23242775	-0.23902796	0.24390756	0.2083981	0.17845196
0.057414033	-0.11692394	0.11415641	0.08360093	-0.12156789	-0.06506285	-0.075752825	0.09176397	0.06386292	0.059316263	-0.12455717	0.04781547	-0.058631442	0.09895188	0.0677787	0.089052156
-1.0448484	1.1777465	-1.164784	-1.1136225	1.1185703	1.1009327	1.1040975	-1.1086994	-1.2639596	-1.171727	1.1044102	-1.1450485	1.1539248	-1.1475316	-1.0506693	-1.1585985
0.31257233	-0.37617356	0.3720893	0.39799437	-0.4259606	-0.37718177	-0.3410065	0.33556548	0.4697538	0.40122262	-0.40056512	0.39218444	-0.34405398	0.3909148	0.31163377	0.41886395
-0.4463703	0.45244443	-0.49506995	-0.43691137	0.45390105	0.45448533	0.44427264	-0.48917064	-0.4991586	-0.45173493	0.43613306	-0.46239638	0.41893587	-0.42708898	-0.45422632	-0.44377577
0.07667928	-0.107974455	0.026088577	0.10306762	-0.087967016	-0.105979405	-0.02418077	0.05149498	0.11476662	0.11740743	-0.10557308	0.09622776	-0.071625225	0.09280917	0.042863112	0.1221276
-0.4684688	0.52982944	-0.56431854	-0.53321826	0.5574398	0.5227012	0.5657274	-0.571642	-0.6514975	-0.56902957	0.598962	-0.5577682	0.5775349	-0.49160886	-0.47082895	-0.54444766
-1.2489115	1.3747395	-1.3997517	-1.3491089	1.3686073	1.3458889	1.3351845	-1.3224441	-1.4198711	-1.3669697	1.3410167	-1.4114733	1.3680725	-1.2896023	-1.2895286	-1.4641787
-1.3783231	1.4248567	-1.395595	-1.4055318	1.4774129	1.3941948	1.3474683	-1.346449	-1.4976223	-1.4101342	1.4496256	-1.390629	1.3793682	-1.4284135	-1.4137928	-1.4834237
0.6340689	-0.5798175	0.6130417	0.59241354	-0.62098646	-0.609441	-0.5814192	0.7004693	0.62551886	0.6194936	-0.60121936	0.5895464	-0.5625625	0.62957823	0.60437375	0.6808245
-0.7368178	0.7041458	-0.7509746	-0.6714962	0.7326555	0.73757887	0.7284021	-0.7141496	-0.7413417	-0.74520504	0.7305227	-0.7130756	0.7128883	-0.6971569	-0.74113816	-0.72538614
-1.0718393	1.2021911	-1.1343513	-1.1195024	1.2026733	1.097166	1.1472591	-1.143447	-1.2587402	-1.1615816	1.1389104	-1.1521013	1.1762261	-1.1522393	-1.0991279	-1.1852597
1.1739913	-1.221137	1.2350209	1.1584721	-1.2317077	-1.2472657	-1.2723188	1.188103	1.3575497	1.1914477	-1.2522229	1.223994	-1.16575	1.2714851	1.2211775	1.3197453
0.4965803	-0.55512303	0.5756148	0.5324372	-0.5564069	-0.5661109	-0.5470743	0.5588374	0.52907497	0.5438965	-0.4852996	0.51554096	-0.55428517	0.50632405	0.55924773	0.5411397
-0.07207344	0.10174816	-0.07477365	-0.089572005	0.08425623	0.0866128	0.10030835	-0.05617819	-0.06277657	-0.08479725	0.115273364	-0.12094724	0.07181424	-0.047998592	-0.09440477	-0.101940185
-0.36853692	0.35875455	-0.38421303	-0.38578007	0.35457227	0.358647	0.35416508	-0.3363123	-0.35611144	-0.38373196	0.33145085	-0.35377344	0.36849654	-0.32264906	-0.35695836	-0.40367475
0.3712482	-0.48283023	0.39525524	0.4895764	-0.45913434	-0.46155798	-0.49981672	0.40393522	0.54180443	0.49571472	-0.44603458	0.5169638	-0.43005028	0.4570027	0.46750292	0.48655483
-1.2236097	1.1637671	-1.2531669	-1.1362824	1.1623008	1.1889375	1.199068	-1.2131208	-1.2070192	-1.1680831	1.148264	-1.1869897	1.200651	-1.2363842	-1.207182	-1.2655878
0.01190016	0.033059787	-0.078378156	-0.082185574	0.047093812	-0.010285337	0.048669957	-0.052022897	-0.059272308	-0.04684722	0.022438655	-0.099595435	0.016562521	-0.06491523	-0.07759835	-0.100979134
0.4804253	-0.51239926	0.48300952	0.45171988	-0.52396315	-0.45732358	-0.44827372	0.4884824	0.49507537	0.5318351	-0.5084444	0.48806903	-0.4588542	0.4784368	0.4715633	0.48341796
-0.23427309	0.25738353	-0.30926976	-0.29682815	0.2712828	0.2660376	0.27196088	-0.33178517	-0.26498243	-0.2425537	0.25239286	-0.27560508	0.28435996	-0.31496483	-0.29205745	-0.31768945
-0.31794208	0.3333839	-0.3658358	-0.32432908	0.31837302	0.34781805	0.37709114	-0.35512155	-0.34738183	-0.37608933	0.3774223	-0.3412695	0.38957515	-0.38112468	-0.33106548	-0.38664052
-0.54344606	0.60981196	-0.5147263	-0.5958886	0.59635276	0.62370425	0.5757668	-0.5978464	-0.6347991	-0.558449	0.66473967	-0.63676286	0.6218741	-0.5703559	-0.5399644	-0.66964185
-0.90499055	1.0282794	-1.0009017	-0.99494016	1.0974694	0.9746595	0.98848295	-0.99652267	-1.1149547	-0.9870389	1.0358095	-1.0939204	1.0598772	-1.0277376	-1.0329208	-1.060084
-0.16996928	0.20740704	-0.17647654	-0.20758282	0.24530946	0.2329666	0.1800214	-0.16277274	-0.24439116	-0.18989521	0.2506165	-0.22087178	0.2464359	-0.1502228	-0.21390393	-0.24207683
0.51161265	-0.5231236	0.49026644	0.5495765	-0.53742206	-0.5132515	-0.4974308	0.4859108	0.5520087	0.5139054	-0.5481904	0.5160017	-0.55675054	0.54131126	0.5217575	0.52996486
-0.014083618	0.055398542	-0.024271902	-0.06493322	-0.008937505	0.02993013	0.02676587	-0.027778378	-0.043004163	-0.08279076	-0.0076283454	-0.07245937	0.05248497	-0.06036301	-0.07184595	-0.06100121
-0.5463531	0.6452154	-0.57412946	-0.6407055	0.6894609	0.65797824	0.6049963	-0.59864855	-0.6910826	-0.61582494	0.6255865	-0.7213272	0.60358065	-0.63852346	-0.58993345	-0.6539055
-0.22412762	0.18262394	-0.2858937	-0.20505524	0.20165855	0.1466919	0.14598615	-0.19487014	-0.17354427	-0.16637185	0.1901995	-0.1580367	0.19415328	-0.1579346	-0.20351472	-0.19953902
0.08628879	-0.037813548	0.08440038	0.095380075	-0.08517034	-0.10241473	-0.027465858	0.06671299	0.14058904	0.10318742	-0.120724134	0.04327736	-0.08254307	0.08543279	0.045509327	0.0752493
-0.46047187	0.4394383	-0.46874204	-0.51706123	0.48020256	0.48724395	0.48717713	-0.4855059	-0.5095078	-0.46309835	0.45291737	-0.5185597	0.5132488	-0.5138391	-0.44228703	-0.5009095
-0.18376558	0.21813811	-0.20915404	-0.18151051	0.21467577	0.15593395	0.21990144	-0.2207401	-0.18352081	-0.17373796	0.17917655	-0.26471448	0.22746517	-0.15405786	-0.1968882	-0.24425922
0.37258327	-0.35609984	0.3814358	0.28228307	-0.37695917	-0.3327002	-0.373067	0.3031644	0.3028411	0.27695498	-0.30717704	0.3271618	-0.26918986	0.2853972	0.35986185	0.3506305
-0.39387003	0.44042924	-0.3696195	-0.48460978	0.42477825	0.39421517	0.48423237	-0.4573919	-0.5068666	-0.47596815	0.4466235	-0.46819904	0.49158496	-0.37911376	-0.37729463	-0.45083803
-0.10146572	0.22464186	-0.09217306	-0.15045798	0.17771421	0.18684952	0.16409925	-0.2038761	-0.20412326	-0.15957533	0.18901221	-0.23694728	0.19883117	-0.22981721	-0.2207272	-0.1867695
-0.6307915	0.55222315	-0.703128	-0.6328703	0.6117103	0.6096982	0.63709956	-0.6083221	-0.6160927	-0.6085067	0.5800783	-0.5575247	0.5649377	-0.64358664	-0.5882387	-0.6189873
-0.7157471	0.72628826	-0.758458	-0.72241896	0.7865303	0.735627	0.7416967	-0.71498793	-0.8050877	-0.7279282	0.7295658	-0.8091836	0.79276925	-0.7082945	-0.76359963	-0.74028605
-0.5619638	0.6126443	-0.60750544	-0.5490674	0.65727407	0.5696774	0.61747533	-0.5959303	-0.70872205	-0.6243167	0.6175869	-0.6395935	0.5802277	-0.57345706	-0.5580729	-0.6429031
-0.46048912	0.5430684	-0.5014989	-0.48061118	0.54311746	0.5178757	0.5359354	-0.5256596	-0.5487132	-0.50050455	0.5533407	-0.4763537	0.5077061	-0.515589	-0.5300676	-0.5619969
-0.63098836	0.6004878	-0.6336917	-0.59005314	0.5954646	0.57617784	0.63873214	-0.6088772	-0.6177506	-0.59580785	0.61011106	-0.63469535	0.6072829	-0.58153313	-0.59576976	-0.63974637
0.8773684	-1.0113864	0.9480835	0.99620426	-1.0435731	-0.90775025	-0.9120881	0.912903	1.0883492	0.9334647	-1.0192128	0.99684185	-0.9024324	0.91843414	0.9746356	0.9878394
-0.56720024	0.5284378	-0.58913696	-0.5299891	0.55689436	0.56982243	0.56127846	-0.5710147	-0.60481256	-0.5241173	0.5381818	-0.5729579	0.5221282	-0.5455735	-0.5467108	-0.5628259
-0.24436581	0.22364192	-0.26005134	-0.17299618	0.15919395	0.23169787	0.21033835	-0.205632	-0.16931409	-0.25466636	0.18716277	-0.21617171	0.22519884	-0.27229825	-0.18039422	-0.2096666
-0.015268869	0.0062640007	-0.11290422	-0.0009809822	0.024116792	0.07993268	0.022351716	-0.12972797	-0.012216064	-0.0126422895	0.0025781004	-0.05625707	0.07547999	-0.0056375726	-0.090590626	-0.05288345
0.8895232	-0.91130304	0.91547155	0.9050719	-0.95298374	-0.86122215	-0.8731765	0.91336846	0.9385347	0.84516484	-0.856074	0.912881	-0.8717959	0.8833687	0.8103018	0.9508373
-0.42597243	0.45441517	-0.40416053	-0.40834183	0.4003699	0.4298869	0.44488272	-0.40227577	-0.44577587	-0.42299408	0.37578234	-0.4073204	0.38278267	-0.42188907	-0.39880118	-0.46349248
0.8590845	-0.953661	0.88495183	0.911422	-0.9545125	-0.85849124	-0.9601611	0.8997704	0.96524286	0.8870653	-0.8904343	0.893599	-0.945987	0.870756	0.93061227	0.995706
-0.18037449	0.23328508	-0.20218569	-0.19123907	0.20790458	0.226278	0.15115783	-0.22913438	-0.21549319	-0.22053264	0.22290604	-0.20453091	0.2125502	-0.19489223	-0.14127962	-0.17299035
-0.2241108	0.24844034	-0.25338203	-0.23502235	0.23430228	0.20200716	0.23162328	-0.22429487	-0.26294717	-0.2728578	0.31089193	-0.26825342	0.24635594	-0.23244767	-0.20241123	-0.29926404
0.3538183	-0.42261624	0.4011348	0.39555293	-0.5069424	-0.3959613	-0.44396582	0.43192506	0.48174822	0.40994748	-0.43707424	0.4975919	-0.48061562	0.4573462	0.43884543	0.4396814
1.1919812	-1.2176293	1.2628003	1.1778011	-1.2182504	-1.1662692	-1.2049991	1.2299585	1.3699591	1.1707516	-1.2703191	1.2038406	-1.2438507	1.2203478	1.2010633	1.3225359
-0.6854274	0.6994312	-0.72908175	-0.75292367	0.72342265	0.7030009	0.7306133	-0.75662297	-0.80885243	-0.75428843	0.7234663	-0.7561978	0.7050297	-0.7522082	-0.6925559	-0.7283009
-0.16517253	0.12188874	-0.10946206	-0.14879915	0.12184354	0.11295525	0.16362193	-0.18426134	-0.1567417	-0.119297154	0.18412969	-0.20842403	0.19106384	-0.13423654	-0.09416639	-0.19182448
-0.14903742	0.17504726	-0.10139729	-0.16417205	0.18132336	0.11730547	0.16303723	-0.113120705	-0.18971585	-0.08441299	0.18264902	-0.14401585	0.13698216	-0.116521195	-0.1646559	-0.17283763
-0.03016547	0.03378425	-0.07762091	-0.02709672	0.07933454	0.05073878	0.052167077	-0.021333946	-0.06200334	-0.0910319	0.031105159	-0.06269444	0.1140689	-0.10492999	-0.014626244	-0.09441471
0.014304501	0.080433324	-0.060333744	-0.13989949	0.109815076	0.11759783	0.076572806	-0.10375478	-0.1678104	-0.07879538	0.09719007	-0.15018716	0.10751512	-0.06142134	-0.12693754	-0.16096008
-0.3452778	0.36233273	-0.30475172	-0.3378109	0.37442926	0.36972058	0.39602312	-0.32490116	-0.38445786	-0.389558	0.42671585	-0.39407358	0.39980614	-0.32180834	-0.37886134	-0.43580368
-0.06648861	0.073525764	-0.08009726	-0.06376623	0.039013587	0.047209002	0.05845266	0.029117877	-0.050893076	-0.0077593466	-0.01357733	-0.020144435	-0.03264549	-0.029923974	-0.066010274	-0.075401396
-0.54253834	0.5745645	-0.5002641	-0.59242797	0.55831766	0.55448437	0.5545997	-0.60407215	-0.6294285	-0.52792275	0.5793361	-0.5743874	0.571957	-0.59496605	-0.5845515	-0.578936
-0.45652717	0.53299034	-0.53768146	-0.46614408	0.48021725	0.46560556	0.490153	-0.47092947	-0.5398782	-0.50001127	0.5332486	-0.51862955	0.5208583	-0.5336583	-0.45597833	-0.49186754
0.22911693	-0.2135876	0.20573278	0.24994697	-0.28740373	-0.2693995	-0.29800004	0.2582547	0.32139057	0.19819336	-0.31286094	0.24345338	-0.20650822	0.26317284	0.18373019	0.24597883
0.23510535	-0.33574215	0.31515628	0.25102624	-0.2645814	-0.2549526	-0.31936663	0.28230974	0.2882835	0.29323384	-0.23944964	0.31800178	-0.25364733	0.2458119	0.25219765	0.2915727
1.0369093	-1.1591485	1.1234751	1.1009568	-1.1967076	-1.0966753	-1.0885557	1.112046	1.2790363	1.1709098	-1.1334736	1.1530274	-1.130744	1.0921717	1.1383024	1.2287174
0.7269667	-0.7281365	0.7210235	0.7598449	-0.7734112	-0.74632573	-0.7380849	0.7802027	0.86463785	0.76831806	-0.74591005	0.76379925	-0.81218714	0.6976241	0.72517985	0.783416
0.26047844	-0.18139416	0.19513859	0.20110509	-0.2519693	-0.28475896	-0.20710173	0.21186706	0.26256964	0.2341354	-0.1980582	0.198064	-0.21155165	0.25007054	0.1820203	0.21071842
-0.79186743	0.87794846	-0.8586494	-0.8605638	0.9234165	0.827878	0.8684385	-0.8917474	-0.9374451	-0.89279115	0.8817768	-0.902733	0.81351507	-0.86438787	-0.80492526	-0.90280837
0.1142562	-0.2321819	0.12577999	0.16976266	-0.19453797	-0.12083579	-0.16279192	0.17965758	0.19152288	0.22559994	-0.21075885	0.17869401	-0.23601481	0.15883008	0.14496273	0.22883917
0.36726278	-0.45102262	0.36250675	0.47613564	-0.5044226	-0.44601884	-0.49321875	0.45272014	0.54417205	0.41486144	-0.46726215	0.5021187	-0.5012912	0.48254248	0.44216534	0.48467046
0.4037328	-0.43102548	0.4044763	0.41275683	-0.410129	-0.3455326	-0.35717663	0.404978	0.38428175	0.42937407	-0.3453795	0.38519442	-0.31183606	0.336014	0.4162921	0.42215768
-0.3078782	0.31875357	-0.2664263	-0.3446096	0.28425518	0.2654842	0.2854063	-0.3542717	-0.2816089	-0.26267	0.297289	-0.2738285	0.3182776	-0.26952037	-0.30638644	-0.35160604
-0.22878318	0.27125168	-0.26152655	-0.22054788	0.2100122	0.24054162	0.22977637	-0.2609827	-0.23178008	-0.288718	0.2297394	-0.21118633	0.29522163	-0.29545546	-0.2933234	-0.28097442
0.34439856	-0.28790557	0.2950032	0.23535322	-0.31807974	-0.3024807	-0.25699696	0.3148375	0.30030522	0.30238783	-0.26146287	0.32150075	-0.30168933	0.33710676	0.3351545	0.26831836
0.08813382	-0.089203626	0.09685122	0.12320782	-0.08044156	-0.0857331	-0.07659919	0.112641245	0.12304007	0.0850703	-0.10533155	0.11229502	-0.090637825	0.14525005	0.13957646	0.09622966
0.44499797	-0.40093383	0.42492807	0.41320032	-0.41552928	-0.4136388	-0.39388865	0.44988543	0.49187097	0.47349063	-0.4814161	0.41311458	-0.46687388	0.46542197	0.4409873	0.43037367
0.34721214	-0.21270712	0.33624315	0.24646962	-0.274515	-0.27010903	-0.2075544	0.25513303	0.23610178	0.24472164	-0.19833796	0.24202937	-0.22714752	0.24837354	0.23317236	0.28175265
-0.3803126	0.44355977	-0.44173336	-0.4157	0.46263355	0.41553047	0.41401643	-0.4129158	-0.48641267	-0.46495095	0.41831177	-0.44357696	0.42038426	-0.4118137	-0.3902747	-0.44183803
0.15025222	-0.13729875	0.06993559	0.13581748	-0.17006834	-0.085951366	-0.14879166	0.09277753	0.13841376	0.13074508	-0.17362614	0.13793373	-0.12129591	0.0720203	0.12699775	0.14487854
-0.03357331	-0.006381386	0.05616656	-0.022565989	-0.017416125	0.041662972	0.0028196005	-0.020182976	-0.027072458	-0.06565879	0.015324491	-0.031629074	0.024392895	-0.0646757	0.009998121	-0.024983777
-0.08874793	0.063729756	-0.09509624	-0.10250394	0.08046509	0.08792251	0.15297343	-0.13222851	-0.06732537	-0.117446624	0.06381342	-0.13167971	0.05541672	-0.075308084	-0.1389486	-0.10828824
0.96824014	-1.0719104	1.0280306	1.0108978	-1.1370351	-0.9819746	-1.0973887	1.0043194	1.1526173	1.0253079	-1.0229926	1.0687273	-1.0225708	1.0448596	1.029617	1.0747229
-0.44384602	0.47231346	-0.53685975	-0.4216145	0.48685837	0.4554582	0.46337134	-0.4628189	-0.43381613	-0.44981584	0.48175782	-0.4750902	0.39755058	-0.47860032	-0.43372488	-0.5050296
0.55739534	-0.61905766	0.6707126	0.59821224	-0.6384761	-0.5979128	-0.60140413	0.6472875	0.6288576	0.5896868	-0.6346632	0.6119404	-0.6275106	0.6398054	0.5552767	0.5851919
1.2096682	-1.2957398	1.244174	1.2762467	-1.277907	-1.2387412	-1.2760657	1.2254263	1.3696465	1.2130759	-1.2617348	1.2532849	-1.2043597	1.2111195	1.1906146	1.2817315
-0.45015794	0.39854082	-0.41410038	-0.3795152	0.38102144	0.37835103	0.40672794	-0.4532995	-0.4315695	-0.44287202	0.4187942	-0.3674136	0.40331104	-0.3883428	-0.4177328	-0.37294602
-0.24880636	0.25467494	-0.25218815	-0.27954957	0.21247213	0.25258982	0.19900882	-0.24566925	-0.22542822	-0.27403665	0.25901026	-0.23811366	0.22042547	-0.20594145	-0.24909373	-0.21020226
0.7706719	-0.9094162	0.9035742	0.91943485	-0.95053476	-0.88184875	-0.9228738	0.812988	1.0156318	0.8731606	-0.9552896	0.8904434	-0.9085911	0.9157756	0.8697958	0.9167662
0.00977706	-0.03432748	-0.013185654	0.029143058	-0.07678051	-0.014224142	-0.00013293947	0.051246975	0.10228378	0.06209417	-0.03202377	0.07944925	-0.047225554	0.002111336	0.042586103	0.03371118
0.20019434	-0.1989134	0.1494421	0.13538232	-0.18443578	-0.20166978	-0.16140324	0.099022284	0.16009565	0.1157998	-0.20703635	0.17644173	-0.15637048	0.19744085	0.13121742	0.15402502
-0.11405788	0.046468955	-0.055549406	-0.029394785	0.027649198	0.0882637	0.05706875	-0.007562074	-0.005974195	-0.112061255	0.07050231	-0.0041182926	0.00085300015	-0.06144196	-0.08815636	-0.081840195
0.9495624	-1.008386	0.92244136	1.000326	-0.97099614	-0.9320553	-0.9501304	0.9514198	1.0829158	0.98449934	-0.95809716	1.028074	-0.98085386	0.9533181	0.9957064	1.017678
-0.09167156	0.14058387	-0.10135265	-0.13379142	0.06714871	0.068604454	0.073552854	-0.14564554	-0.14769134	-0.12600866	0.14234751	-0.06935579	0.07669101	-0.103878856	-0.09607806	-0.089102544
0.45976007	-0.53195393	0.45432892	0.46863404	-0.5061455	-0.46685496	-0.42545077	0.43798286	0.4830875	0.5273131	-0.53421855	0.48633116	-0.47728854	0.42547202	0.4193668	0.52701616
0.7893063	-0.77023053	0.78649193	0.778231	-0.7983929	-0.83715177	-0.7900735	0.7484679	0.8731284	0.8273541	-0.84945357	0.78785187	-0.74162185	0.7915177	0.78616935	0.8620687
-0.36122024	0.29530582	-0.3366627	-0.21874264	0.19446838	0.252104	0.2204109	-0.2741103	-0.25923517	-0.21049936	0.21507218	-0.25974503	0.27209833	-0.21707864	-0.28853795	-0.25091133
-0.57842666	0.6955783	-0.67825824	-0.6444981	0.6190588	0.6507134	0.67133063	-0.6878444	-0.70227945	-0.6432855	0.6045	-0.6491913	0.6694676	-0.6867305	-0.6016504	-0.68075997
-0.18806824	0.24527843	-0.22708696	-0.28647166	0.29951838	0.22829883	0.24394858	-0.30425003	-0.32168296	-0.2567143	0.25623345	-0.2930116	0.28239617	-0.23135665	-0.20053937	-0.26610857
0.34499675	-0.3892328	0.34304276	0.38437933	-0.32760045	-0.32930014	-0.3910795	0.3018772	0.4227756	0.36469638	-0.3700348	0.3881417	-0.35163882	0.3764365	0.33120865	0.36502746
-0.36426508	0.4608343	-0.40477797	-0.38015294	0.45391315	0.37797105	0.47643575	-0.40926328	-0.48664594	-0.38970324	0.4611556	-0.41298577	0.46806583	-0.44560486	-0.39740127	-0.39844134
0.32713386	-0.4199388	0.383298	0.39122385	-0.41492096	-0.40625498	-0.42642903	0.3937938	0.46044862	0.41135037	-0.37285215	0.40820968	-0.37473437	0.34886602	0.33901218	0.40698504
0.6125776	-0.59078354	0.7289556	0.609431	-0.67148834	-0.5945057	-0.65761596	0.57814735	0.63700676	0.6536185	-0.6454431	0.6653031	-0.59229255	0.6423116	0.60673356	0.66696787
0.5410835	-0.49961293	0.63545585	0.53052396	-0.5613762	-0.58040726	-0.52398866	0.61896616	0.62442434	0.5116249	-0.52908856	0.589573	-0.58868545	0.55062205	0.5473546	0.56148267
0.50794965	-0.46836612	0.56362873	0.47540075	-0.50408673	-0.5268611	-0.49642536	0.52456033	0.58200276	0.46118456	-0.5217442	0.54889005	-0.5171198	0.5073159	0.51548177	0.5393872
0.4257322	-0.43710822	0.37684116	0.36875874	-0.4690681	-0.4302282	-0.44936958	0.4576763	0.4448921	0.4331874	-0.38260552	0.3879042	-0.45299008	0.3598195	0.37298304	0.39893407
-0.10138185	0.07909282	-0.08020028	-0.065890655	0.16207756	0.13580549	0.12482361	-0.15193987	-0.098966174	-0.13597672	0.15837948	-0.15028782	0.14431734	-0.14108168	-0.08849357	-0.14136268
0.26314297	-0.26327977	0.22171257	0.19299585	-0.22644846	-0.24895838	-0.26513833	0.25605187	0.1967226	0.20933223	-0.27376235	0.24471864	-0.21581517	0.25058267	0.23949206	0.27697283
0.16313203	-0.17081852	0.20543064	0.18104894	-0.13285835	-0.15032728	-0.12073246	0.11448944	0.17019358	0.15241595	-0.17661983	0.16326767	-0.117462575	0.11694088	0.1513684	0.14018328
-0.20548466	0.12689887	-0.25683728	-0.17382032	0.1261153	0.19506969	0.21400908	-0.19008452	-0.17510638	-0.19539618	0.18540262	-0.14140083	0.16411394	-0.15614083	-0.22309543	-0.16661996
0.7967735	-0.88601726	0.7801557	0.824081	-0.91846186	-0.7791645	-0.8851127	0.8758996	0.8552345	0.8341373	-0.9003444	0.88606095	-0.81666815	0.8684644	0.8626233	0.88498884
0.38892215	-0.440301	0.36772618	0.39021397	-0.4083201	-0.3567759	-0.45618403	0.35858342	0.3984834	0.42632526	-0.42264307	0.45824698	-0.3775141	0.44941932	0.3799121	0.46671537
-0.4038908	0.38547692	-0.3609292	-0.38614592	0.41733718	0.37813616	0.41849548	-0.39058307	-0.4867388	-0.4286218	0.45022142	-0.3875528	0.3996564	-0.36616644	-0.41744915	-0.40415427
-0.24658564	0.23329711	-0.24361108	-0.22430742	0.27448937	0.27437603	0.2550423	-0.25622413	-0.30966702	-0.28894052	0.27518535	-0.26123035	0.24947783	-0.22912645	-0.2271672	-0.3027214
-0.082632385	0.15832642	-0.17191733	-0.13636991	0.12849234	0.12098598	0.17658232	-0.08762886	-0.17392844	-0.1649212	0.13408482	-0.14655359	0.16015232	-0.17613165	-0.15201028	-0.15231591
0.020698976	-0.07398872	0.035047803	0.12240235	-0.10869554	-0.08288525	-0.10357657	0.020733148	0.06561804	0.080473885	-0.10267123	0.07863966	-0.13005786	0.04930337	0.13742143	0.07581372
0.21798505	-0.17156614	0.17400275	0.14776663	-0.13479719	-0.10566669	-0.095682144	0.113561034	0.07186391	0.12559807	-0.07568656	0.15593924	-0.08438178	0.09286508	0.16716364	0.10324854
0.7836474	-0.7701303	0.8391367	0.76544863	-0.7833592	-0.762653	-0.7311812	0.7937808	0.74188775	0.77871174	-0.8011538	0.79839724	-0.7468202	0.7970697	0.7702426	0.77498966
0.31986508	-0.30587885	0.3567991	0.32092246	-0.35311833	-0.3418598	-0.3780078	0.3205317	0.42291078	0.333447	-0.39358425	0.32236767	-0.3097461	0.29867628	0.34171718	0.35023046
0.2942103	-0.28879485	0.23833449	0.24051578	-0.32155046	-0.3207446	-0.22618154	0.32546675	0.26154	0.24822074	-0.2972275	0.22780034	-0.24494657	0.31306756	0.30339697	0.26545957
0.53818756	-0.51597255	0.61635226	0.5356299	-0.53433883	-0.599185	-0.52487177	0.5487636	0.657356	0.59107596	-0.5514408	0.53300744	-0.5554563	0.59720767	0.54148144	0.6005152
0.6282301	-0.7097545	0.6640082	0.6473139	-0.7020222	-0.67791724	-0.6420511	0.6513783	0.7175423	0.63700736	-0.73561174	0.6798188	-0.64339274	0.7121514	0.63791364	0.7356884
0.18818687	-0.2138111	0.19160663	0.26188636	-0.28473267	-0.1805771	-0.18325332	0.2187956	0.26435795	0.25861606	-0.19221415	0.26824254	-0.2703294	0.23969913	0.24532434	0.25847876
0.06912332	-0.17065464	0.11885332	0.14030677	-0.20492937	-0.14433242	-0.17578675	0.094302654	0.19444926	0.11739427	-0.19292168	0.19397442	-0.1032277	0.0991431	0.11233815	0.16981636
0.4572229	-0.41261384	0.37506297	0.42229003	-0.44916242	-0.45340142	-0.40443167	0.42954248	0.41247278	0.4782203	-0.46910116	0.43437952	-0.41832513	0.47477707	0.42095006	0.43098915
0.4122216	-0.40489396	0.4582888	0.46440786	-0.4615239	-0.47994682	-0.45701632	0.4251438	0.4298515	0.47748503	-0.4834497	0.44984937	-0.43195713	0.43951452	0.41441298	0.43129846
0.9706614	-1.0128442	0.9811747	1.0286175	-1.0061021	-0.97614753	-0.930706	0.9780869	1.0461817	1.022133	-0.9559584	1.0328661	-0.9924243	0.9669948	0.97623223	1.0183904
0.607602	-0.63415307	0.6496436	0.646406	-0.6243657	-0.65545344	-0.6479574	0.5768382	0.71711606	0.6261578	-0.65090644	0.601364	-0.6176106	0.6112927	0.6674268	0.64022744
0.7206766	-0.7839489	0.72246367	0.7539209	-0.7410379	-0.7640657	-0.80618846	0.7094428	0.8535472	0.7188654	-0.72948205	0.8113098	-0.7739493	0.7915229	0.7324774	0.7493018
-0.7461688	0.78788435	-0.80424106	-0.8450111	0.8049628	0.76968205	0.77963126	-0.8131257	-0.85171056	-0.7580347	0.8074182	-0.76458806	0.78819716	-0.75890326	-0.818172	-0.7763357
-0.17869477	0.14647497	-0.12785959	-0.14397423	0.114676505	0.11683859	0.1580165	-0.10971853	-0.11389015	-0.12377651	0.15777823	-0.11466579	0.15256138	-0.08010298	-0.08300514	-0.08506655
-0.42487177	0.46201518	-0.447702	-0.5168661	0.48405293	0.49011683	0.51417243	-0.49932402	-0.5243634	-0.5114884	0.51559275	-0.53394574	0.49154973	-0.46666375	-0.43523446	-0.4661364
0.064087056	-0.08681723	0.08751283	0.08144647	-0.110821106	-0.069328554	-0.064153105	0.08689979	0.1154354	0.11746633	-0.133137	0.06517162	-0.09497254	0.043086562	0.027317114	0.048222486
0.13728404	-0.17389996	0.1846416	0.16905987	-0.2420219	-0.19067116	-0.26346508	0.16883674	0.22200936	0.25121257	-0.19158658	0.2069801	-0.27520376	0.1902534	0.15326552	0.24841484
-0.35115668	0.3959955	-0.38644674	-0.43985268	0.4054408	0.44616395	0.43638277	-0.40724087	-0.46763325	-0.4562801	0.42373988	-0.40441772	0.36800295	-0.4197882	-0.38868925	-0.47005597
-0.08190384	0.09087965	-0.118859604	-0.101183794	0.084922105	0.15768598	0.101927504	-0.06670949	-0.15197754	-0.09080065	0.12179343	-0.12262593	0.07599475	-0.08825272	-0.16282736	-0.113130316
0.55513895	-0.5303228	0.5402548	0.54776645	-0.58009315	-0.4880706	-0.5021617	0.54562515	0.6186614	0.5543291	-0.5815191	0.5920636	-0.5641382	0.5602981	0.54527	0.6070988
0.4258369	-0.45572215	0.45302156	0.45734474	-0.4937777	-0.4679722	-0.4528807	0.37783712	0.50696796	0.45906493	-0.4716543	0.43344665	-0.46751845	0.38898736	0.3781919	0.48980832
-0.044584937	-0.04311769	0.0025172078	-0.044122566	0.029088123	0.0058420664	-0.038704354	-0.0045427578	-0.056678936	-0.037415463	-0.03188039	-0.031353936	-0.031218225	0.013379234	-0.008903214	-0.046183694
1.3322085	-1.437804	1.3966187	1.3827373	-1.427451	-1.394347	-1.3757074	1.3904119	1.5293281	1.3788904	-1.3800952	1.4777523	-1.4074531	1.3850526	1.3745127	1.4465082
-0.247346	0.3277396	-0.28143054	-0.36736405	0.3897904	0.2837325	0.30017927	-0.36117804	-0.41000077	-0.38950062	0.32860094	-0.32259214	0.35571608	-0.30862674	-0.37407574	-0.36639756
-0.5717625	0.6143279	-0.6809557	-0.6643236	0.6305214	0.70033973	0.6401979	-0.60861456	-0.7026816	-0.70274293	0.63964325	-0.65186673	0.618971	-0.68596596	-0.61286336	-0.73890674
-0.0022398222	0.06659336	0.020895272	0.003768172	0.071378395	-0.0068910015	0.045141526	0.015565288	-0.034804404	0.0012654676	0.014020828	-0.02373248	0.04493551	-0.01931055	-0.06265217	-0.044455092
-0.14761013	0.15442254	-0.21222626	-0.13449673	0.17942972	0.1417047	0.12827367	-0.13042484	-0.18218227	-0.1513331	0.19244368	-0.11492265	0.19067156	-0.19072972	-0.19341794	-0.14547259
-0.5841927	0.59208214	-0.594647	-0.5844382	0.55679905	0.5867129	0.5474126	-0.5204605	-0.55430955	-0.5515788	0.55567557	-0.58724385	0.5201026	-0.5130256	-0.53354764	-0.55152994
0.696247	-0.7508076	0.69733244	0.7023075	-0.7986092	-0.76628786	-0.7989109	0.69922477	0.85143757	0.78888625	-0.7253417	0.74668956	-0.7151311	0.68208027	0.69035715	0.77942514
-0.55512625	0.5107519	-0.5374063	-0.47835985	0.47159442	0.5520778	0.47090945	-0.57183385	-0.51031893	-0.4624464	0.52544415	-0.5019222	0.468999	-0.49034226	-0.47924766	-0.5249388
0.3972941	-0.423541	0.41902372	0.47061157	-0.41687903	-0.39552975	-0.46120575	0.39297876	0.49748284	0.42647567	-0.39494386	0.41069016	-0.38000977	0.4236778	0.4239704	0.44406804
-0.7831176	0.8459014	-0.8228263	-0.82716465	0.899751	0.86417407	0.88709384	-0.9254407	-0.9534483	-0.9364543	0.89246595	-0.8863592	0.8763988	-0.84680253	-0.9030136	-0.9274785
-0.029551072	0.09517589	-0.08365013	-0.10604062	0.09803132	0.08376956	0.035028514	-0.023817174	-0.08684511	-0.10352231	0.06319679	-0.07358139	0.12183104	-0.08752707	-0.10294788	-0.076469816
-0.44489992	0.43382004	-0.40304494	-0.4169469	0.43757182	0.44036284	0.43913144	-0.4233424	-0.42433226	-0.44768927	0.44295484	-0.42880055	0.40329236	-0.46021128	-0.422529	-0.40909785
0.71232533	-0.69957805	0.7251367	0.65605354	-0.73685884	-0.68029994	-0.7304035	0.6614622	0.7649533	0.6992011	-0.69961923	0.73225766	-0.6471964	0.66462666	0.6217202	0.76584643
0.017282275	-0.014027378	0.06642401	0.095148854	-0.04029894	-0.062739536	-0.031490926	0.053973224	0.016314646	0.06928708	-0.044327367	0.028935427	-0.046492413	0.100077465	0.029492455	0.027330091
0.12639718	-0.21694106	0.17744616	0.17808783	-0.1551408	-0.15071233	-0.1498492	0.13266829	0.17045803	0.17903519	-0.12312724	0.14038914	-0.14910124	0.18818752	0.15670153	0.20743549
0.13346487	-0.2500114	0.195179	0.17258932	-0.2535004	-0.1767718	-0.22269596	0.19404241	0.2966299	0.22349867	-0.21015047	0.2804762	-0.20805083	0.19947109	0.13888118	0.24075487
-0.31311816	0.34987044	-0.3360729	-0.31439668	0.39564252	0.32594922	0.30951706	-0.44420722	-0.31453466	-0.34075037	0.29965705	-0.34254602	0.34455407	-0.38898534	-0.38983998	-0.38195765
-0.40865493	0.4259702	-0.45543173	-0.46073627	0.4248883	0.45193598	0.42286918	-0.40453443	-0.4657874	-0.48489824	0.49901867	-0.41012967	0.41929826	-0.39693946	-0.44429344	-0.49984378
-0.14022444	0.20551154	-0.199281	-0.15467085	0.15736991	0.13253075	0.19196352	-0.14584544	-0.1872505	-0.12361485	0.20796356	-0.16751762	0.2004314	-0.13717727	-0.12954369	-0.16418365
0.047283314	-0.09929092	0.07843392	0.10013756	-0.09561465	-0.07609731	-0.072472215	0.049035285	0.02152942	0.11972872	-0.09671174	0.046127815	-0.10741318	0.107330896	0.07517411	0.12090976
0.6804508	-0.72556084	0.65470463	0.7094578	-0.7453124	-0.6948546	-0.7073146	0.7047524	0.7591016	0.7189496	-0.7474472	0.7905282	-0.6731198	0.7304543	0.6937814	0.7998578
0.48708308	-0.58058643	0.5191778	0.58355063	-0.5820349	-0.54781806	-0.5591847	0.50944644	0.62326014	0.59300184	-0.6021711	0.6284711	-0.58137184	0.49380353	0.56096905	0.58711123
-1.0815706	1.2150465	-1.3432518	-1.2928311	1.2991371	1.2152982	1.2468214	-1.3050139	-1.4147125	-1.2747436	1.2862352	-1.2778881	1.2163602	-1.2256942	-1.2162561	-1.358808
-0.122774184	0.12854266	-0.16066809	-0.18995896	0.13688876	0.09500191	0.15919448	-0.07306859	-0.11090652	-0.123035006	0.10580995	-0.13675939	0.15948524	-0.11127264	-0.14692281	-0.123871654
0.17954352	-0.2042779	0.17592376	0.20843923	-0.16193782	-0.20037499	-0.22058567	0.21612126	0.24437536	0.15689567	-0.17940809	0.20277952	-0.15490517	0.21130396	0.17716843	0.22786598
0.11557667	-0.24457869	0.17367427	0.25463098	-0.23726182	-0.19025208	-0.27923283	0.17206316	0.32913798	0.23280117	-0.22582448	0.25896934	-0.21625187	0.20419368	0.20515347	0.30260098
0.59616	-0.65116775	0.5522143	0.6477957	-0.6121069	-0.6097762	-0.6590896	0.54789174	0.6485981	0.6555242	-0.6253158	0.6789113	-0.5718658	0.6383859	0.55727077	0.5993389
0.5227166	-0.5137152	0.5350399	0.48420578	-0.51034814	-0.5436542	-0.4721994	0.47472933	0.5609856	0.48651904	-0.49602765	0.50778747	-0.4516813	0.49455893	0.46796557	0.55834943
-0.08661086	0.14335716	-0.00946645	-0.04525758	0.13909224	0.09500588	0.06639188	-0.12818299	-0.124710985	-0.08647247	0.055238232	-0.07299333	0.12533034	-0.1203448	-0.04869154	-0.10926628
0.0020402481	0.018580997	-0.006353471	0.058412958	-0.02707774	0.010023939	0.031894863	-0.036630113	-0.022237059	-0.032495353	0.019916397	0.016950697	0.020934345	-0.05277131	0.0034620846	-0.0153785525
0.868829	-0.9689747	0.8229894	0.96559924	-0.9749804	-0.9365688	-0.8903327	0.9158973	0.95932627	0.90228313	-0.9979058	0.98586607	-0.9399438	0.8592717	0.8801051	0.9456377
0.34430668	-0.24245217	0.30403838	0.27365392	-0.25074366	-0.28778455	-0.30267665	0.33817354	0.30762628	0.23543127	-0.27287114	0.23383386	-0.20556861	0.31752664	0.28886825	0.2725761
0.068015926	-0.10385804	0.06726668	0.10604398	-0.03597252	-0.09553803	-0.10484245	0.11449869	0.09194777	0.055827774	-0.043128252	0.02025089	-0.017375758	0.06383032	0.09512952	0.040470142
0.1779862	-0.16188237	0.19456643	0.20208818	-0.17691624	-0.20419417	-0.14835754	0.18941453	0.12577203	0.14476497	-0.16415825	0.15149829	-0.18049969	0.13676952	0.20167014	0.15728219
-0.36336884	0.34585366	-0.43542233	-0.41264307	0.4053261	0.40213013	0.38478404	-0.31987256	-0.3510625	-0.3851406	0.38398606	-0.41278103	0.4076031	-0.3948324	-0.3567583	-0.39718118
-0.29458869	0.2496765	-0.27285352	-0.22239847	0.19234553	0.22888334	0.23932526	-0.3302863	-0.26464024	-0.2131075	0.24359332	-0.23495407	0.2179222	-0.24117942	-0.21221252	-0.2763074
-0.5093762	0.46625444	-0.44247982	-0.5014709	0.4758357	0.5020667	0.50007343	-0.46575022	-0.4973601	-0.5136421	0.46996337	-0.5152652	0.43915376	-0.43151635	-0.45896143	-0.5263018
0.2926537	-0.37924236	0.31934536	0.3530995	-0.32314298	-0.33024573	-0.36207733	0.33792993	0.3910388	0.35700205	-0.3204346	0.39764038	-0.3432795	0.31443015	0.33566475	0.35757795
-0.35766596	0.44810757	-0.41960356	-0.43774506	0.43013522	0.3854514	0.45245624	-0.38695604	-0.4367854	-0.47544822	0.41441393	-0.40771985	0.4202216	-0.38425466	-0.45846894	-0.41902363
0.660464	-0.6747156	0.6611624	0.6373813	-0.7053918	-0.7030096	-0.61900264	0.6050606	0.7158977	0.6343585	-0.65836805	0.6639298	-0.63355994	0.6848977	0.6194526	0.66486406
-0.38771707	0.41512743	-0.3745938	-0.42001763	0.4705728	0.39647797	0.45603132	-0.41530034	-0.50752896	-0.46313542	0.48708677	-0.45199072	0.460258	-0.41456148	-0.3905898	-0.46019888
-0.23130883	0.198196	-0.29988426	-0.26391265	0.24461167	0.244423	0.21166459	-0.2249466	-0.23073108	-0.2291832	0.24478364	-0.24656369	0.25284573	-0.22494204	-0.25662667	-0.2307205
-0.52102435	0.54680175	-0.53495246	-0.5755765	0.6156836	0.5889306	0.5112802	-0.53761894	-0.6126895	-0.547755	0.529956	-0.57409513	0.54229265	-0.5556545	-0.6006328	-0.5929376
0.40255874	-0.21688192	0.31327993	0.2405099	-0.25390545	-0.30426714	-0.27199695	0.26293126	0.16521639	0.21182947	-0.26371294	0.24976906	-0.19312862	0.29674017	0.22913855	0.21201694
0.32966188	-0.23809068	0.32980546	0.2922409	-0.342998	-0.30905503	-0.27171305	0.29543012	0.29273477	0.2830243	-0.28374776	0.27749673	-0.29133585	0.3369238	0.27541795	0.33637244
0.81064403	-0.8813217	0.8724411	0.86477023	-0.9255307	-0.8223701	-0.81197125	0.86556995	0.94925255	0.80950415	-0.91267437	0.8660178	-0.79918355	0.85998154	0.8304179	0.9467176
-0.11722649	0.16425586	-0.17643364	-0.14436275	0.17688248	0.11973447	0.12681441	-0.18114299	-0.1499932	-0.11457849	0.12685387	-0.16008699	0.12049853	-0.1469235	-0.18047418	-0.19543102
0.24517602	-0.24176928	0.19884078	0.21579511	-0.26427248	-0.25388867	-0.21221556	0.186068	0.27276462	0.19925289	-0.22725739	0.20564786	-0.23704445	0.20347837	0.18016647	0.25431225
-1.2389967	1.3442084	-1.4455552	-1.3610399	1.4627593	1.3516009	1.328065	-1.3983768	-1.4962983	-1.3929186	1.4188509	-1.3681433	1.3700402	-1.3941551	-1.355225	-1.4420571
0.25658363	-0.30168512	0.27790853	0.2838175	-0.20469841	-0.2151814	-0.21042065	0.25969014	0.2741623	0.28020027	-0.2740542	0.22950703	-0.19206874	0.27250403	0.27751616	0.296769
-0.02175761	-0.01444946	0.06732118	0.014934447	0.006471339	0.024959663	0.00820727	0.064442866	0.021055708	-0.018521132	0.020493442	0.031236436	0.03456314	-0.033296753	-0.034287307	-0.033319533
0.07498688	-0.014896259	0.07488481	0.0065686577	-0.00743853	-0.10830652	-0.012667669	0.11595472	0.05940927	0.0537743	-0.0011510112	0.03562627	-0.081470035	0.11243339	0.11877269	0.07636761
-0.5584663	0.619418	-0.5073051	-0.5185614	0.61482376	0.59309006	0.5176188	-0.50527966	-0.5832196	-0.5311295	0.6048633	-0.5567387	0.5406815	-0.5520954	-0.52850324	-0.5926905
-1.0632334	1.2502744	-1.2227471	-1.2002234	1.2622527	1.2460722	1.2541517	-1.1555438	-1.312414	-1.2233883	1.2577096	-1.2379875	1.1950065	-1.2224704	-1.2483232	-1.3038611
-0.27133384	0.2742238	-0.22834088	-0.24554911	0.2655165	0.26519683	0.28809768	-0.25576904	-0.27962708	-0.30962813	0.3046988	-0.33440164	0.29903984	-0.24211645	-0.28753293	-0.27209425
-0.53972125	0.5220654	-0.53389287	-0.5580472	0.53199023	0.5843606	0.5636174	-0.5017705	-0.49253905	-0.5402276	0.53257155	-0.5120959	0.51027715	-0.5251829	-0.4981532	-0.56866664
0.06289884	0.05729226	0.06735431	-0.038717933	0.06106379	0.024794735	-0.02833281	-0.012359441	-0.045692872	0.017441284	-0.032615267	-0.06477544	0.009775373	-0.018188542	-0.0121862395	-0.027924119
-0.0026185925	0.06393179	-0.03306792	-0.03424149	0.048754938	-0.0007504588	0.001341782	-0.0076618977	-0.05004228	0.004174347	0.0051482883	-0.028452333	0.0039172326	-0.03946417	-0.07684295	0.011999573
-0.47073725	0.5531288	-0.5410254	-0.51057196	0.4949074	0.4981792	0.4782928	-0.5289438	-0.53267497	-0.5406041	0.5170223	-0.53966236	0.45243192	-0.55103964	-0.457888	-0.52937424
-0.1150733	0.11602066	-0.1370657	-0.14674717	0.08976391	0.09381924	0.17519024	-0.13623092	-0.10897827	-0.10419921	0.10371323	-0.09172504	0.16054781	-0.09593192	-0.18787749	-0.12014387
0.7163927	-0.72403383	0.73185396	0.7799019	-0.7532032	-0.73821485	-0.7873899	0.6984128	0.80495673	0.7091101	-0.776637	0.7783887	-0.77721554	0.69692105	0.6974364	0.8154968
0.02607097	-0.07026267	0.07958596	0.0383436	-0.042041656	-0.08195991	-0.027081037	0.014077942	0.009586029	0.06853405	0.0055078864	-0.007934421	-0.012306528	0.025159203	0.057637773	0.020386284
0.41639462	-0.4843753	0.4509738	0.49329138	-0.46185112	-0.4179437	-0.46676847	0.42500457	0.45398068	0.465947	-0.4459769	0.42324418	-0.4361591	0.39627087	0.4573434	0.4933446
-1.1160088	1.1880977	-1.1182485	-1.1529899	1.1772069	1.1239594	1.1134716	-1.1557734	-1.2147747	-1.1619966	1.1159679	-1.1369725	1.1606579	-1.1402981	-1.0901937	-1.2033098
-0.78942704	0.9262282	-0.9129139	-0.975981	1.0541854	0.91800237	0.95076925	-0.95049983	-1.043118	-0.8928669	0.9466699	-0.9491214	1.0004597	-0.92304647	-0.91293895	-1.0107219
1.2195305	-1.255762	1.2451705	1.3056192	-1.329567	-1.2314154	-1.2970668	1.2490684	1.2943231	1.243501	-1.2691572	1.2571311	-1.2258338	1.1965275	1.1914637	1.32387
-1.1209426	1.2858467	-1.2452828	-1.278519	1.2509289	1.1728901	1.2200122	-1.2027295	-1.347309	-1.2166209	1.2550912	-1.3393434	1.2289212	-1.2811501	-1.2317265	-1.3276484
0.605033	-0.6291613	0.5984623	0.6555587	-0.6739454	-0.57282263	-0.6423615	0.6110448	0.70519274	0.6266164	-0.6608107	0.59381914	-0.59352565	0.5816865	0.5742858	0.6266247
-0.95483106	1.0202239	-0.90850633	-0.9323587	1.0024793	0.90541804	0.9282341	-0.9331949	-1.0857304	-1.0197645	0.9798773	-1.0124074	0.9266462	-0.9353911	-0.9579462	-1.0670929
0.06055202	-0.025797743	-0.023417024	0.05751591	-0.03073518	-0.017816078	-0.04722604	0.0043924106	0.088958986	0.033034466	-0.07111664	0.09034049	-0.081557386	-0.0025485072	0.011799461	0.02794193
0.3323824	-0.41157854	0.38915792	0.38057122	-0.3621863	-0.33433482	-0.34983355	0.39123318	0.37122923	0.38306767	-0.40939206	0.3786739	-0.38182127	0.381241	0.3917008	0.4177656
-0.003989218	-0.102798805	0.0030636748	0.05490752	-0.10867174	-0.08739321	-0.09091095	0.12183477	0.16926569	0.09491001	-0.1323193	0.10161048	-0.10653051	0.1106566	0.07507861	0.14672278
0.29222745	-0.26375973	0.30004355	0.21995306	-0.28579983	-0.3311052	-0.271381	0.33575612	0.28684533	0.29161233	-0.25473964	0.26729795	-0.291664	0.2560178	0.30972424	0.3148485
-0.26728684	0.31244895	-0.23164578	-0.28535408	0.26518285	0.29528183	0.27980837	-0.27091706	-0.3492269	-0.32433748	0.3103512	-0.2683921	0.26907238	-0.34168217	-0.35096192	-0.3520023
-0.04641786	0.10001338	-0.118487105	-0.08555753	0.079029456	0.10049484	0.04456402	-0.042431444	-0.07170951	-0.074915774	0.070046514	-0.067984946	0.023454914	-0.04361485	-0.055250626	-0.024134338
-0.24004231	0.34929767	-0.28850523	-0.2896685	0.33715156	0.25475335	0.32175273	-0.2271462	-0.33743772	-0.2954264	0.31150442	-0.29602173	0.26551536	-0.28944218	-0.2590534	-0.30563736
0.74904907	-0.7261032	0.76187915	0.786469	-0.7367766	-0.69682634	-0.7747287	0.7440154	0.8301434	0.7202647	-0.72658575	0.7667895	-0.7451257	0.7690441	0.750614	0.7538439
0.16997617	-0.107173204	0.13696162	0.17084597	-0.18322493	-0.1830466	-0.16201264	0.10917406	0.23230362	0.114005096	-0.16461088	0.14739707	-0.14589775	0.13365845	0.11196622	0.19887646
-0.48726824	0.5708141	-0.5933008	-0.51024646	0.6128539	0.50595963	0.58733225	-0.53465986	-0.5932847	-0.5381609	0.6155545	-0.57897747	0.5604867	-0.57028437	-0.549725	-0.6102703
-0.21333265	0.25430503	-0.25594902	-0.2343882	0.314539	0.23813015	0.29589924	-0.30719802	-0.29691026	-0.2452584	0.29144764	-0.27868986	0.28863442	-0.2947728	-0.24249606	-0.28394842
0.14925185	-0.18859054	0.1608742	0.15171522	-0.18478028	-0.16547245	-0.11273103	0.19359297	0.19901767	0.1845364	-0.18346965	0.1531752	-0.14492042	0.09975168	0.17252503	0.20684208
0.028752314	-0.029178323	0.012971551	-0.059238765	-0.00450846	-0.015162477	-0.00773054	0.0624084	0.0041037686	-0.014794254	-0.014268073	-0.047276687	0.032340925	-0.03555891	-0.00668526	-0.034434274
0.6288854	-0.6931909	0.61475575	0.6762082	-0.7261352	-0.67067516	-0.6615415	0.66957647	0.67659837	0.6574545	-0.6453893	0.66204304	-0.6925794	0.5991655	0.62939614	0.69796765
-0.018230613	0.014967444	0.008272315	-0.036545303	-0.016684573	0.04244744	-0.01195542	-0.03192826	-0.073456176	-0.058049418	0.061819516	-0.06191212	0.00086967996	-0.055947803	-0.015144823	-0.06697998
0.066432595	-0.13036467	0.0989495	0.09927822	-0.11960034	-0.116292275	-0.14659543	0.12700063	0.12324547	0.10546806	-0.10214222	0.09385735	-0.148249	0.07904483	0.14540742	0.1395414
-0.6034386	0.636446	-0.6405777	-0.59262294	0.58596236	0.629506	0.61554533	-0.6353704	-0.61219925	-0.6042471	0.6603349	-0.617907	0.5848235	-0.5745374	-0.5594631	-0.66999966
0.2660565	-0.29536453	0.3160713	0.33002046	-0.28169116	-0.326118	-0.35924488	0.23200952	0.3674911	0.31199166	-0.3317146	0.3104396	-0.26216146	0.3232034	0.32152686	0.3644296
0.67648095	-0.72495425	0.74198955	0.68118393	-0.7224654	-0.71174586	-0.72497064	0.6995513	0.72963524	0.7446906	-0.71722054	0.6590909	-0.6626909	0.6837004	0.653246	0.70147395
1.0144976	-1.1261488	1.1143576	1.1222602	-1.1244425	-1.0221316	-1.1041416	1.0625404	1.1437933	1.0436137	-1.0762452	1.0857009	-1.0161064	1.0806582	1.0540216	1.138782
0.59169155	-0.5983659	0.604133	0.56584185	-0.54922456	-0.5155687	-0.5360504	0.55294317	0.56577784	0.5168207	-0.5197923	0.5428454	-0.52385736	0.53958994	0.52408373	0.6180892
-0.12731673	0.13742816	-0.14615045	-0.14032613	0.13486329	0.108354405	0.16702431	-0.15223947	-0.16200921	-0.17958078	0.18025199	-0.16639902	0.14796482	-0.10940127	-0.1410217	-0.19741784
-1.1522665	1.1725204	-1.1748397	-1.1640191	1.1941574	1.1426449	1.1286119	-1.1728683	-1.2252259	-1.1759135	1.2005876	-1.238789	1.137132	-1.1496079	-1.2060935	-1.1744344
0.35329401	-0.42357785	0.33158872	0.39105543	-0.4218935	-0.42560917	-0.3765862	0.3758886	0.50782883	0.44456133	-0.40554827	0.4341574	-0.45186096	0.42221674	0.36699456	0.43731672
-0.26928124	0.3592106	-0.32532626	-0.28596053	0.3650629	0.2828034	0.29330656	-0.3430522	-0.33266258	-0.26276293	0.33663228	-0.3205532	0.28558677	-0.33226654	-0.24973421	-0.27825698
0.050378792	-0.030657476	0.0390322	0.0009232923	-0.070964076	-0.025602516	-0.041944697	0.01943955	0.05323181	0.06358222	-0.08949464	0.07467689	-0.10080407	0.071209595	0.06727831	0.012057873
0.14122275	-0.23982671	0.109507576	0.16369918	-0.23702742	-0.19512375	-0.1686618	0.21706657	0.19737765	0.21084945	-0.16476531	0.21524972	-0.16422635	0.21457396	0.19997899	0.20098075
0.29682508	-0.34975567	0.22770464	0.3067358	-0.35142487	-0.34036866	-0.32734275	0.29815134	0.34026033	0.26047605	-0.36951548	0.3074825	-0.30038902	0.27019557	0.2712008	0.2917166
-0.970157	1.0154514	-1.0503885	-1.0592934	1.0660976	1.0019225	1.0830598	-0.9983636	-1.0723708	-1.0640116	1.1126602	-1.0250053	0.99162924	-1.0367938	-0.992422	-1.0962254
-0.117188506	0.045223597	-0.089249134	-0.0688184	0.046055228	0.10706723	0.031582274	-0.09032237	-0.042876568	-0.10750659	0.05419588	-0.11005847	0.07460094	-0.046474174	-0.030207427	-0.08925356
-0.4757178	0.517819	-0.5620567	-0.49733365	0.47083384	0.47163847	0.4490762	-0.44958854	-0.4809621	-0.4679198	0.47374213	-0.46749786	0.44167843	-0.47414976	-0.47508916	-0.52251697
-0.91457933	0.97361326	-0.9830958	-0.9933948	1.0257108	0.92100716	1.0294687	-1.0436329	-1.0449452	-1.0231853	1.05289	-1.0273772	1.0037519	-1.031015	-0.9671703	-1.0333055
0.86115134	-0.85507023	0.88144845	0.91210943	-0.89603835	-0.90711683	-0.87413085	0.87934154	1.0175532	0.8788949	-0.87890434	0.87735784	-0.8985619	0.9229898	0.89985734	0.9795724
-0.27191034	0.35824528	-0.3537312	-0.3342602	0.41772997	0.3433395	0.3310832	-0.3592879	-0.39231873	-0.38568175	0.4102425	-0.42732242	0.37340218	-0.40497845	-0.3513113	-0.36847904
0.60043555	-0.6392426	0.6745265	0.63504636	-0.70342886	-0.5901382	-0.6394198	0.622128	0.76461565	0.6853002	-0.6868496	0.6907894	-0.6288059	0.6541069	0.59311783	0.70615745
-0.82443696	1.0211091	-1.098255	-1.1375209	1.1463985	0.98450327	0.9877651	-1.13204	-1.1718562	-1.0799197	1.0946764	-1.1522213	1.076904	-1.0943986	-1.0837996	-1.1211141
-0.5966717	0.6269735	-0.6605112	-0.70273685	0.65355295	0.6202834	0.6206407	-0.6969217	-0.7136208	-0.6886142	0.66894895	-0.7006361	0.6698974	-0.68681943	-0.67585325	-0.682978
0.51813	-0.5852719	0.5373218	0.54443216	-0.6256442	-0.57033557	-0.5360824	0.6100066	0.6295142	0.631841	-0.6256347	0.57337546	-0.5729671	0.55779994	0.57871497	0.6175563
-0.33217996	0.2759461	-0.28809965	-0.24513786	0.22643423	0.2578955	0.31071046	-0.28372797	-0.26407275	-0.32938457	0.3120746	-0.24356966	0.27857953	-0.30012757	-0.3125202	-0.27173576
0.41679612	-0.45011684	0.45487967	0.47855103	-0.4862258	-0.49268383	-0.47162262	0.48470956	0.48405114	0.48031235	-0.4389973	0.45937654	-0.4458624	0.41089085	0.44356754	0.4980737
0.6175702	-0.61208636	0.5754147	0.62580174	-0.6529263	-0.64082485	-0.6168774	0.5882664	0.6965635	0.6414067	-0.6668633	0.6534064	-0.57465386	0.5982606	0.6169612	0.63839597
-0.08234075	0.12867488	-0.17953889	-0.15412468	0.07144063	0.12681425	0.10560927	-0.09734001	-0.14553963	-0.08088127	0.08047822	-0.14666851	0.12864226	-0.10540264	-0.15280811	-0.12078715
1.0373969	-0.99876165	1.043754	1.014446	-1.062145	-0.98084885	-0.99898505	0.9725166	1.1348114	1.0397357	-1.042789	1.0800276	-1.0284863	1.0661807	1.0179591	1.0395324
0.20554495	-0.14128336	0.17709611	0.2192841	-0.19007298	-0.17749831	-0.18371953	0.20262575	0.19052756	0.21144141	-0.17582391	0.2176173	-0.1977193	0.14376938	0.22024432	0.210586
0.18469633	-0.17246467	0.1509681	0.10233806	-0.10870125	-0.15579744	-0.139972	0.19194019	0.18954134	0.17986907	-0.11075991	0.12347853	-0.12212995	0.17977369	0.20330945	0.19931497
0.46305394	-0.45419765	0.49766257	0.48068258	-0.495528	-0.41649744	-0.4739667	0.43113858	0.49929595	0.5217253	-0.44650382	0.5269807	-0.45109773	0.49284688	0.4973437	0.48833957
0.4121446	-0.36502722	0.4509965	0.35895684	-0.42550302	-0.40380615	-0.39083067	0.35768834	0.3838188	0.35802737	-0.42797413	0.37883615	-0.37240273	0.36113715	0.41946188	0.3626039
0.16399524	-0.17179918	0.20820288	0.23298226	-0.21434592	-0.2279021	-0.21804167	0.23026422	0.19757576	0.15504529	-0.19722937	0.17848429	-0.16509771	0.20131999	0.19684748	0.24043976
-0.18132222	0.16330142	-0.15287474	-0.1282481	0.1603629	0.1331272	0.19664894	-0.14082661	-0.17813793	-0.15297972	0.2043685	-0.19432242	0.21632057	-0.20700842	-0.17463583	-0.16948308
0.05424127	-0.06749518	0.035883695	0.08614398	-0.16302633	-0.15108095	-0.16928825	0.09359894	0.098622434	0.07327719	-0.10024944	0.17270666	-0.18445846	0.10412217	0.07121316	0.13452135
0.20317167	-0.25014937	0.17869735	0.24393938	-0.20938312	-0.2611699	-0.20094526	0.28761578	0.17475769	0.21612883	-0.17676413	0.20070757	-0.19519287	0.26705384	0.19058365	0.26874134
0.012902069	-0.01285194	-0.0055221412	-0.052336026	0.009328099	0.031954594	0.012499304	-0.058699913	-0.032783102	-0.028139587	0.040517233	-0.03353049	0.014655561	-0.034382276	-0.045248624	-0.06141315
-0.16624953	0.16421327	-0.11833859	-0.12833306	0.19478068	0.14381252	0.09053249	-0.18349414	-0.20060721	-0.12008296	0.14864568	-0.10657681	0.18540175	-0.11348095	-0.10583964	-0.19126993
0.6355507	-0.694466	0.70058084	0.6943305	-0.69452	-0.69711745	-0.662071	0.68454134	0.73994035	0.64263207	-0.71165377	0.70945996	-0.71154064	0.6726457	0.6894584	0.7030317
0.2298143	-0.17717269	0.17186339	0.15203135	-0.24218525	-0.157806	-0.21971679	0.23013751	0.22815642	0.18916379	-0.20189565	0.2705928	-0.20651294	0.24028678	0.21543358	0.27200302
0.06370774	-0.11539249	0.10481165	0.07177528	-0.14923602	-0.13238856	-0.123610474	0.11139572	0.14587268	0.14319201	-0.079716004	0.1497697	-0.044255417	0.039978765	0.059927497	0.07610316
1.1632832	-1.2730672	1.2161692	1.2144306	-1.2332184	-1.2620229	-1.2213162	1.1963271	1.3014859	1.2672365	-1.2965429	1.3132252	-1.2361801	1.2068785	1.2472905	1.2950886
-0.067906424	0.08410138	-0.11080928	-0.004301712	0.050303806	0.011986057	0.0903558	-0.031635977	-0.014243594	-0.062239893	0.0041311183	-0.079593696	0.10009468	-0.08334636	-0.023888102	-0.039877363
0.47026712	-0.5192913	0.58170545	0.5187257	-0.46748176	-0.463696	-0.50760484	0.52936745	0.5531261	0.44266653	-0.47205386	0.50252527	-0.48306096	0.5047619	0.43679747	0.4531813
0.055346724	-0.11542965	0.10458231	0.15093227	-0.10214329	-0.0784673	-0.062850684	0.08178303	0.13932286	0.14197096	-0.13193336	0.11616552	-0.07284934	0.13815579	0.06290322	0.113658756
-0.0051271045	0.037875492	-0.026687631	-0.06891167	0.049130544	0.09694559	0.036772314	-0.072371855	-0.055081613	-0.0943841	0.12485484	-0.07303077	0.08123834	-0.029879147	-0.02916354	-0.08219166
-0.72350174	0.66342217	-0.69033945	-0.7164785	0.70935917	0.74269	0.7014035	-0.7152886	-0.7625871	-0.7169685	0.69076115	-0.6799282	0.67996067	-0.7050026	-0.695899	-0.7292269
-0.27185726	0.34301078	-0.36579672	-0.35731924	0.35379705	0.36218798	0.39806128	-0.35884863	-0.4323355	-0.3756065	0.3248961	-0.41157117	0.37217095	-0.3158861	-0.34940293	-0.38958147
0.20400493	-0.11239801	0.13197467	0.18322265	-0.18511786	-0.21966961	-0.1928379	0.14109488	0.19427077	0.12225808	-0.1389428	0.1106595	-0.17517236	0.11594021	0.1984158	0.18027566
0.5407004	-0.53168476	0.51537055	0.4932822	-0.58806026	-0.54722285	-0.53223103	0.4464415	0.58862525	0.5064684	-0.5310604	0.51736057	-0.54723567	0.46747297	0.53559315	0.5581126
0.008484191	-0.04212283	0.015041847	0.039559938	-0.004837507	-0.04244174	-0.01923421	0.034391906	0.018839492	0.034223825	0.033629246	-0.031245565	-0.008765539	-0.008609793	-0.0026222954	0.035435338
0.27360517	-0.312618	0.34891155	0.31339532	-0.3786158	-0.25534365	-0.3005647	0.29731786	0.3992068	0.3045586	-0.37530515	0.36035812	-0.34587753	0.36637086	0.32468906	0.364854
-0.3547665	0.34639195	-0.3689875	-0.31904468	0.40396872	0.37315133	0.3954929	-0.39511	-0.40338123	-0.4110193	0.33091965	-0.41006598	0.37753186	-0.3722158	-0.36733735	-0.33795363
-0.07170345	-0.008001422	-0.11053475	-0.06202037	0.04397244	0.014158904	0.09504694	-0.09033065	-0.009717768	-0.01173872	0.061759595	-0.07557433	0.04075326	-0.037952162	-0.025689172	-0.044806972
0.111953765	-0.17961693	0.1709337	0.10614825	-0.103189796	-0.15456292	-0.109087944	0.09978207	0.10139006	0.16814972	-0.099445485	0.09619021	-0.08332422	0.07899786	0.094336584	0.12608457
0.18467681	-0.24669923	0.21022493	0.18025948	-0.19649257	-0.25170994	-0.23499697	0.1662749	0.21317533	0.22289076	-0.2558747	0.25052786	-0.21975233	0.18678357	0.27204454	0.22858188
-0.09829961	0.027214857	-0.021119729	-0.058754884	0.090178125	0.042951897	0.03088628	-0.06860086	-0.06588369	0.0034317651	0.08079634	-0.090934046	0.09009071	-0.0604885	-0.043422505	-0.070243865
0.42202887	-0.5176829	0.43881074	0.4950758	-0.53003395	-0.48259208	-0.4934363	0.38465574	0.51061875	0.4562359	-0.50688946	0.4752069	-0.41704038	0.48889783	0.4390405	0.53439593
-0.34224692	0.3732307	-0.3552162	-0.34735072	0.37951782	0.34914804	0.39801046	-0.40591606	-0.39669767	-0.41509852	0.35478476	-0.3867292	0.35909733	-0.33820036	-0.30366305	-0.3601454
-0.007870966	-0.096060425	0.048963636	0.104736544	-0.087265	-0.07758456	-0.04780074	0.0654714	0.09869991	0.049055614	-0.07818573	0.045827664	-0.09280662	-0.0082492065	0.03913245	0.030308843
-0.3414723	0.31178257	-0.32503513	-0.35673457	0.3615311	0.33361748	0.2812204	-0.36172047	-0.35991105	-0.3396628	0.31373852	-0.29303482	0.34410337	-0.3177364	-0.28885448	-0.3589881
0.39931104	-0.43739983	0.45607305	0.47443077	-0.49697894	-0.46800354	-0.4718922	0.4192437	0.50434166	0.41899335	-0.4962113	0.43750393	-0.43536708	0.4491282	0.44302166	0.48564976
-0.0714739	0.14324574	-0.10306758	-0.068603456	0.120482944	0.049920302	0.04605244	-0.13200024	-0.09766003	-0.11737684	0.10476109	-0.0683114	0.061905976	-0.123479865	-0.06274928	-0.10545842
-0.21960741	0.33049452	-0.32356262	-0.31383166	0.33551076	0.29769486	0.2907154	-0.27700928	-0.32370073	-0.3457562	0.3100671	-0.3824489	0.28499502	-0.2695316	-0.27217418	-0.34561363
-0.36142132	0.39933425	-0.3327967	-0.4254698	0.45372713	0.4298113	0.38269404	-0.36926016	-0.45208547	-0.40170786	0.39593214	-0.44068074	0.38782498	-0.42726982	-0.36426508	-0.38653064
-0.7215562	0.67161256	-0.7993532	-0.72755474	0.7755714	0.6789027	0.6636029	-0.74439824	-0.78417796	-0.7234407	0.72809947	-0.6993774	0.7011474	-0.722179	-0.6900658	-0.72327006
-0.33819604	0.38741395	-0.38835925	-0.4354845	0.44108394	0.3667896	0.37967756	-0.44094402	-0.45620662	-0.43265462	0.41547495	-0.4574825	0.37455487	-0.42059162	-0.37926212	-0.4742024
0.2545643	-0.1926205	0.23326205	0.20731308	-0.22879468	-0.18684715	-0.21002474	0.16454922	0.249202	0.21612184	-0.18088111	0.23946851	-0.1919664	0.2110025	0.23656143	0.19291098
-0.1315363	0.24177898	-0.18304971	-0.18781412	0.2902624	0.19929747	0.20636678	-0.16445951	-0.26956216	-0.24572557	0.21536703	-0.2562979	0.25360796	-0.19618988	-0.17304078	-0.20685399
-0.94115263	1.0106678	-1.0778447	-1.0411568	1.1056522	0.9874914	0.96421695	-1.0610418	-1.1317102	-1.0370595	1.041396	-1.1048976	1.0544969	-0.9711597	-1.0352064	-1.0627642
-0.46062875	0.49170247	-0.50209755	-0.5795621	0.5692163	0.5235004	0.4625279	-0.46688318	-0.53871745	-0.51946473	0.51220095	-0.57104886	0.5188969	-0.5017242	-0.46542165	-0.55181897
-0.4543079	0.58425635	-0.47129017	-0.5729541	0.6062781	0.4814321	0.54444814	-0.55258244	-0.5874999	-0.49605072	0.54609394	-0.5132747	0.57865167	-0.5628973	-0.47682345	-0.5359926
0.32017955	-0.37317902	0.31581506	0.35617378	-0.37752694	-0.39663252	-0.34379965	0.35367805	0.35846606	0.39302787	-0.41518366	0.34532967	-0.3611074	0.361188	0.40958628	0.43235818
0.1567759	-0.111151025	0.10562632	0.18349145	-0.117924534	-0.105325244	-0.16090746	0.057148166	0.09818258	0.09817212	-0.12777437	0.13597582	-0.1273229	0.12461132	0.16422296	0.18339522
-0.09015888	0.011764489	-0.011240331	-0.009439943	-0.036721952	0.039000172	-0.01950872	-0.061253108	0.00035834947	-0.029798869	-0.019318601	0.025644531	0.0046158615	-0.039075356	-0.0115539795	0.032199632
0.037556052	-0.01947708	0.00085740484	-0.02459051	-0.015851863	-0.02177304	-0.025028028	-0.052818477	-0.007394186	0.010567239	0.034039505	0.035955843	0.02182598	-0.059237123	0.020670388	0.00049527
-1.0491672	1.0767456	-1.1076204	-1.0148108	1.1145579	1.0516136	1.0244552	-1.0751446	-1.1542447	-1.0360311	1.0510159	-1.0437988	1.0796331	-1.0251656	-0.9966054	-1.0970045
0.055205554	-0.05152935	0.06581334	0.11197497	-0.13474923	-0.14651102	-0.12649646	0.12582947	0.10738351	0.10643024	-0.054807186	0.11339039	-0.049653593	0.07496956	0.09056419	0.12155484
1.0486729	-1.0548115	1.1094525	1.0263911	-1.0854194	-0.9943685	-1.0354538	1.0466253	1.1569669	1.0596561	-1.0415715	1.0940921	-1.043498	1.0622277	1.0388173	1.1195108
0.008945992	-0.0042904797	0.017284129	0.011406684	0.06932206	-0.022746215	-0.0075869435	-0.047649544	-0.045341574	-0.05014639	0.028377298	-0.07783649	0.08773369	-0.018026933	-0.0143379895	-0.067169406
-0.57287276	0.62100434	-0.57684106	-0.5750224	0.5531408	0.60889906	0.52320063	-0.5779235	-0.5793479	-0.5958316	0.5756746	-0.5540211	0.5245045	-0.56661826	-0.5745913	-0.62236917
-0.35574496	0.4470613	-0.3585806	-0.40940085	0.3753878	0.4372627	0.3698545	-0.43502784	-0.4014847	-0.4438908	0.4401503	-0.4510305	0.4060377	-0.38874573	-0.44848624	-0.465781
-0.04423545	0.082037196	-0.04508761	-0.06813999	-0.0035903407	0.05071655	0.028860657	-0.07068058	-0.019088509	-0.068810984	0.024694478	-0.025618603	0.012077566	-0.036813643	-0.03266778	-0.031054307
0.04561397	-0.03344132	0.013391219	0.0312531	-0.025429733	-0.021796733	-0.0107742315	0.05668584	0.02711225	-0.011734856	-0.03188601	0.055155355	-0.014238977	0.045686282	0.002455404	-0.027525447
0.6742215	-0.7194911	0.7532343	0.73271775	-0.7703892	-0.7880716	-0.7719966	0.69481885	0.8508089	0.75071084	-0.78594434	0.80745167	-0.76249534	0.74648273	0.73564655	0.81093746
0.18548113	-0.26475984	0.24935885	0.21190853	-0.27212325	-0.25205398	-0.2307433	0.18283784	0.27116644	0.25810337	-0.2611325	0.19697659	-0.19371316	0.23833242	0.21906811	0.2705769
0.84182197	-0.8683914	0.82298696	0.8717372	-0.97934276	-0.8819186	-0.8639716	0.9085901	1.0125196	0.8832856	-0.96185434	0.9331379	-0.907674	0.9307491	0.8240824	0.959864
0.45125607	-0.38894945	0.45970812	0.32055497	-0.35656932	-0.41029033	-0.40265313	0.33218506	0.41156211	0.3836786	-0.37845105	0.37804598	-0.34959066	0.33369073	0.3547306	0.37338218
-1.0609248	1.126921	-1.1617417	-1.0948899	1.1700158	1.0980626	1.1224937	-1.069573	-1.2292104	-1.1532993	1.1525495	-1.1643872	1.1675178	-1.0770783	-1.1406493	-1.2108852
-0.35518515	0.41327468	-0.34885457	-0.4381628	0.43471158	0.3849757	0.40963444	-0.38829246	-0.5045128	-0.3924212	0.3976604	-0.4181998	0.4573172	-0.3699821	-0.35348156	-0.42998236
-0.39994058	0.38466853	-0.40588418	-0.37652037	0.3273114	0.40678853	0.4342322	-0.43311954	-0.40077308	-0.40676397	0.37583816	-0.34662354	0.37986067	-0.35419494	-0.41687614	-0.37717623
-0.098346606	0.16083953	-0.1313789	-0.10496108	0.09353719	0.13729814	0.13953258	-0.100597836	-0.09475406	-0.13262072	0.16331135	-0.14070174	0.087383516	-0.15772577	-0.059752926	-0.11877846
0.08414157	-0.06693609	0.008428694	0.060653865	0.016880987	-0.011030821	-0.058954388	0.04289739	0.0327938	0.013327506	0.015067156	0.030980555	0.009173852	0.09128574	0.08469925	0.046264734
0.8557891	-0.84668124	0.7994717	0.82467234	-0.8809968	-0.83135426	-0.81573695	0.82425874	0.87166834	0.8134379	-0.83769214	0.824231	-0.82247317	0.7917777	0.7963247	0.87344056
1.0405631	-1.1175196	1.1156735	1.1248219	-1.1994752	-1.1270413	-1.1432525	1.1218184	1.2259457	1.0926454	-1.1773403	1.1052911	-1.1592288	1.1420485	1.1460847	1.1496252
-0.24556158	0.29800454	-0.26749516	-0.2765261	0.35105163	0.29080412	0.35253635	-0.35377797	-0.3014004	-0.36554372	0.3660075	-0.35602006	0.34879676	-0.324557	-0.361054	-0.3173551
-0.63598573	0.7857714	-0.7147233	-0.76020163	0.7803587	0.7308468	0.71068	-0.723703	-0.8054364	-0.77115834	0.8012181	-0.7353734	0.7506781	-0.7451299	-0.76252246	-0.777875
0.33870044	-0.31209984	0.2673301	0.3057468	-0.32731336	-0.33176294	-0.27784002	0.27031463	0.24362856	0.31763893	-0.3351118	0.3381889	-0.29673013	0.27847674	0.32728216	0.2824123
-0.79483306	0.96429515	-0.9021801	-0.93121773	0.9640819	0.9131606	0.89959335	-0.973671	-1.0597218	-0.913638	0.96716595	-1.0085096	0.9754498	-0.91280586	-0.93919885	-0.98600894
0.17727143	-0.1587487	0.12425679	0.17148474	-0.12429299	-0.15879586	-0.17507231	0.2039224	0.11448322	0.17662449	-0.15678337	0.15330932	-0.18352808	0.10320714	0.18937123	0.14777519
0.06317178	-0.10086308	0.11028079	0.08673269	-0.15823977	-0.14716026	-0.16087613	0.122067094	0.1338957	0.122862086	-0.0794873	0.12522544	-0.16091855	0.088596284	0.13254465	0.17671405
0.5962097	-0.63284284	0.66339016	0.6104253	-0.6654003	-0.6696257	-0.64842045	0.70703727	0.69600797	0.6340871	-0.66475344	0.67770046	-0.67036927	0.6677496	0.7010886	0.7370657
0.47056988	-0.47793078	0.5530746	0.5192417	-0.5475041	-0.5484243	-0.53639513	0.5310467	0.5567203	0.47220534	-0.49505222	0.57695645	-0.5594081	0.50176495	0.501327	0.5470558
0.13944687	-0.1295463	0.17357801	0.17433812	-0.13560432	-0.18126582	-0.1194995	0.13533679	0.12378814	0.14905019	-0.14032146	0.12225365	-0.15025155	0.14913625	0.1442259	0.13844334
-0.06351944	0.16209354	-0.04204495	-0.10653321	0.11147519	0.1429603	0.0771784	-0.10047501	-0.085143596	-0.07982608	0.09364089	-0.08844933	0.12192393	-0.12425431	-0.1433105	-0.13739929
0.21699205	-0.17270117	0.15935037	0.14423065	-0.099636786	-0.19723882	-0.14055228	0.24957627	0.13248983	0.1973158	-0.11726087	0.08979109	-0.1355258	0.21116282	0.12607896	0.1522375
-0.5463381	0.47051936	-0.6677658	-0.5235361	0.488635	0.5857629	0.5506328	-0.54429793	-0.6046681	-0.5004956	0.50154084	-0.5173716	0.51718134	-0.5219418	-0.50789535	-0.50351566
-0.20069626	0.2524355	-0.15718514	-0.24298178	0.2518303	0.19223139	0.24591695	-0.2521941	-0.23790309	-0.20400627	0.26584485	-0.2536696	0.20803481	-0.2591683	-0.26369828	-0.2668658
-0.17130671	0.22368048	-0.2662603	-0.25790447	0.25795108	0.18752673	0.18391283	-0.26898253	-0.24250087	-0.23506631	0.23450543	-0.17729968	0.1850562	-0.17705321	-0.24665909	-0.2631586
-0.044737138	0.06557637	-0.11501476	-0.12532416	0.0994909	0.13704912	0.11424315	-0.14428711	-0.10447093	-0.12564687	0.11688721	-0.067759514	0.05782135	-0.104796395	-0.07094476	-0.11494741
-0.15791126	0.18256035	-0.14378366	-0.181521	0.15940689	0.15228947	0.14338617	-0.12651506	-0.12868157	-0.15172392	0.15890214	-0.12657797	0.13171357	-0.15999629	-0.11128528	-0.14327082
-0.37874845	0.38378066	-0.4587665	-0.44872525	0.4488412	0.47702906	0.45050272	-0.36896953	-0.4483035	-0.4249326	0.43860245	-0.48603034	0.48424548	-0.4178237	-0.41420153	-0.4643322
-0.101026796	0.07430206	-0.058955535	-0.10533425	0.12929656	0.14382152	0.08642936	-0.09439002	-0.068035215	-0.12243273	0.1559972	-0.06866313	0.13509752	-0.09499007	-0.08519234	-0.13236865
0.33408028	-0.3785652	0.382376	0.42318478	-0.46065018	-0.3644992	-0.40063113	0.34338254	0.46259508	0.3593165	-0.4097556	0.43843764	-0.40649098	0.3624932	0.36723837	0.383132
-0.04632469	0.14706804	-0.122502945	-0.09289064	0.10879648	0.097602904	0.11469102	-0.07686093	-0.13467441	-0.05876176	0.09960615	-0.1320028	0.11886383	-0.10563179	-0.05305662	-0.07587153
0.092414506	0.0027068753	-0.042126156	0.015942078	0.060776994	0.014021906	0.022343798	0.0058229016	-0.06916388	0.02719738	-0.014291666	-0.05223654	0.005318518	0.026454553	-0.02146492	0.032196335
0.30852187	-0.3410075	0.37992227	0.37685025	-0.41994548	-0.32220346	-0.36556497	0.3510658	0.43999913	0.33323002	-0.35575572	0.4095412	-0.3729936	0.37190178	0.382363	0.39375436
0.5182039	-0.58289963	0.61703396	0.5825957	-0.6074214	-0.5796293	-0.57053006	0.5445142	0.57530785	0.5484483	-0.5590581	0.52699125	-0.58607507	0.5970105	0.54165083	0.53877836
-0.025676135	0.107235976	-0.10172786	-0.073539466	0.08218217	0.04737499	0.04841591	-0.08037484	-0.14525034	-0.082363605	0.048175104	-0.12903984	0.07206728	-0.056961782	-0.09275123	-0.06652383
0.09286631	-0.0645646	0.08715222	0.13799018	-0.19456711	-0.11520984	-0.16737236	0.09547279	0.11436299	0.09799597	-0.14276351	0.18995054	-0.14658763	0.11827731	0.080514714	0.19166887
-0.55181	0.54870015	-0.6050696	-0.5287051	0.55977696	0.48915422	0.5092796	-0.4979113	-0.5479945	-0.56587446	0.562683	-0.52448386	0.58117896	-0.5115034	-0.5168673	-0.60318774
1.0696009	-1.121021	1.0970285	1.0799652	-1.1249558	-1.0675075	-1.0820072	1.0721208	1.1735209	1.052209	-1.089008	1.1607128	-1.0826072	1.0543675	1.0861489	1.206221
-0.05148682	0.14970565	-0.13523294	-0.19669184	0.14769801	0.18142435	0.12247959	-0.14476088	-0.23971806	-0.13394214	0.15855959	-0.23047072	0.21373346	-0.20179394	-0.15572813	-0.17793822
0.32303724	-0.36962986	0.29126585	0.40663522	-0.40187755	-0.3931252	-0.42047605	0.3718705	0.4080588	0.4249436	-0.3603782	0.3683673	-0.3677465	0.4088496	0.35351565	0.37286383
-0.34574676	0.45724127	-0.36552712	-0.4302673	0.4358469	0.41557708	0.44076347	-0.4166476	-0.39914408	-0.37443417	0.39164487	-0.37995562	0.37924302	-0.45001882	-0.43937957	-0.46576384
-0.94349575	1.0990639	-1.1172618	-1.1667874	1.1353575	1.0371592	1.0943203	-1.1518685	-1.2655185	-1.1207744	1.1570684	-1.1593224	1.1172941	-1.116562	-1.0735875	-1.1284558
-0.5215302	0.51353914	-0.53568745	-0.59734476	0.5601802	0.5976187	0.5096665	-0.5659702	-0.56331736	-0.5431853	0.5097306	-0.527847	0.553876	-0.50940865	-0.5071349	-0.58843046
0.8400303	-0.89737004	0.842369	0.9584238	-0.9342696	-0.89169586	-0.90370655	0.84949833	0.97964454	0.90791005	-0.9530396	0.9604246	-0.9309752	0.90098697	0.909978	0.9386407
0.32607758	-0.40472487	0.3063721	0.3510055	-0.39772615	-0.3676808	-0.38807955	0.35970083	0.4663161	0.3232105	-0.35810962	0.42269546	-0.38126677	0.39169633	0.34239122	0.41608608
0.21842933	-0.37340727	0.34224054	0.31137347	-0.37639177	-0.31707695	-0.3670194	0.2667579	0.40412307	0.3241389	-0.3543006	0.3227783	-0.39054	0.3158435	0.3132006	0.3751337
0.23277558	-0.19928978	0.29245022	0.19625992	-0.26329395	-0.23914339	-0.2119204	0.19760759	0.22997567	0.18829955	-0.23583503	0.21782072	-0.23016202	0.21598221	0.17429172	0.27082404
0.49554354	-0.57644373	0.50521576	0.5242802	-0.6006454	-0.55039567	-0.54990625	0.5608825	0.6383375	0.51421434	-0.6048935	0.60354793	-0.55675685	0.5766573	0.5331333	0.6020201
0.05357948	-0.045283552	0.0012414026	0.024848616	-0.009846721	-0.060858108	-0.064024895	0.016583338	-0.001190872	0.05748185	-0.0021410314	0.00403911	0.005553501	0.063147835	0.07969093	0.07709593
0.4751883	-0.554011	0.44897988	0.49658617	-0.56240326	-0.5136027	-0.46173254	0.5337191	0.58129907	0.54538935	-0.5453598	0.49883065	-0.5453343	0.50908196	0.53128105	0.53146935
-0.39174914	0.4496922	-0.41047528	-0.39933357	0.42548054	0.42224547	0.42676568	-0.42328453	-0.48401988	-0.4251863	0.38677472	-0.47890538	0.4437908	-0.43383765	-0.3625469	-0.47325498
0.535785	-0.503673	0.5149768	0.46933752	-0.5287329	-0.49321598	-0.5027819	0.45297807	0.5212421	0.47318983	-0.45618266	0.4744845	-0.53776973	0.45353776	0.48820007	0.57351834
-0.06552443	0.041197766	-0.109578975	-0.031211713	0.03613164	0.0401755	0.06910148	-0.050012626	-0.045857012	-0.08417339	0.05884652	-0.078295596	0.031447895	-0.09027974	-0.0907353	-0.0012679894
-0.063071944	-0.0048265806	-0.04303042	-0.02287896	-0.02085187	0.05093375	0.02753966	-0.07824441	0.022509977	-0.0045826095	0.039431855	-0.042548995	0.054068577	-0.021158883	-0.02885439	0.018138098
-0.36158672	0.33977795	-0.42407238	-0.27154323	0.29615828	0.30841655	0.31741923	-0.30914477	-0.32853422	-0.34123313	0.35743618	-0.3271541	0.27846095	-0.3317027	-0.31319228	-0.3334411
0.44526562	-0.5197675	0.5069427	0.5150882	-0.593604	-0.5342437	-0.48069882	0.47162747	0.61768204	0.47339123	-0.5544996	0.51974857	-0.55079395	0.52111465	0.5033844	0.5568193
-0.5172465	0.50224113	-0.48962402	-0.4970171	0.45045045	0.42060345	0.4430288	-0.46068847	-0.41235554	-0.48399135	0.38979703	-0.43726006	0.45089793	-0.4153268	-0.42412168	-0.4795108
-0.59522575	0.65399987	-0.6959867	-0.6796663	0.62716544	0.5862807	0.61037606	-0.59013116	-0.6560012	-0.5995975	0.66575974	-0.6136133	0.69371676	-0.68114495	-0.6522209	-0.6463509
0.29173473	-0.34089825	0.27277145	0.35099387	-0.33983806	-0.3336596	-0.29018113	0.3039654	0.3588232	0.3486823	-0.31066024	0.29098466	-0.29697782	0.31778	0.33894244	0.34327173
0.52725047	-0.56850755	0.5329169	0.5637029	-0.60214156	-0.5178822	-0.58825856	0.560013	0.57180315	0.5230159	-0.56904244	0.5336808	-0.53974545	0.59271365	0.5590112	0.596559
0.120412424	-0.22145443	0.11023322	0.16812405	-0.1704565	-0.14305589	-0.19362704	0.16199024	0.22999391	0.20684253	-0.14675151	0.17116086	-0.14225213	0.15596907	0.170725	0.19857301
-0.2646207	0.26154312	-0.25404146	-0.26976448	0.3601906	0.32468268	0.33590198	-0.34635898	-0.29881895	-0.3258782	0.35323828	-0.27957186	0.30635	-0.27752724	-0.27408925	-0.34609562
-0.85832256	0.9378303	-0.93557596	-0.96734935	0.9666175	0.9427845	0.91510713	-0.90898055	-0.93670696	-0.9329377	0.981021	-0.9186836	0.9247677	-0.86786914	-0.89082366	-0.9184665
-1.0092977	1.143974	-1.085538	-1.0940106	1.1889201	1.069384	1.1673328	-1.1555572	-1.1728717	-1.1734277	1.1925296	-1.127115	1.0770202	-1.0767899	-1.0869449	-1.1566428
-0.1529551	0.19569547	-0.18225977	-0.27406973	0.22582394	0.23214829	0.2377732	-0.2588448	-0.28215483	-0.20446464	0.23345385	-0.25480932	0.24904451	-0.18959875	-0.25281233	-0.31255022
0.086488694	0.037282273	0.09061046	-0.00045877043	0.024525529	-0.020953815	-0.059697125	0.037813786	0.003736707	0.05906819	0.022638196	0.032976575	-0.037406176	0.0015864193	-0.01571706	-0.0012043356
0.15856974	-0.0870074	0.12175089	0.1571248	-0.104012825	-0.1045649	-0.15156467	0.18124782	0.15319009	0.17364529	-0.095608	0.08304108	-0.10926105	0.14899102	0.17333628	0.08202254
0.1796259	-0.07453531	0.14695002	0.04837267	-0.07975676	-0.1296304	-0.13646036	0.14057156	0.023496073	0.047082372	-0.07359369	0.08656046	-0.09597789	0.08498098	0.10333905	0.09848054
-0.30305374	0.33799568	-0.35365105	-0.3821584	0.39709374	0.39968413	0.35652426	-0.3546818	-0.39482778	-0.36726338	0.40780088	-0.38849622	0.43949315	-0.37433764	-0.337241	-0.367598
0.041826613	-0.018455438	0.021371927	0.013413882	0.025919983	0.0033759763	0.021399198	-0.03610403	-0.05793623	0.0118305385	0.039119635	-0.026453147	0.026663281	0.040848874	-0.02299083	-0.014846132
-0.5421931	0.6370746	-0.6826754	-0.6613846	0.65464145	0.59489137	0.60067934	-0.6404173	-0.7253611	-0.68069047	0.61274356	-0.65510356	0.6239267	-0.5860179	-0.6180313	-0.6254782
1.3226175	-1.3984957	1.3386127	1.3708891	-1.3674936	-1.348745	-1.3817135	1.3512961	1.4250636	1.3683951	-1.4135573	1.3610657	-1.3587761	1.3552115	1.3696926	1.4575369
1.0024146	-1.0843471	1.0762298	1.0490189	-1.1220781	-1.0520084	-1.0880266	1.0567849	1.2277085	1.1212096	-1.0943836	1.1516207	-1.085866	1.0497469	1.0210489	1.1910082
0.36848518	-0.41875276	0.39475024	0.40189263	-0.44226122	-0.4764772	-0.4165227	0.42420104	0.49771923	0.4165216	-0.4928324	0.47444233	-0.48235947	0.4482956	0.42959544	0.4856075
0.3525425	-0.454575	0.32355076	0.43459287	-0.49947053	-0.3997703	-0.40474778	0.3706123	0.50317955	0.44456467	-0.46599427	0.4877	-0.42485934	0.38249314	0.39138827	0.47182244
-0.10389343	0.12366957	-0.17948428	-0.14419317	0.15010892	0.10852329	0.15852126	-0.0801689	-0.17180339	-0.1763077	0.11415536	-0.1525926	0.076376475	-0.16787052	-0.07927686	-0.114536494
-0.51669574	0.48459822	-0.5562401	-0.52443707	0.4794152	0.4922794	0.46621987	-0.47026235	-0.45179668	-0.48382792	0.43139973	-0.42154086	0.49743253	-0.48923415	-0.44981673	-0.4385312
0.94450116	-1.0656271	0.96020424	0.9672898	-1.0964224	-1.0062838	-1.0376133	0.9409952	1.1628817	1.0067499	-1.016577	1.0675699	-1.0114899	1.0183749	1.0028889	1.0946163
-1.356094	1.4127018	-1.443046	-1.3857325	1.4303117	1.3976462	1.4700348	-1.4212415	-1.4919099	-1.4025728	1.4570645	-1.4819617	1.3764315	-1.3706259	-1.4423823	-1.4623238
0.16833775	-0.15613273	0.2379135	0.1553236	-0.15582483	-0.15090032	-0.14081846	0.18250108	0.16009137	0.18181697	-0.16265684	0.20774549	-0.16158076	0.20614687	0.12922864	0.14812464
-0.8839536	1.0217817	-0.96062744	-1.0401455	1.0370288	0.95898217	0.986744	-0.9668594	-1.0446951	-0.99695927	1.0535616	-0.9826864	0.9962931	-0.94347596	-1.0158987	-1.0130204
-0.30349305	0.261736	-0.2649354	-0.28839192	0.30737802	0.31418434	0.2694471	-0.32231295	-0.29526064	-0.25435448	0.25242162	-0.25956103	0.25106075	-0.25985447	-0.22619884	-0.27822724
-0.3700444	0.44895416	-0.476328	-0.4626274	0.46089706	0.39910838	0.45828062	-0.44160917	-0.5110306	-0.44525608	0.46238673	-0.4490469	0.47021878	-0.3944984	-0.42366397	-0.46616295
-0.14010952	0.06387939	-0.14524096	-0.11377879	0.061351426	0.07043621	0.124955565	-0.05684354	-0.0999973	-0.124835	0.13333306	-0.102386564	0.12383339	-0.12206342	-0.06655401	-0.062550634
-0.6111249	0.5543032	-0.5559447	-0.6184789	0.6422838	0.55433214	0.60528594	-0.58944917	-0.60229176	-0.6394068	0.58468974	-0.5857213	0.5763679	-0.6345474	-0.6364116	-0.57593936
0.23491387	-0.2766703	0.25238553	0.21401706	-0.3049335	-0.27813354	-0.2531103	0.27240622	0.23979017	0.23293842	-0.2778153	0.21718502	-0.20640612	0.19594976	0.24639367	0.26398888
-0.17150569	0.22142386	-0.15405414	-0.21898264	0.17452128	0.19145904	0.19418506	-0.18404067	-0.26747087	-0.2514845	0.26787427	-0.2620251	0.2222132	-0.21708852	-0.18552177	-0.24784592
-0.23930101	0.20557179	-0.2471605	-0.23781571	0.21529062	0.18650848	0.2520897	-0.25111023	-0.25140706	-0.22948961	0.20470014	-0.23768912	0.22550127	-0.25394535	-0.23882505	-0.177633
-0.41136286	0.47537318	-0.4738382	-0.49262577	0.456372	0.4381527	0.4282938	-0.46410584	-0.54763615	-0.43880543	0.44487852	-0.44731805	0.46166274	-0.442832	-0.4495427	-0.4540129
0.47147706	-0.41227996	0.52197343	0.4538856	-0.45413646	-0.47858015	-0.41529578	0.45587632	0.47159353	0.41192108	-0.47313246	0.40462193	-0.46456504	0.38970095	0.43502873	0.4556143
-0.3779926	0.4443486	-0.43300617	-0.4442213	0.5317948	0.3925408	0.47918087	-0.49383536	-0.49143204	-0.46566218	0.48958555	-0.4762898	0.4724301	-0.48116595	-0.47788477	-0.4922041
-0.22281174	0.26699254	-0.25412226	-0.2410726	0.29837573	0.215299	0.21752222	-0.2619245	-0.2533528	-0.25859505	0.26589018	-0.30761576	0.29205352	-0.22280169	-0.27399698	-0.26776555
-0.41031364	0.46186316	-0.43902564	-0.46745136	0.48602188	0.42841494	0.40497056	-0.40841866	-0.49238777	-0.40276116	0.42005485	-0.47860628	0.4616585	-0.45757142	-0.42528376	-0.45309073
-0.30011204	0.3393195	-0.40346235	-0.4307933	0.44852895	0.3497971	0.35938746	-0.35922617	-0.48721674	-0.3784782	0.3913762	-0.4652171	0.3588508	-0.41786954	-0.39412823	-0.40511453
0.091136575	0.024019683	-0.0063216006	0.010489125	-0.03283097	-0.076321214	-0.027085867	0.03792534	0.07195663	0.00035396896	-0.068108216	0.044052675	-0.020086206	0.058501214	0.035197485	-0.004750006
-0.01462427	0.13601328	-0.095550105	-0.06468016	0.12944937	0.11876119	0.06093012	-0.08505566	-0.15407181	-0.13224761	0.123348564	-0.10123773	0.07101982	-0.10469301	-0.120396696	-0.15246917
-0.30402216	0.29548395	-0.29254362	-0.31893542	0.31159097	0.32991904	0.29399264	-0.2731833	-0.2875333	-0.2452317	0.24328959	-0.3183354	0.30572438	-0.30067638	-0.3409188	-0.33265737
0.46918106	-0.5687536	0.50437635	0.55568105	-0.56299514	-0.54395103	-0.53383076	0.5420171	0.62771624	0.5747771	-0.5705726	0.60021603	-0.5750188	0.5527264	0.50005805	0.52356523
0.2805817	-0.3532132	0.34116137	0.3852093	-0.3745153	-0.35496452	-0.30707678	0.38110852	0.40311795	0.37822014	-0.37998325	0.39497167	-0.3139229	0.35463604	0.30480045	0.39215755
-0.23695357	0.25685135	-0.29707435	-0.24038932	0.2598608	0.3067016	0.29749444	-0.2995116	-0.28190714	-0.22701758	0.30935743	-0.23336762	0.31476083	-0.29817933	-0.28614366	-0.26548856
0.7232175	-0.67474604	0.7464044	0.6818135	-0.7078439	-0.7131203	-0.7195175	0.6841414	0.7234226	0.6717972	-0.6934068	0.7760857	-0.6621209	0.73248017	0.73118514	0.77681285
0.23492107	-0.12952967	0.20279844	0.1885524	-0.1447735	-0.15869196	-0.14871627	0.21686992	0.20640476	0.17191584	-0.1580591	0.18820141	-0.16168986	0.17243513	0.17641255	0.15716596
-0.2318117	0.2635219	-0.27548644	-0.27801087	0.3387873	0.2157238	0.3167825	-0.24925931	-0.2601189	-0.31376258	0.2697071	-0.2788394	0.2974834	-0.23600039	-0.22114117	-0.34171855
0.03474161	-0.08611062	0.040342074	0.14967014	-0.14437222	-0.06542501	-0.10615159	0.066590294	0.08364003	0.11007691	-0.08052087	0.058176205	-0.07020469	0.066931516	0.045353394	0.13749653
-0.1052969	0.087008275	-0.0737956	-0.11007085	0.036467537	0.027944308	0.116543524	-0.024984725	-0.10033833	-0.12067979	0.047897067	-0.053845506	0.07834807	-0.06552171	-0.10622958	-0.12577651
-0.10598066	0.058558065	-0.12462637	-0.04519686	0.06923616	0.115964964	0.07660651	-0.047595657	-0.010128843	-0.03612006	0.035316367	-0.08005008	0.09503311	-0.03985611	-0.050886642	-0.03293779
-0.58781147	0.52175534	-0.58940434	-0.5336392	0.5680324	0.58080024	0.59450084	-0.5733339	-0.5269645	-0.53314996	0.5879254	-0.5653748	0.5696556	-0.593524	-0.51775455	-0.5804352
0.07035856	-0.07281014	0.12251207	0.04113899	-0.089188084	-0.065890096	-0.10057648	0.06351628	0.097697586	0.115013085	-0.09023599	0.0600216	-0.07193406	0.12705258	0.02576228	0.09102787
-0.10991043	0.036470078	-0.06975962	-0.11102577	0.03500759	0.10472713	0.028583407	-0.11914679	0.01073834	-0.02157133	0.07059701	-0.03471839	0.046987154	-0.027373686	-0.05978034	-0.08209648
0.07465641	-0.067148656	0.006267871	-0.0028794245	-0.019547325	-0.05241584	-0.04013449	0.02458297	0.0730462	0.08500368	-0.024805168	0.046842888	-0.043553874	0.027512865	0.09433652	0.016895466
0.606363	-0.6220698	0.6892889	0.63948345	-0.63415396	-0.62015915	-0.63698745	0.6862019	0.69798154	0.59848124	-0.6660825	0.7016185	-0.61029625	0.6118329	0.6215432	0.7008663
0.1402064	-0.04504465	0.0886414	0.10585877	-0.13729486	-0.0683697	-0.13741349	0.08061722	0.07333065	0.056532145	-0.11093637	0.057392992	-0.050105903	0.12478255	0.14099032	0.08925563
-0.2289816	0.20258567	-0.21126384	-0.20230323	0.23039976	0.20076588	0.19308142	-0.22499706	-0.2364693	-0.20454192	0.21249132	-0.20634617	0.22020195	-0.20599724	-0.16184704	-0.2334373
-0.9131294	0.89988565	-0.87566906	-0.9347383	0.9796383	0.8919672	0.8669679	-0.93520993	-0.96601135	-0.9151484	0.91918415	-0.9685333	0.911877	-0.95482516	-0.9517337	-0.9367076
-0.21437623	0.2937725	-0.17521162	-0.2681813	0.23841041	0.24832425	0.29742607	-0.22551477	-0.25009623	-0.25025547	0.2477112	-0.2262151	0.26788616	-0.27148315	-0.2679263	-0.25231287
0.034449264	-0.07682181	0.120561756	0.05680581	-0.10450877	-0.0710347	-0.10026352	0.11888105	0.12698841	0.07376773	-0.06789437	0.095817216	-0.13801065	0.07200628	0.04165101	0.11448731
-0.51784444	0.6160352	-0.5296562	-0.6512352	0.60394144	0.536918	0.6294025	-0.6217388	-0.6407689	-0.55557793	0.608661	-0.64540565	0.62017727	-0.59810966	-0.6114263	-0.63854307
0.36674076	-0.37146315	0.35191315	0.3054973	-0.36506203	-0.32396966	-0.35817054	0.36033016	0.35817865	0.39528263	-0.32472754	0.36966133	-0.3536585	0.3718649	0.37415364	0.3607099
-0.17707515	0.15858151	-0.20271018	-0.19983461	0.2001279	0.17891979	0.21772246	-0.1582126	-0.23751919	-0.19008717	0.17276286	-0.1778438	0.19383958	-0.17663002	-0.21588309	-0.18411016
0.11263685	-0.052885633	0.057987705	0.070781775	-0.1173447	-0.06150026	-0.1204241	0.05912557	0.09238133	0.063239306	-0.10529695	0.056720614	-0.11809165	0.099211425	0.11797048	0.082399234
0.54019034	-0.61647046	0.5592847	0.6220938	-0.56142074	-0.5485375	-0.5775622	0.55411243	0.5935442	0.6266813	-0.54679495	0.5961568	-0.5566644	0.52962834	0.5637891	0.5745279
0.7932708	-0.93287784	0.836383	0.85127056	-0.85933965	-0.8650589	-0.84407324	0.8038668	0.90753365	0.867822	-0.8823688	0.89927983	-0.8370659	0.8171981	0.879619	0.9390588
-1.0357809	1.1289234	-1.1929116	-1.1807702	1.2315636	1.0474591	1.150791	-1.1312373	-1.3077266	-1.1610903	1.1956013	-1.176005	1.1313994	-1.0854987	-1.1431558	-1.2445256
0.12988394	-0.14574835	0.13520332	0.12426546	-0.12140558	-0.09954897	-0.18254265	0.19226019	0.17376497	0.15575333	-0.123736985	0.101179905	-0.19986397	0.118054725	0.18006906	0.12594368
-0.18011425	0.1813812	-0.2507039	-0.17369328	0.15815972	0.1811909	0.20027591	-0.24422255	-0.17531174	-0.21923877	0.1509102	-0.2054864	0.20565985	-0.2515897	-0.17694485	-0.20704412
-0.057753846	0.12806141	-0.10313802	-0.13935696	0.09328246	0.13155136	0.058915842	-0.13562134	-0.08765441	-0.15279147	0.07193303	-0.07524354	0.1429514	-0.09038149	-0.06009669	-0.06215394
-0.8918695	0.9681884	-0.9234782	-0.90401685	0.9493251	0.84965354	0.95983875	-0.89583325	-0.93617904	-0.9647443	0.9364279	-0.93955153	0.8991634	-0.91044116	-0.87775874	-0.97420484
-0.06879003	0.071610734	-0.069657825	-0.05383771	0.092141755	0.097156376	0.13514279	-0.05611908	-0.14917889	-0.13408184	0.14763385	-0.12548889	0.13428473	-0.08302811	-0.10436375	-0.123411894
-0.12571645	0.08898628	-0.1762137	-0.13165385	0.13569802	0.10068079	0.124638796	-0.13183695	-0.13726114	-0.15866475	0.16384159	-0.13449226	0.13994142	-0.112404294	-0.11267906	-0.11993599
0.2226249	-0.13902031	0.14166898	0.09662753	-0.13276073	-0.19123973	-0.14974941	0.16953425	0.15373139	0.18514839	-0.17108262	0.15144382	-0.15683545	0.13632175	0.17932415	0.14439997
0.24628259	-0.13717051	0.21554665	0.20595567	-0.13821077	-0.16357204	-0.18810052	0.22899944	0.12428234	0.17020187	-0.19089508	0.19774376	-0.15302585	0.13595098	0.20609125	0.19109051
0.391025	-0.31237775	0.42200217	0.3537945	-0.32557645	-0.39799842	-0.40057692	0.3189637	0.41435018	0.32371798	-0.41145483	0.38832974	-0.3121188	0.40857083	0.33273375	0.38331005
-0.51967764	0.5814077	-0.557128	-0.57573354	0.49142805	0.56019753	0.50867444	-0.5252777	-0.56525505	-0.5424873	0.52185243	-0.55283934	0.47730312	-0.49414545	-0.5690867	-0.55692625
0.8217921	-0.8351528	0.80260587	0.8146125	-0.86660814	-0.7975678	-0.7918587	0.8182158	0.82444173	0.8679266	-0.8423623	0.87413096	-0.79514456	0.8296897	0.81611174	0.81976753
-0.17014705	0.18238318	-0.14592767	-0.15373386	0.1741932	0.1861423	0.09118762	-0.12595335	-0.12832361	-0.109532245	0.1367835	-0.15719363	0.11512661	-0.18849355	-0.09793089	-0.16859862
-0.43750945	0.3517958	-0.4182321	-0.40484956	0.35325223	0.44629234	0.39325115	-0.3879651	-0.36703542	-0.35488984	0.41624117	-0.42693514	0.37734163	-0.39126492	-0.4123203	-0.41423362
-0.58142525	0.7148406	-0.66788584	-0.6976024	0.7547079	0.61326	0.628153	-0.6410089	-0.7397478	-0.6379382	0.6755569	-0.6993656	0.67085683	-0.7149083	-0.6747096	-0.7587382
0.092893995	-0.18961187	0.1489678	0.17049171	-0.24362093	-0.18321046	-0.1422191	0.18971384	0.20824203	0.12587357	-0.17629899	0.19633573	-0.17084198	0.1815122	0.1728944	0.18080138
-0.37506512	0.33307767	-0.4132437	-0.32487813	0.33964637	0.3572595	0.34064546	-0.40034035	-0.40542898	-0.4040727	0.34578648	-0.39546302	0.32785442	-0.353111	-0.3440811	-0.32999477
0.1050616	-0.21499546	0.15295006	0.20949419	-0.20285138	-0.18989836	-0.16965987	0.20207116	0.20659672	0.13823871	-0.1380357	0.22759268	-0.16262601	0.1420301	0.17329058	0.16874398
-0.38358802	0.36477166	-0.42254475	-0.39254254	0.39669234	0.40922123	0.37069064	-0.3846967	-0.38354534	-0.41333705	0.35184336	-0.43133757	0.36169687	-0.3408394	-0.38345838	-0.42293438
-0.5031998	0.5504948	-0.55697536	-0.61026335	0.6161879	0.53074586	0.60827905	-0.5449738	-0.5808514	-0.54985905	0.52479345	-0.5354374	0.6121299	-0.5640686	-0.55387956	-0.5751386
0.44085115	-0.35896614	0.4444242	0.41846278	-0.374615	-0.38859373	-0.36161664	0.40183416	0.37577367	0.38093737	-0.40913484	0.3852818	-0.33224863	0.43258503	0.4185127	0.44365245
-0.1517667	0.2252649	-0.23771417	-0.25983137	0.29070938	0.22124717	0.2786227	-0.3054161	-0.2416031	-0.20225532	0.25871378	-0.29938892	0.26870614	-0.20001043	-0.2288665	-0.23433037
0.38674536	-0.4123246	0.3368527	0.3939277	-0.4004439	-0.4013106	-0.37135303	0.36902887	0.43795365	0.38869086	-0.4007379	0.40942693	-0.38178414	0.42731088	0.33544287	0.41498348
0.73770356	-0.7496613	0.75280154	0.71104926	-0.72311306	-0.66712266	-0.6589104	0.7449361	0.8179627	0.7521301	-0.75550765	0.74385476	-0.73734313	0.6925577	0.68167585	0.76880836
0.06505788	-0.092387766	0.14599751	0.11278271	-0.16309464	-0.11844104	-0.13853462	0.17968102	0.17389625	0.118114546	-0.1716591	0.15044445	-0.1848751	0.15253283	0.14148529	0.2010986
0.1508629	-0.26010716	0.17900719	0.2555363	-0.2666051	-0.18039858	-0.27250022	0.14974783	0.24036762	0.26233658	-0.24311002	0.22439249	-0.22745828	0.19068073	0.23318954	0.27349287
0.06350319	-0.09761721	0.04885024	0.07909611	-0.04901521	-0.012670738	-0.026333662	-0.0014991199	0.07726198	0.04343544	-0.035709903	0.072884046	-0.09843053	0.07591899	0.07093574	0.061110817
-0.5008413	0.5094649	-0.61465657	-0.6004509	0.5643256	0.6052507	0.59696615	-0.5336939	-0.554203	-0.58846307	0.5070375	-0.54694337	0.52434987	-0.51933664	-0.49852797	-0.6115204
0.15661205	-0.19552939	0.2161911	0.13266045	-0.21486826	-0.16675028	-0.1596989	0.19822259	0.2144369	0.16539173	-0.20227326	0.1841426	-0.18601224	0.18162735	0.20130628	0.15123978
0.92392087	-0.928402	0.8522363	0.86030585	-0.95731753	-0.89321274	-0.9698787	0.8933074	1.0221236	0.9126709	-0.9750014	0.99975944	-0.9110149	0.94861585	0.87345356	0.94861376
0.99529946	-1.0592841	0.9966067	1.1263353	-1.1377959	-1.0364878	-1.0858843	1.0292147	1.114435	1.0900481	-1.0371267	1.0719562	-1.017583	1.0930806	1.0759345	1.118741
0.27558893	-0.27882725	0.26778924	0.2325278	-0.26936257	-0.24616161	-0.27967462	0.2907188	0.22729006	0.24406339	-0.24202742	0.21546617	-0.26647234	0.2591453	0.3175342	0.22449236
0.39050505	-0.49049708	0.5005465	0.43245488	-0.45958522	-0.4700331	-0.45387816	0.4392602	0.54115885	0.45730293	-0.49922875	0.49444923	-0.49939156	0.439956	0.4552607	0.4582669
-0.40980154	0.43092635	-0.3779133	-0.4240396	0.43077502	0.3503072	0.3837337	-0.36732933	-0.45291108	-0.38182107	0.38526058	-0.36576545	0.39523172	-0.38302526	-0.40934768	-0.444724
-1.2331275	1.265206	-1.2286284	-1.2461087	1.3342665	1.2430888	1.2014133	-1.2162542	-1.3977712	-1.2204818	1.2940392	-1.2773751	1.2195768	-1.2662834	-1.2316551	-1.3277272
-0.7101511	0.71597534	-0.69653505	-0.74462783	0.79785156	0.72298396	0.7764818	-0.69915205	-0.816724	-0.7428011	0.7228953	-0.7639819	0.70881164	-0.7337176	-0.76271343	-0.73805445
0.4295472	-0.40335757	0.39112133	0.36025771	-0.37827328	-0.4353296	-0.35711098	0.43510246	0.42753473	0.39087957	-0.41813368	0.35459328	-0.37057823	0.35502133	0.39355895	0.4445745
-0.8854006	0.88852155	-0.8813897	-0.8730477	0.95515925	0.9116735	0.9685894	-0.97317475	-0.9360615	-0.8884104	0.9403212	-0.9236936	0.87522745	-0.94639003	-0.94204974	-0.9716624
-0.58932006	0.59518886	-0.61808234	-0.6384543	0.6400253	0.65515774	0.6649396	-0.6058822	-0.7382329	-0.5917093	0.6796962	-0.6974398	0.6206962	-0.6365976	-0.64478695	-0.6460881
-0.50034386	0.52649987	-0.54228437	-0.5594144	0.5877598	0.53275526	0.4942646	-0.5929871	-0.5575194	-0.50455445	0.52438754	-0.5710083	0.57220733	-0.5549326	-0.5600494	-0.60584265
0.081510104	-0.15575582	0.09429259	0.06669677	-0.07967458	-0.09972463	-0.10508612	0.07382691	0.08976504	0.06580199	-0.06534615	0.104712576	-0.06483011	0.13817935	0.12668554	0.061742492
1.0106951	-1.0438398	1.0154276	1.057951	-1.1337949	-1.0265304	-1.0128615	1.0110356	1.1199276	1.0905172	-1.0736812	1.1228808	-1.0268953	0.99295145	1.0268563	1.108308
0.85580033	-0.9040296	0.8440639	0.8476432	-0.88872135	-0.8837271	-0.8058752	0.825889	0.94498765	0.81187797	-0.83559304	0.843926	-0.86949694	0.85620797	0.82611626	0.8453683
1.0733147	-1.0554181	1.1168764	1.1224089	-1.0972549	-1.0739049	-1.0811374	1.108432	1.1963115	1.0650601	-1.0580915	1.1314012	-1.021247	1.1011223	1.0310543	1.1744419
0.27770475	-0.34128314	0.26646513	0.30486068	-0.3239435	-0.3168324	-0.31336847	0.2917225	0.28067893	0.31376296	-0.2403991	0.31444126	-0.23247682	0.26547807	0.28176966	0.26462913
-0.06234809	0.12400594	-0.072749645	-0.11814331	0.07864325	0.102466546	0.119462565	-0.15695849	-0.10562792	-0.07710117	0.07678413	-0.104794905	0.060955554	-0.04510387	-0.105990365	-0.08196286
0.54414755	-0.55289865	0.64461434	0.5872708	-0.55012876	-0.5861904	-0.5739489	0.6039133	0.59223765	0.63043576	-0.56902146	0.5414867	-0.5945807	0.59132564	0.5851954	0.5513469
0.4970235	-0.42031136	0.5168326	0.43191388	-0.47898772	-0.48323807	-0.43274444	0.43297595	0.4143369	0.40513405	-0.42043853	0.38823918	-0.3788662	0.43291542	0.44539702	0.4640449
-0.04831757	0.06901961	-0.023659866	0.0021476543	0.007947827	0.046019122	0.008893667	0.0028885645	-0.03165235	-0.006321468	0.0060740807	-0.048628155	0.049513552	-0.006136682	-0.03332412	-0.053864036
-1.0161325	1.0056331	-1.0744689	-1.0321022	1.0639209	1.046268	1.0297005	-1.0461041	-1.1252856	-1.0791333	1.0617727	-1.0744733	0.9912718	-0.99004114	-0.9702827	-1.0732036
-0.80714256	0.88291043	-0.87376267	-0.78610325	0.8292513	0.83193207	0.85616773	-0.8025234	-0.87228805	-0.874804	0.83436614	-0.83197594	0.80539	-0.85383976	-0.8705953	-0.87420017
0.4614456	-0.37209815	0.39834958	0.32900646	-0.33817276	-0.38247797	-0.33873692	0.4000493	0.34429422	0.34965798	-0.34582365	0.32030374	-0.31576735	0.33316493	0.37379903	0.39160657
-0.035814922	-0.023541732	-0.05077782	-0.038132805	0.06342781	-0.0076647457	-0.0036664477	0.00013374444	-0.05375125	0.008821208	-0.023900177	-0.05859952	0.042964768	-0.009279461	-0.018237399	-0.032035403
0.12043354	-0.03695148	0.106454305	0.006155698	0.00831656	-0.05750127	-0.04682015	0.074578024	0.06554951	0.060803268	-0.025022801	0.013818641	-0.019987067	0.08551425	0.06786361	0.05035819
-0.4633633	0.47016868	-0.51452565	-0.41864124	0.4622069	0.41149876	0.47331053	-0.48992485	-0.4260317	-0.4114122	0.45215482	-0.43140218	0.42507327	-0.5046485	-0.43652138	-0.4163915
0.989863	-0.9133183	0.96833825	0.9162026	-0.9251239	-0.9108097	-0.94416404	0.8873052	0.97988224	0.92873013	-0.9344161	0.9505709	-0.8875632	0.9460374	0.9266256	0.9684491
0.038322255	0.013574458	0.0067063533	0.00088411506	-0.026504626	-0.045600154	-0.027981594	0.033198405	0.055425704	0.002115659	0.026255736	-0.010361164	-0.055014	0.0043716277	-0.03235359	-0.010783818
-0.7604605	0.87428236	-0.7879381	-0.8534409	0.8442149	0.83658785	0.8551483	-0.84906125	-0.90599626	-0.9012003	0.90510404	-0.9146441	0.8514539	-0.7873786	-0.8094882	-0.9306574
0.20759352	-0.21527153	0.30594686	0.20520182	-0.17646238	-0.2001627	-0.23649576	0.21853185	0.2081081	0.20483963	-0.17788596	0.25299785	-0.1542684	0.21279839	0.19464229	0.18086047
-0.70908594	0.88552797	-0.8748418	-0.8858235	0.8328653	0.7827226	0.7911204	-0.8498808	-0.9340264	-0.8595382	0.8744788	-0.8342635	0.7807088	-0.79150087	-0.8166827	-0.8428146
-0.7827535	0.89246047	-0.8029723	-0.8921046	0.89787734	0.86601824	0.89660066	-0.9232409	-0.9126889	-0.9157496	0.8529369	-0.8645346	0.9088457	-0.8474219	-0.85268897	-0.9313692
-0.7505194	0.6537239	-0.7339257	-0.6933273	0.70629174	0.6849638	0.70709914	-0.7235461	-0.6900294	-0.6454479	0.6608262	-0.66365457	0.6755899	-0.6646232	-0.6475535	-0.7133034
0.7260235	-0.7742769	0.6878968	0.7779226	-0.81408596	-0.7473183	-0.7125532	0.757322	0.82166857	0.8055786	-0.80863875	0.79519534	-0.7826157	0.7837213	0.68941474	0.8388415
0.55177253	-0.5784138	0.5502533	0.62445503	-0.65552163	-0.56357557	-0.5898869	0.5358625	0.65246356	0.6154277	-0.58822846	0.58367586	-0.61755747	0.58130866	0.62316895	0.6873043
0.15167704	-0.053364415	0.1466058	0.04822899	-0.07881381	-0.12541409	-0.10237606	0.115550295	0.03914712	0.046835262	-0.10475526	0.09817348	-0.086134695	0.042999845	0.08353767	0.08488944
0.33786666	-0.43737957	0.31617892	0.4122991	-0.42028394	-0.3478662	-0.4059142	0.32731724	0.45986763	0.41478652	-0.42870906	0.43910113	-0.3700976	0.44432238	0.4034913	0.38462436
-0.06543424	0.07672597	-0.039071977	-0.1447341	0.051435243	0.07655331	0.1164516	-0.12186048	-0.07888126	-0.1221775	0.06548004	-0.07762585	0.06993724	-0.101016805	-0.12943354	-0.063193195
0.30539465	-0.32015127	0.24661554	0.31565598	-0.37905675	-0.36896488	-0.33167365	0.27602038	0.4304437	0.36902076	-0.3329255	0.34951934	-0.31727752	0.34189016	0.35850245	0.4293916
0.08876811	-0.026547447	0.039791588	-0.059954796	0.04253578	-0.029961461	-0.033009905	0.0096450355	-0.007727097	0.018373428	-0.032136198	-0.017613964	-0.031697255	0.033135567	0.045573384	-0.0031300627
-0.29426533	0.37763986	-0.3027073	-0.31011456	0.2981238	0.30984345	0.3556252	-0.35713637	-0.3508488	-0.33980837	0.3112718	-0.35294738	0.30853897	-0.30590895	-0.30665267	-0.33919805
0.022485023	-0.13735113	0.07270555	0.07417606	-0.16723303	-0.054139256	-0.1456166	0.06662552	0.07117446	0.12960161	-0.07761528	0.08562944	-0.08319144	0.07251837	0.052018773	0.08729611
-0.20164919	0.23225833	-0.16305201	-0.18862253	0.1818734	0.20445243	0.16906811	-0.24324144	-0.21255024	-0.24703941	0.22072649	-0.15198496	0.16584568	-0.21570367	-0.24606119	-0.20843935
0.5830623	-0.6732761	0.6665647	0.6120366	-0.66069585	-0.6577821	-0.68253833	0.63886184	0.7358566	0.63330644	-0.63639516	0.6526024	-0.6747429	0.60365665	0.5973037	0.70261234
0.7074199	-0.83198476	0.7679129	0.78255546	-0.82903075	-0.7596316	-0.7444439	0.71868527	0.8149693	0.7263749	-0.7701123	0.8258938	-0.72779155	0.73220193	0.7241624	0.82901
0.76996547	-0.8430728	0.7784184	0.84459704	-0.87804574	-0.8846382	-0.8722152	0.7974693	0.9023004	0.9109976	-0.8719103	0.8790773	-0.8143094	0.8128131	0.80811286	0.9502057
0.93954927	-0.9808782	0.97231394	0.97475475	-1.076353	-0.98008466	-0.9966206	0.96229815	1.049713	1.0594063	-1.0338802	1.0443333	-0.95985067	0.96120423	1.0099394	1.0270938
0.049355548	-0.09944128	0.06783981	0.010642618	-0.075782366	-0.06945138	-0.111960344	0.060388263	0.06207499	0.08454986	-0.05643953	0.08346804	-0.021496095	0.09373361	0.11013537	0.042183597
-0.72946596	0.78618604	-0.8374232	-0.75768554	0.7712569	0.78046423	0.7054027	-0.80532366	-0.8076035	-0.7271463	0.7668001	-0.75172865	0.7038452	-0.7462577	-0.7000722	-0.73882675
-0.5933145	0.58585554	-0.5787177	-0.6617534	0.6315881	0.57599413	0.6148112	-0.58345765	-0.7123134	-0.64395463	0.6350957	-0.6686537	0.6251566	-0.61282414	-0.6131163	-0.6069944
-0.27867216	0.34128472	-0.35903472	-0.31930518	0.34500322	0.2917013	0.27703723	-0.36434972	-0.3611171	-0.28694156	0.27979726	-0.29011282	0.2794331	-0.34349966	-0.29957443	-0.29801783
-0.22562198	0.2571423	-0.3136896	-0.23150389	0.25872478	0.27707928	0.19636199	-0.19026466	-0.21021439	-0.21134633	0.2806584	-0.26436666	0.225531	-0.22180828	-0.18258707	-0.23882158
-0.059891272	0.08250196	-0.022816239	-0.06191698	0.11025747	0.071655884	0.11202797	-0.089613326	-0.13968004	-0.12834793	0.06043531	-0.10689169	0.06775705	-0.042146713	-0.072594665	-0.11089608
-0.78947234	0.80501515	-0.8001493	-0.756497	0.84721273	0.8093782	0.7409838	-0.8082649	-0.8376615	-0.7489708	0.81796837	-0.7713866	0.8218569	-0.8031991	-0.80081725	-0.8239064
-0.5859655	0.58402497	-0.63216543	-0.5475693	0.64809334	0.61020064	0.5615408	-0.51106757	-0.620886	-0.60362995	0.6193745	-0.57938313	0.5819909	-0.60298103	-0.6214124	-0.57694995
0.8336495	-0.79635626	0.810856	0.8455063	-0.8404398	-0.7741132	-0.823701	0.76530784	0.9233101	0.8478101	-0.8435346	0.8222926	-0.80993164	0.76374614	0.7740445	0.8575409
-0.04084718	0.08214045	-0.0193344	0.0051523442	0.0466169	0.10975126	0.078804545	-0.025106223	-0.043928087	-0.054152105	0.08052041	-0.04656126	0.0504158	-0.07422812	-0.07646092	-0.00445878
-0.81017745	0.85993785	-0.83693755	-0.7956675	0.88590044	0.80481905	0.8528266	-0.83068	-0.9282877	-0.792102	0.85024244	-0.7927062	0.7757322	-0.7792289	-0.779204	-0.8852036
0.018869082	-0.054372024	-0.010093545	0.031422436	-0.049371835	0.047310535	0.035554074	0.03157678	-0.031041622	-0.007810045	0.03482276	0.036416337	-0.0089658005	0.022282185	0.03009342	0.0128771905
1.1750461	-1.2254184	1.2288786	1.2309229	-1.2890604	-1.1676711	-1.2059946	1.1566718	1.2741361	1.2283306	-1.1995322	1.2303447	-1.1651989	1.231078	1.1504583	1.2726768
0.5777071	-0.65118283	0.60897005	0.6517872	-0.6765172	-0.5926441	-0.6708301	0.59643954	0.65190715	0.64217246	-0.68021244	0.6408711	-0.6081422	0.6521222	0.594546	0.6476515
-0.2055436	0.12955436	-0.17527626	-0.17464504	0.20394878	0.15427828	0.14268565	-0.19269751	-0.15214585	-0.20335533	0.21035728	-0.20084344	0.14708687	-0.20816837	-0.14905453	-0.1178062
-0.38073602	0.42318058	-0.33280352	-0.41561884	0.43238604	0.33115682	0.3479426	-0.32207638	-0.451735	-0.3655561	0.44844294	-0.4267939	0.40645072	-0.36167002	-0.3944461	-0.4539032
0.68379265	-0.68622553	0.71580315	0.7250706	-0.78739494	-0.64785606	-0.68394566	0.65603435	0.77066654	0.74513	-0.7568649	0.698332	-0.7417432	0.73621076	0.694111	0.77449995
0.038602594	-0.109041	0.021921305	0.08446174	-0.13368495	-0.0805474	-0.05941294	0.06248465	0.108159035	0.10835273	-0.09240787	0.066897966	-0.07859399	0.0979251	0.071866155	0.067415774
-0.29592797	0.36093202	-0.3639525	-0.38088727	0.39107794	0.40584528	0.3597386	-0.33977374	-0.427973	-0.35012314	0.3589263	-0.42522347	0.34464297	-0.3939572	-0.38194954	-0.3696766
0.3987728	-0.459565	0.46609846	0.46037963	-0.5027576	-0.45814145	-0.4917219	0.4091541	0.5777373	0.5349992	-0.51044446	0.4922171	-0.5164897	0.43220899	0.46650565	0.50789046
0.04504668	-0.13119143	0.05941828	0.14604507	-0.085281625	-0.058415886	-0.0788007	0.05994549	0.13178791	0.056371007	-0.14773819	0.15035434	-0.12796742	0.1376264	0.109837696	0.086651295
-0.2885742	0.21016222	-0.29353502	-0.24222523	0.28373584	0.2954181	0.23378393	-0.34678963	-0.27397427	-0.27306208	0.2026754	-0.2646105	0.27462095	-0.32592294	-0.22260414	-0.30147284
0.025169132	-0.007108488	-0.014618672	-0.033388387	-0.00016067487	0.03507728	-0.027230604	-0.015105894	-0.0010086914	0.0021383085	0.033384852	-0.04403239	0.03885742	0.017720066	-0.049066633	-0.028746387
0.23925641	-0.2876421	0.20285447	0.278242	-0.30304357	-0.29560325	-0.25004804	0.21448582	0.230451	0.27565363	-0.22512817	0.27504194	-0.20956585	0.26463708	0.21971993	0.27037704
0.27779943	-0.24682978	0.32268947	0.31387132	-0.24890049	-0.2225006	-0.28900978	0.27501228	0.33283722	0.25398126	-0.23429684	0.31437707	-0.2662144	0.2616784	0.27427548	0.30644783
0.18173918	-0.09904989	0.120736726	0.05081006	-0.13237876	-0.16584831	-0.09659323	0.13362516	0.10598061	0.08756943	-0.047157463	0.12369556	-0.123378895	0.14587966	0.15067689	0.06266411
0.4334453	-0.49098474	0.4214374	0.40710452	-0.47729638	-0.45399153	-0.42823327	0.40084708	0.4611432	0.40753707	-0.45103416	0.46094126	-0.40497768	0.4235595	0.3982877	0.5118136
-0.30699518	0.36063606	-0.31779724	-0.28613505	0.28555432	0.2426574	0.29086268	-0.26475582	-0.37039146	-0.29729483	0.31594127	-0.373924	0.34325793	-0.3016097	-0.3194736	-0.33459333
-0.13535416	0.07866074	-0.08263346	-0.105536446	0.103525676	0.063324206	0.018453432	-0.017677274	-0.0127368495	-0.024764467	0.10113928	-0.07627314	0.020827947	-0.104854345	-0.0847646	-0.044046953
0.100980595	-0.08182452	0.11416026	0.07566923	-0.11738552	-0.060458336	-0.10342607	0.1249061	0.11553419	0.0355525	-0.07688974	0.10366096	-0.10729454	0.08973443	0.09664218	0.104834914
-0.3245545	0.33636242	-0.3932685	-0.34177122	0.3702704	0.303642	0.35688818	-0.28288406	-0.38478774	-0.28475514	0.29418457	-0.3419519	0.29633906	-0.3500106	-0.3004229	-0.3446179
-0.10581515	0.20771013	-0.14272386	-0.17571168	0.1940005	0.12102579	0.21315917	-0.16979387	-0.15361856	-0.11737737	0.18807916	-0.17170277	0.15907471	-0.18764603	-0.11041486	-0.1729192
0.38160238	-0.43415517	0.4244582	0.44777146	-0.5073711	-0.4276917	-0.4189983	0.37586027	0.54171985	0.47579095	-0.46433663	0.41931626	-0.42569616	0.47686383	0.46594125	0.5136727
0.08472956	-0.07564743	0.082295045	0.007812864	-0.005464386	-0.06465589	-0.09318272	0.025378307	-0.009644567	0.107659094	-0.0007678196	0.05109214	-0.030194415	0.072547786	0.043103002	0.05700693
-0.6494906	0.6687511	-0.65583247	-0.69196796	0.69860476	0.6871876	0.7206781	-0.6231667	-0.74130595	-0.69851005	0.7075418	-0.70566505	0.68424284	-0.63188547	-0.70687324	-0.6877397
0.6375935	-0.67777675	0.6510035	0.67555064	-0.70966256	-0.58720475	-0.65160775	0.61267996	0.659296	0.63385063	-0.6674933	0.68923426	-0.62807304	0.6228445	0.5904377	0.64015585
0.27731165	-0.35074	0.3562721	0.35952187	-0.35446343	-0.30249342	-0.32926935	0.2522023	0.3339162	0.30158544	-0.27501574	0.37269968	-0.27503547	0.26696354	0.25485244	0.31134734
-0.23188265	0.19006711	-0.20451136	-0.19641024	0.23858605	0.23355281	0.20480222	-0.24059966	-0.26463413	-0.19126879	0.16724402	-0.22550029	0.2339605	-0.22537808	-0.23703821	-0.18178725
0.072663926	-0.16231094	0.07761251	0.15744199	-0.15162896	-0.056696072	-0.19951779	0.140768	0.18581378	0.10366011	-0.12120213	0.17130253	-0.16661818	0.11148561	0.06485941	0.14154795
-0.8712146	0.8603353	-0.82841176	-0.8647126	0.9595591	0.86732286	0.9204527	-0.8627432	-0.977762	-0.87901115	0.8670703	-0.8743661	0.8539181	-0.87374103	-0.8312567	-0.9043415
1.1616777	-1.3023547	1.2475536	1.2002214	-1.2744368	-1.2194326	-1.243463	1.1954496	1.3721823	1.3028144	-1.2984635	1.2986636	-1.196235	1.2583972	1.1932474	1.364091
-0.3118404	0.3184631	-0.3059675	-0.33111176	0.29263443	0.33311662	0.33426875	-0.29858574	-0.3558638	-0.31750137	0.29123074	-0.32101947	0.32411677	-0.28075865	-0.32897887	-0.28369862
0.121483676	-0.18295544	0.1921039	0.19807336	-0.2311343	-0.12875919	-0.14662969	0.14628485	0.19064668	0.19686659	-0.2124423	0.2256626	-0.17424254	0.18140979	0.20425856	0.20216812
-0.1326258	0.14434811	-0.11004862	-0.1796867	0.1624341	0.18061557	0.11416993	-0.14961399	-0.16851607	-0.19550878	0.15127815	-0.14314656	0.112341374	-0.16315563	-0.0926891	-0.20695071
0.6514625	-0.6918009	0.7567103	0.7157	-0.7151672	-0.6422506	-0.65150005	0.6667523	0.779548	0.67798454	-0.6952403	0.72679394	-0.6219126	0.69026595	0.62823755	0.65588206
-0.3672017	0.30740696	-0.3534643	-0.33530545	0.2940357	0.36797127	0.33734015	-0.35478503	-0.31600007	-0.28398156	0.30991933	-0.27637193	0.3477173	-0.31167722	-0.36323538	-0.34502032
-0.24522884	0.27606735	-0.27145305	-0.35853595	0.32870743	0.2890357	0.26598993	-0.26738343	-0.33422565	-0.26623958	0.29419693	-0.2886602	0.30876148	-0.28600356	-0.2937167	-0.35518146
0.6377824	-0.6371641	0.6884153	0.62672186	-0.6592026	-0.61862135	-0.6488686	0.62147707	0.6174366	0.591888	-0.584341	0.62489134	-0.5757161	0.6231842	0.6044354	0.63480157
0.76950663	-0.84954983	0.7693417	0.7612723	-0.8822522	-0.7854734	-0.8200879	0.7752547	0.8375444	0.80224496	-0.86080635	0.85516065	-0.8006152	0.7845598	0.7994707	0.81321096
-0.42258283	0.43943912	-0.40746897	-0.46573022	0.44971573	0.45112878	0.49310416	-0.4447003	-0.43127057	-0.4627858	0.4107492	-0.5036325	0.4403475	-0.4228026	-0.42386678	-0.4987584
0.14435464	-0.12795544	0.05816043	0.12115687	-0.057619493	-0.12452325	-0.12742607	0.10066495	0.08526645	0.065034814	-0.100997865	0.09858363	-0.07162325	0.08065191	0.13992359	0.15067883
1.0091466	-1.0926559	1.1823233	1.124787	-1.2297451	-1.0767473	-1.1646335	1.1441597	1.3037069	1.1663247	-1.195278	1.1661481	-1.1382027	1.1356908	1.1076026	1.2602406
-0.21429537	0.20722504	-0.163364	-0.24261583	0.2104607	0.16310792	0.19956397	-0.19779284	-0.18950173	-0.1968864	0.19229269	-0.16878146	0.24742965	-0.2331333	-0.21388319	-0.22981146
-0.63522416	0.6633316	-0.7031212	-0.6542535	0.63048756	0.64572793	0.66656315	-0.6717254	-0.72559184	-0.6265045	0.638013	-0.66454977	0.66798013	-0.6303272	-0.6380249	-0.6518807
0.6437386	-0.63038844	0.70090395	0.6045334	-0.6416202	-0.6080199	-0.6138643	0.62863374	0.68733597	0.6685132	-0.6847527	0.683712	-0.65322024	0.64734966	0.6723182	0.6797163
0.2304933	-0.30951357	0.31373763	0.28933093	-0.34974706	-0.25144592	-0.26270825	0.23227581	0.30380884	0.2743921	-0.26243302	0.28126624	-0.31760347	0.22721493	0.29526985	0.32111317
0.38741276	-0.30447677	0.29541874	0.3723266	-0.33516878	-0.36104214	-0.32327315	0.3341811	0.33024958	0.32340336	-0.37729788	0.31392527	-0.3286405	0.3335492	0.29105788	0.34235215
0.11538457	-0.12459216	0.1185359	0.16456242	-0.20735003	-0.11802897	-0.15968864	0.12752533	0.19109553	0.1833028	-0.13533008	0.15234824	-0.1270994	0.14796239	0.19543186	0.20236339
0.2464379	-0.22967711	0.3271056	0.3158312	-0.27638483	-0.31170413	-0.31745687	0.26651976	0.30655026	0.27672726	-0.28335828	0.30388066	-0.28379858	0.2880148	0.2406869	0.2753492
0.03687183	0.015122183	0.05177641	0.030918242	-0.013328689	-0.016571736	-0.036951724	0.006103276	-0.0023972993	-0.016594646	-0.015208828	0.051273152	0.01969127	-0.013044791	-0.01641712	-0.028007295
0.7260348	-0.7040864	0.7992265	0.76672554	-0.7858008	-0.7032526	-0.74396384	0.7122236	0.7460003	0.74917245	-0.75423265	0.75688165	-0.7055522	0.69972426	0.70820314	0.78935665
-0.065928236	0.1344569	-0.0852147	-0.10313764	0.09492137	0.09479008	0.1234663	-0.04991374	-0.09444876	-0.07130112	0.047330137	-0.075517304	0.09922758	-0.079324685	-0.098790735	-0.10508331
0.3977202	-0.4233004	0.4329169	0.4034795	-0.39714524	-0.37936482	-0.4063168	0.45985582	0.4368093	0.36751583	-0.3771331	0.42939347	-0.42470255	0.39969075	0.39558345	0.39147487
-0.7984542	0.8136735	-0.8058876	-0.7822471	0.8009221	0.7544025	0.799247	-0.8530959	-0.83671916	-0.83909255	0.78454673	-0.79005146	0.7622048	-0.7609556	-0.8087753	-0.8540796
0.029875793	0.02624778	-0.05075055	-0.09824589	0.103614286	0.04580924	0.094638	-0.04705609	-0.080591954	-0.07124675	0.103014745	-0.014999131	0.020657513	-0.07957566	0.0029656761	-0.011586121
-0.7353591	0.7438237	-0.7626987	-0.82112366	0.7891536	0.81464666	0.7845641	-0.8187092	-0.83361757	-0.7661573	0.8165615	-0.8407375	0.8207266	-0.77990144	-0.7980796	-0.7911632
-0.236804	0.1880284	-0.19602124	-0.17106925	0.25338843	0.1639818	0.22888982	-0.1916767	-0.27117303	-0.22304624	0.20187163	-0.19267042	0.18655209	-0.26496544	-0.19175991	-0.1919086
0.9620901	-1.1058177	1.0124658	1.0403854	-1.1437733	-1.096346	-1.0651491	1.0522634	1.229262	1.1121998	-1.105746	1.0862713	-1.020067	1.0650109	1.0135033	1.1568369
0.01088684	0.002580629	-0.003916197	-0.018676516	-0.031330504	-0.04089389	-0.0348881	0.051464662	0.0271311	0.059646223	0.027554207	0.036729954	0.012985898	-0.010587484	0.0546331	-0.0054625073
0.521363	-0.51130843	0.56073296	0.54759496	-0.5113937	-0.56018084	-0.5877304	0.5353149	0.55465096	0.47991621	-0.51946074	0.5810459	-0.52762485	0.5682023	0.5603722	0.50693595
-0.43696952	0.49165195	-0.36869115	-0.47593954	0.44549122	0.41741097	0.5052748	-0.45181528	-0.498628	-0.4412082	0.4560927	-0.44382378	0.47783485	-0.5002689	-0.472006	-0.52198106
-0.68195796	0.6956268	-0.71216756	-0.72968674	0.7979457	0.7669046	0.67339456	-0.72573996	-0.7696821	-0.75190073	0.75804263	-0.7054209	0.74809843	-0.7224247	-0.7096874	-0.7223805
-0.20910054	0.19698748	-0.27905893	-0.17053947	0.24511094	0.22962552	0.16464153	-0.2857648	-0.20922172	-0.18898901	0.16344073	-0.24501255	0.23433477	-0.17660446	-0.24373958	-0.20214202
-0.25298658	0.2567163	-0.21278284	-0.19030489	0.25912645	0.2528174	0.23487104	-0.1767011	-0.25896478	-0.27136308	0.18554673	-0.24249636	0.2478314	-0.23273094	-0.25764087	-0.24485989
0.06314712	-0.07527127	0.044543684	0.043724265	-0.0545501	-0.05093573	0.00022839176	0.064607844	0.039990265	0.022421073	-0.039592165	-0.009401318	-0.036670774	0.028644914	0.030092087	0.016404608
-0.5018501	0.6163705	-0.5471301	-0.63113236	0.7045473	0.56620836	0.62267816	-0.62424505	-0.6721904	-0.5933251	0.6166851	-0.6569094	0.62607133	-0.58928543	-0.60229415	-0.65655655
0.14276621	-0.15765388	0.07255748	0.17905329	-0.13120116	-0.12467251	-0.15046777	0.13059129	0.093018696	0.10118763	-0.14469166	0.15254466	-0.1226225	0.09239122	0.15783046	0.09303791
-0.013384554	0.006542718	0.0017077271	-0.09054691	0.08220235	-0.004123274	-0.008873862	0.0044955523	-0.05056087	-0.032311473	0.044133004	-0.041261483	0.021278918	-0.07317261	0.016926428	-0.046948303
-1.1533095	1.153522	-1.1385987	-1.1648902	1.2345655	1.1737404	1.1701325	-1.1641963	-1.2343813	-1.1727878	1.2232145	-1.2300553	1.1624126	-1.2164494	-1.1504524	-1.2516929
-0.7305302	0.84946	-0.7729332	-0.7752066	0.78361094	0.8128482	0.75805986	-0.7692802	-0.8427389	-0.7826463	0.8271808	-0.78524464	0.7824121	-0.82324195	-0.76445526	-0.8837571
0.2502657	-0.23180357	0.2706515	0.28045085	-0.29869092	-0.20668584	-0.2318434	0.24739577	0.28746772	0.24981864	-0.21828918	0.2088015	-0.25112107	0.29067093	0.21965851	0.23118508
-0.16239136	0.19937637	-0.23278162	-0.22684883	0.19857937	0.18485041	0.17168155	-0.22532807	-0.2383393	-0.17143852	0.24693835	-0.25252315	0.18933493	-0.17916465	-0.21885651	-0.17976567
-0.41855955	0.37872517	-0.36476204	-0.41224998	0.40347996	0.42662138	0.39951664	-0.4081751	-0.4700577	-0.44234	0.44126937	-0.3963424	0.36869398	-0.44402766	-0.43210697	-0.37044767
0.08952018	-0.026699917	0.0849814	0.043432202	-0.0747498	-0.026762558	-0.05405871	0.06419524	0.026436241	0.06907009	-0.030532377	0.05930782	-0.115223564	0.019736642	0.06287687	0.024195774
0.6660863	-0.722346	0.70325327	0.70452285	-0.72088724	-0.6775856	-0.7159767	0.6955489	0.7462765	0.7160851	-0.7206691	0.73893267	-0.70729136	0.6996972	0.7276657	0.78437215
-0.12237855	0.09980412	-0.09214076	-0.09149101	0.11665859	0.13499208	0.09072336	-0.100150734	-0.11020046	-0.080412515	0.048064943	-0.055797033	0.13079478	-0.12036155	-0.12102562	-0.08351352
0.24587429	-0.3343582	0.19022933	0.25928918	-0.32681102	-0.20127177	-0.26389343	0.24286513	0.27749118	0.32179937	-0.3335516	0.34375736	-0.32142502	0.25577834	0.27945903	0.29312944
-0.16323137	0.18321568	-0.20768932	-0.13501152	0.17485505	0.19323002	0.21840529	-0.18072855	-0.15400809	-0.14620852	0.13723947	-0.12150028	0.15136115	-0.2151457	-0.15126272	-0.15407321
-1.3135984	1.3506685	-1.391563	-1.3479153	1.3793576	1.297989	1.3055671	-1.2519037	-1.4339976	-1.317955	1.3036317	-1.293594	1.3467852	-1.2573922	-1.2548146	-1.3384798
0.9373201	-1.0047859	0.9581454	0.9790528	-1.0220377	-0.92765087	-0.91879606	0.9531324	0.9931244	0.9415981	-0.95382214	0.9933422	-0.93223554	0.9767519	0.9393583	1.010653
0.11544279	-0.055326585	0.050313994	0.11470233	-0.1070161	-0.105734915	-0.041736517	0.05809143	0.043498073	0.09654699	-0.088832274	0.055126313	-0.097942896	0.031114785	0.0522693	0.08346326
-0.71587515	0.6622133	-0.6686753	-0.6989691	0.7013872	0.67263883	0.66911644	-0.67880297	-0.75594425	-0.71007776	0.684842	-0.670898	0.6731408	-0.7138952	-0.6343039	-0.7174841
-0.057002384	0.0098707415	-0.05560584	-0.06868862	0.08602302	0.025690854	0.10469261	-0.115458354	-0.033967778	-0.04161185	0.032658365	-0.070306696	0.085390784	-0.12149124	-0.043489538	-0.029699033
-0.13640006	0.22401243	-0.25520533	-0.18668568	0.18811584	0.20505746	0.21944208	-0.19318642	-0.27670616	-0.19246845	0.20766933	-0.18289334	0.17129591	-0.19243652	-0.14357533	-0.16790558
-0.29693493	0.32562533	-0.36303583	-0.31880832	0.25257978	0.32764786	0.2434474	-0.2774608	-0.26516935	-0.29439297	0.28378925	-0.29797804	0.30429024	-0.26966342	-0.3058522	-0.2569418
-0.3256465	0.24239908	-0.29402527	-0.30608147	0.2678552	0.31540695	0.24234289	-0.26630193	-0.32724544	-0.26020816	0.2849884	-0.2504597	0.27153033	-0.31917334	-0.26635775	-0.2857608
0.48043913	-0.4740254	0.45139018	0.4948134	-0.50118905	-0.44183207	-0.42854893	0.4445568	0.44914818	0.4093784	-0.45178592	0.47062826	-0.4336775	0.44408646	0.46246845	0.51531655
0.3863947	-0.41080433	0.4199402	0.44541222	-0.4321877	-0.34061438	-0.3842119	0.42574182	0.3913196	0.38961956	-0.4313986	0.3736081	-0.41365117	0.3739081	0.3671715	0.39947203
-0.048095524	0.09142332	-0.036638077	-0.035069887	0.09375106	0.06364738	0.071525395	-0.10866359	-0.07678166	-0.08048226	0.108644955	-0.037097443	0.11212785	-0.079862714	-0.050463274	-0.025477437
-0.82002485	0.9850112	-1.0208678	-1.0566149	1.0157809	0.97076243	0.9687216	-1.0101507	-1.0883425	-0.9900489	1.0094434	-1.0177757	0.9646782	-1.0136008	-0.9312605	-1.0303866
-0.12003134	0.16149788	-0.10564563	-0.17660476	0.13672397	0.12331824	0.12678835	-0.10657831	-0.16541314	-0.15688089	0.110863365	-0.13553566	0.1907993	-0.13730146	-0.15144435	-0.1417833
0.05306064	0.0387338	0.06446164	-0.017915657	-0.030509358	0.009711661	-0.013877894	0.040234067	-0.0036264684	-0.009420271	0.0054124356	0.069319256	-0.022066947	-0.024190817	-0.03558574	0.0060769436
0.580007	-0.64905024	0.6085067	0.643148	-0.65097743	-0.61268115	-0.6365488	0.59909505	0.75361615	0.6863752	-0.6165572	0.6957787	-0.6283618	0.63933617	0.5922084	0.6573979
0.037838414	-0.2530453	0.3733231	0.2946672	-0.2557524	-0.2577641	-0.17375867	0.3647866	0.2219886	0.19861731	-0.221773	0.26764545	-0.31386745	0.23592769	0.27091601	0.23977843
-0.17859676	0.12688918	-0.15182285	-0.17907652	0.124190494	0.13611573	0.17081286	-0.12769066	-0.20270061	-0.18004201	0.105256476	-0.118823424	0.16573073	-0.1064627	-0.12682106	-0.12524977
-0.17003302	0.24682133	-0.22207439	-0.21617961	0.1957719	0.25368765	0.24421932	-0.2114734	-0.21416162	-0.2061048	0.18671452	-0.17967768	0.24897088	-0.19282095	-0.23755278	-0.25215945
0.0071358155	0.052546885	0.013242134	-0.03153981	-0.03593794	0.028450364	0.013419444	0.015510072	-0.052860368	0.03256541	0.034295566	-0.03876775	-0.032422595	-0.0038786274	-0.012891677	-0.0068751825
-0.0125189675	-0.08593963	0.03769406	0.060610887	-0.08565467	-0.030630015	-0.06620862	0.05006289	0.08937548	0.017591603	-0.07942393	0.04677998	-0.024057249	0.014484037	0.08916582	0.07874743
-0.2514051	0.22338721	-0.18199153	-0.19445975	0.22068805	0.24356207	0.2206873	-0.25563908	-0.20905714	-0.1685214	0.26142222	-0.22132646	0.23931876	-0.23485634	-0.1669786	-0.18964216
0.6741257	-0.6772201	0.72281116	0.6137228	-0.638123	-0.6829037	-0.6867309	0.67444134	0.6199912	0.6234803	-0.6569756	0.656169	-0.657776	0.694096	0.6614752	0.6373599
0.2905759	-0.32201317	0.35543013	0.32169843	-0.33275077	-0.26527458	-0.31338614	0.35047773	0.32923245	0.30657458	-0.29346466	0.27351478	-0.2802184	0.26520255	0.3162362	0.26265743
-0.21398392	0.18132508	-0.1847107	-0.11509843	0.12847346	0.16751793	0.15970257	-0.17184842	-0.11137118	-0.109045155	0.12844735	-0.13208343	0.1072159	-0.18671943	-0.18363325	-0.08532527
0.07223637	-0.08581222	0.03771802	0.11733321	-0.12928092	-0.049338292	-0.14145696	0.11220662	0.17358235	0.10547797	-0.13961947	0.17343558	-0.16409363	0.059811343	0.11581988	0.12927376
-0.03405679	0.16257286	-0.02102443	-0.17974058	0.12586702	0.07283083	0.12453304	-0.06448843	-0.18408833	-0.16520499	0.1757895	-0.116812065	0.15123849	-0.08769504	-0.113635086	-0.186105
-0.145571	0.15189414	-0.12367329	-0.15091653	0.20271996	0.1568938	0.12198005	-0.18304963	-0.12932281	-0.18897392	0.17858574	-0.13991131	0.16617513	-0.17497806	-0.14577757	-0.13571835
-0.3418601	0.2599695	-0.26486382	-0.31549177	0.250409	0.2922126	0.25186506	-0.33071733	-0.3281901	-0.32277521	0.27037898	-0.29441696	0.30175057	-0.28581986	-0.30584165	-0.2921771
0.21734959	-0.22611697	0.1680336	0.19180134	-0.27577373	-0.2657059	-0.19926651	0.2605257	0.2443929	0.20605108	-0.22866464	0.24818577	-0.25121516	0.1922098	0.25127664	0.21817158
0.55513126	-0.56545234	0.5594815	0.4738681	-0.5914127	-0.5114897	-0.57078934	0.5151672	0.598305	0.5223429	-0.57797194	0.52022725	-0.51524335	0.52463245	0.5038391	0.5341467
-0.55302095	0.5208973	-0.6578901	-0.47630167	0.5114812	0.54663974	0.58619803	-0.6111965	-0.5162341	-0.5599595	0.4935798	-0.56632435	0.555063	-0.59685713	-0.5270684	-0.5552368
0.1806932	-0.28528312	0.20257875	0.22059059	-0.22991541	-0.21740925	-0.28370658	0.2998627	0.3136124	0.19767098	-0.20896229	0.2941779	-0.2268666	0.282687	0.23475786	0.24796772
0.487474	-0.5525048	0.5369565	0.59865546	-0.5890326	-0.49008417	-0.53100985	0.5484595	0.6510734	0.5874446	-0.605613	0.5819548	-0.56616855	0.52889663	0.5291801	0.5438583
0.15724039	-0.20664375	0.1924725	0.22291814	-0.24781966	-0.17960607	-0.18723904	0.22864644	0.27073377	0.22146711	-0.20538303	0.2563901	-0.2386477	0.25667977	0.24398291	0.2576633
-0.016756395	0.023683269	-0.023589306	-0.026631134	0.02127426	-0.011620379	-0.05331248	0.040565457	0.049107987	0.053150248	-0.020479018	0.017760938	0.018866139	-0.0084414715	-0.04996985	0.0095839165
-0.105579734	0.10885668	-0.06349163	-0.03078628	0.101891294	0.032575317	0.120249406	-0.036690403	-0.020528672	-0.04192416	0.1148472	-0.06874323	0.056243163	-0.054047946	-0.0612607	-0.119198054
-0.61449546	0.6266176	-0.6353536	-0.60921526	0.6086347	0.57120454	0.6284912	-0.599804	-0.7155856	-0.5833199	0.6753748	-0.6253114	0.650987	-0.6300367	-0.59400475	-0.624379
0.6883654	-0.667799	0.6558913	0.67180926	-0.70202905	-0.65246063	-0.71122265	0.72870326	0.74494654	0.6765858	-0.7283781	0.7001936	-0.6922069	0.7201821	0.6680789	0.6979938
0.47338504	-0.50822985	0.41839683	0.49677962	-0.49467486	-0.45800555	-0.4564869	0.50776696	0.5694258	0.46442163	-0.5124965	0.4725565	-0.443825	0.52022576	0.4657324	0.5215301
-0.7695208	0.7401332	-0.815863	-0.8115171	0.78036433	0.7678863	0.7533513	-0.81949294	-0.8295801	-0.75817776	0.81855065	-0.73987144	0.7627764	-0.72656196	-0.74008054	-0.7893498
-0.1698055	0.21061863	-0.24454372	-0.26210794	0.30748296	0.21534981	0.2628985	-0.23748754	-0.23835908	-0.20694876	0.28858843	-0.22682099	0.22618273	-0.20366083	-0.19961075	-0.27975512
0.9617653	-1.0363004	0.9551456	0.9772796	-1.0779229	-0.9747126	-0.97154367	0.969811	1.0430328	1.005254	-1.0122333	1.0470973	-1.0283399	1.0116162	0.9850865	1.0293138
0.008984669	-0.034858134	0.0340988	0.038988017	-0.040002447	-0.08904127	-0.04191003	0.040191773	0.03424696	-0.0038065698	-0.08047871	-0.0049291817	-0.025522681	0.07818447	0.052671943	0.06235768
0.13789152	-0.12170471	0.13602819	0.09718412	-0.12992644	-0.14543058	-0.08879272	0.1577425	0.12764998	0.13846879	-0.13265575	0.13191946	-0.07209175	0.08294614	0.08595917	0.1636045
0.92776996	-0.94781834	0.9418941	0.96229976	-0.9669249	-0.95537347	-0.9197786	0.9475276	1.0164351	0.9766168	-0.94013876	0.990628	-0.9283405	0.96717626	0.9554719	1.0494022
-1.0105296	1.042068	-1.0225906	-1.0040307	1.0466093	1.0227362	1.0566534	-0.98932445	-1.0676669	-1.0297307	1.0306673	-1.004204	1.0586227	-1.0317905	-0.9700998	-1.1048434
0.06945691	-0.020049412	0.028501885	-0.013807967	0.005365005	-0.021098899	-0.08463206	0.059584394	0.025129125	0.04633152	-0.031257197	0.053881086	-0.045552455	0.08508559	0.012376572	0.07313591
0.24297504	-0.27453133	0.25147632	0.28707063	-0.29299033	-0.21613604	-0.23340401	0.27416927	0.24447602	0.21984626	-0.234501	0.31131485	-0.25133324	0.24747017	0.24728085	0.2436033
0.08028178	-0.11446045	0.096230656	0.062077176	-0.10832795	-0.11915908	-0.06994309	0.09540554	0.12419806	0.09250237	-0.038079485	0.05683776	-0.022861682	0.063797876	0.071219064	0.117786385
0.21881285	-0.18592471	0.1898185	0.11702569	-0.15244468	-0.13422495	-0.14766967	0.18336442	0.11705034	0.14145532	-0.1595984	0.17252156	-0.17475072	0.14438672	0.19007176	0.19140631
0.11631051	-0.18398306	0.034184895	0.08313361	-0.09246417	-0.14313164	-0.114940055	0.11055295	0.15612365	0.075106785	-0.1109454	0.098620504	-0.09643027	0.10272086	0.073001735	0.14792742
-0.30402356	0.37886387	-0.37825423	-0.34617597	0.3502742	0.318953	0.30067563	-0.30628327	-0.36686245	-0.32994488	0.3033822	-0.35056388	0.34030923	-0.33676016	-0.30477303	-0.38064614
-0.47056937	0.45956245	-0.4720906	-0.47590557	0.5545758	0.5020088	0.49767253	-0.4919665	-0.56823885	-0.52298117	0.49864	-0.4970253	0.5368083	-0.53573364	-0.4790817	-0.53200763
-0.36894888	0.38129744	-0.36356524	-0.4170277	0.44043446	0.4051471	0.38836285	-0.40136606	-0.4598528	-0.41445896	0.37523928	-0.44974574	0.37157032	-0.37768087	-0.41497073	-0.4324643
0.10283615	-0.051008277	0.08209777	0.14033863	-0.1602701	-0.04125006	-0.10898338	0.10182662	0.12287297	0.05291303	-0.073260136	0.08792084	-0.12715653	0.09844071	0.055220675	0.062335394
-0.1823895	0.18517733	-0.15244672	-0.17876558	0.15798481	0.17670953	0.19943967	-0.19199435	-0.20017931	-0.19059955	0.21878763	-0.1780678	0.20598374	-0.19476756	-0.17316672	-0.1830729
-0.044892773	0.11355238	-0.056922894	-0.12775081	0.092178576	0.090026885	0.10330059	-0.09682084	-0.10740022	-0.06830374	0.07949131	-0.054766692	0.114788845	-0.041601848	-0.044347532	-0.110858366
-0.49473888	0.44188604	-0.51921314	-0.43015176	0.47877797	0.55221444	0.48317808	-0.5415399	-0.4564685	-0.4509862	0.47983214	-0.48307863	0.43399286	-0.45167378	-0.4709816	-0.5211213
0.77925926	-1.0308671	0.94495255	0.9960798	-1.0470344	-0.9747212	-0.9376238	0.92542225	1.1727325	1.0040717	-0.9828671	1.0474093	-0.95762634	1.0078875	0.89984417	1.120877
0.023411265	-0.051188167	0.016502876	0.009398421	-0.044218026	-0.06745128	-0.11220519	0.0507879	0.081602365	0.033502404	-0.117463365	0.04609994	-0.028950565	0.09696537	0.10098695	0.029763214
-0.22365539	0.2530256	-0.20163742	-0.30317065	0.2756271	0.2963842	0.21975227	-0.19994995	-0.24583982	-0.29661518	0.21928978	-0.30601016	0.28866813	-0.23615266	-0.27596653	-0.2879534
0.6055575	-0.61655414	0.6166312	0.58654517	-0.61190116	-0.5735203	-0.6210037	0.5441921	0.67521435	0.5917982	-0.64117944	0.65360993	-0.5687306	0.5655462	0.56670076	0.6996235
-0.48295704	0.59498966	-0.50646406	-0.58371514	0.5566542	0.5518924	0.53148276	-0.5079806	-0.55011874	-0.5611745	0.50959295	-0.5749597	0.5413313	-0.48670706	-0.5567848	-0.53325975
0.39305463	-0.47299024	0.39041767	0.42590147	-0.5168808	-0.4134491	-0.45377663	0.43439156	0.5157328	0.4471363	-0.4738251	0.4568333	-0.46253228	0.4894304	0.45351174	0.4980397
-0.12195807	0.04158017	-0.084277175	-0.041861605	0.111268334	0.11918061	0.10644778	-0.12052469	-0.05580355	-0.092060804	0.115079716	-0.09845068	0.120956585	-0.08099485	-0.11591078	-0.108444296
-0.11532846	0.1719325	-0.12987685	-0.21669571	0.16057919	0.2095312	0.17637368	-0.18959123	-0.16261266	-0.20347798	0.23185575	-0.22311366	0.1855909	-0.15269282	-0.16125795	-0.14109953
0.03139023	0.02085303	-0.09827087	0.004516004	0.03016263	0.021515492	0.023418365	-0.02447041	-0.032762967	-0.03152683	0.042666204	-0.012501446	0.083810255	-0.023260783	-0.044478025	-0.018781492
0.59209865	-0.6928082	0.6667017	0.65711325	-0.6662276	-0.65169567	-0.68026656	0.6864907	0.7431738	0.70903766	-0.6555542	0.66305274	-0.65705866	0.67055815	0.6095331	0.7088355
-0.06099094	0.11519124	-0.10416199	-0.08507291	0.08682704	0.063767456	0.0863317	-0.07093764	-0.106541395	-0.10771607	0.09128155	-0.07131279	0.11122677	-0.087307684	-0.04024674	-0.07604669
0.5430296	-0.6299437	0.6465726	0.62079215	-0.6501031	-0.5764213	-0.64040136	0.6450249	0.66534454	0.648516	-0.62284064	0.60763556	-0.6509734	0.6466131	0.5544457	0.67696077
0.04752023	-0.07125351	0.036506757	0.008950001	-0.00032074735	0.0018518008	-0.01735833	0.015421227	0.058777146	0.05401913	-0.05814878	0.08749204	-0.038249042	-0.0044178017	0.020928156	0.04636714
1.0430422	-1.0484954	1.1346985	1.1323199	-1.0861915	-1.0455225	-1.060922	1.0192602	1.2079741	1.1317657	-1.1107508	1.1701508	-1.1216636	1.1286978	1.1099435	1.1521883
-0.19117887	0.16049868	-0.21185452	-0.19908425	0.20022832	0.16068296	0.20494135	-0.17488946	-0.18981121	-0.14248538	0.20386137	-0.1426047	0.16313781	-0.22753978	-0.19179569	-0.20324637
0.201718	-0.2506806	0.1704374	0.23662353	-0.25380245	-0.25122494	-0.3239761	0.28182772	0.25837904	0.29879245	-0.27178356	0.26864168	-0.23961282	0.24325909	0.28669763	0.30276078
0.10111632	-0.08477047	0.13369845	0.13031699	-0.15946826	-0.097319685	-0.075948276	0.1783514	0.16644454	0.10844723	-0.06946336	0.15913552	-0.06743072	0.091484964	0.0740105	0.07481794
-0.47701353	0.45204386	-0.4655025	-0.47204316	0.39671037	0.41898248	0.40465945	-0.4960694	-0.4145189	-0.39131406	0.48974898	-0.46350783	0.39916176	-0.46383014	-0.46173945	-0.39985672
-0.20246576	0.25458294	-0.27971032	-0.3243216	0.35056236	0.3107164	0.29798225	-0.2858442	-0.33555555	-0.35352042	0.3304136	-0.3675779	0.2926162	-0.28099242	-0.3221182	-0.3535725
-0.74991775	0.6790483	-0.75762933	-0.7117261	0.7347066	0.7503958	0.6658967	-0.71457636	-0.72877955	-0.68469393	0.7265981	-0.6963206	0.6679411	-0.74237156	-0.6938816	-0.76821434
-0.58798116	0.61184925	-0.6763081	-0.6297015	0.64367473	0.6199315	0.659113	-0.67170304	-0.66587305	-0.5965584	0.6547097	-0.6135283	0.6762138	-0.60799855	-0.6482515	-0.6258842
0.39658692	-0.47698227	0.42816174	0.48626733	-0.4288852	-0.41328678	-0.4530823	0.39374858	0.4989566	0.47840655	-0.42838213	0.50680614	-0.48133445	0.4263404	0.41217732	0.48846325
0.5725403	-0.5864571	0.58636373	0.52851915	-0.58748364	-0.5039271	-0.58385634	0.55612	0.5264765	0.5262357	-0.5003445	0.56585044	-0.5153871	0.5542036	0.5173013	0.5224083
-0.08424424	-0.00583792	-0.15476528	-0.084458366	0.059035856	0.0524982	0.1004214	-0.07470385	-0.018401477	-0.09619022	0.04281298	-0.03568848	0.10528468	-0.109835826	-0.082440875	-0.060140587
-0.6417239	0.71802783	-0.6967767	-0.6406924	0.7051547	0.6430632	0.64140385	-0.69627154	-0.7615245	-0.7293618	0.7431156	-0.66469353	0.70942223	-0.72747266	-0.6827746	-0.6986673
-0.0025912842	0.039777488	-0.042360835	-0.025313852	0.05402545	0.06583777	0.044218346	-0.010789897	-0.02907441	-0.030731874	0.044595815	-0.03326385	-0.008003071	-0.068033606	-0.059652418	-0.042600047
-0.7783434	0.8623409	-0.8310106	-0.83237165	0.88911116	0.8650613	0.86777085	-0.8374522	-0.9033617	-0.81342304	0.8225169	-0.82771444	0.8158843	-0.77906346	-0.8050471	-0.9044156
0.5697944	-0.6421572	0.644712	0.5852415	-0.66200566	-0.5692467	-0.56537867	0.66051424	0.7113913	0.6117231	-0.6332786	0.669244	-0.5843225	0.6280931	0.61070144	0.66072446
0.04183707	-0.03991786	0.04809809	0.060612224	-0.044689856	-0.048684027	-0.10345917	0.107079655	0.02934357	0.03616582	-0.013728119	0.10259992	-0.072215505	0.045059916	0.087407574	0.104316026
-0.48575923	0.43925703	-0.49730226	-0.45056102	0.44527856	0.49555755	0.5286632	-0.524028	-0.47824377	-0.46368718	0.49198207	-0.46094856	0.48709276	-0.5147596	-0.46985337	-0.46217236
0.15375532	-0.08907692	0.048428826	0.08661614	-0.09727179	-0.07436041	-0.10452511	0.107694164	0.07054061	0.060923256	-0.019347038	0.027677767	-0.07450705	0.08686079	0.09617764	0.07963057
-0.104673184	0.096182756	-0.09518929	-0.09500542	0.09378016	0.16688126	0.07799117	-0.08949613	-0.10892942	-0.155401	0.11341477	-0.12411141	0.14223799	-0.1651113	-0.16887467	-0.13873196
0.026836239	-0.039554574	0.030373517	-0.011120725	-0.010575868	0.0184678	-0.0034580808	0.00040998598	0.070286185	0.025966465	-0.0262503	-0.0046582026	-0.038526997	0.045662712	-0.023863403	0.017146427
0.9124535	-0.9472286	0.92190605	0.9249061	-1.0426843	-0.95838386	-0.9158818	0.9639859	1.0514921	0.9857276	-0.93126786	0.94661105	-0.96832925	0.9670542	0.89802366	0.96175593
-0.508647	0.5237559	-0.51939374	-0.51662904	0.49265188	0.5050797	0.4708536	-0.46177745	-0.54296637	-0.5430747	0.47492734	-0.4551981	0.46281677	-0.4771305	-0.47694644	-0.49275565
0.62029684	-0.7207819	0.6806718	0.6647927	-0.6435808	-0.66809773	-0.6689962	0.69020027	0.7210864	0.6246505	-0.7133756	0.6645189	-0.6808806	0.6900841	0.6972863	0.6987114
0.8366162	-0.8154863	0.78732306	0.83157057	-0.7819886	-0.7486406	-0.75662684	0.7685088	0.85825557	0.7593684	-0.7836758	0.84567875	-0.7506482	0.7716155	0.76596767	0.84912175
-0.043694638	0.064884774	-0.06877886	-0.055432968	0.086482115	0.05647691	0.11394171	-0.08490749	-0.12170275	-0.07253696	0.036742657	-0.034790482	0.03959445	-0.10510471	-0.10074389	-0.08176504
0.08329328	-0.0019863637	0.07640136	0.074778505	-0.052761365	-0.0010506067	-0.08512227	0.12561491	-0.00700795	0.015645238	-0.043080382	0.07802282	-0.0579556	-0.010502493	0.037332684	0.07519625
0.15314658	-0.21318376	0.08574714	0.21212201	-0.19174346	-0.14048149	-0.12507243	0.17871161	0.16577278	0.21173713	-0.18722199	0.20061485	-0.1661567	0.21188699	0.1716881	0.2277292
1.0341773	-1.0285908	1.0325524	1.0065719	-1.0693854	-0.9789372	-1.0689739	0.9869603	1.0832787	1.002131	-1.0617441	1.0347376	-1.0559483	0.99879384	1.0213827	1.1523504
0.33477825	-0.26131168	0.35002196	0.22491626	-0.25312436	-0.24778251	-0.30800626	0.22790097	0.28394252	0.26524407	-0.2784475	0.2799744	-0.28235006	0.2546767	0.26531664	0.24241568
0.13045195	-0.12914601	0.13009685	0.07207705	-0.10289983	-0.14538392	-0.10052826	0.15440312	0.12571022	0.072413094	-0.1454562	0.09382213	-0.12593298	0.08484249	0.15825489	0.122188434
-0.05708417	0.0746933	-0.10413134	-0.10127787	0.012724785	0.07674989	0.035062075	-0.08680997	-0.06396671	-0.09443389	0.071352474	-0.050582726	0.045562737	-0.116422534	-0.050045613	-0.09539221
-0.4811844	0.48437536	-0.52841663	-0.49773246	0.5035322	0.53962487	0.50921494	-0.5346012	-0.56278783	-0.5193331	0.48580027	-0.53400934	0.4743735	-0.5371703	-0.5329069	-0.5086725
-0.25470474	0.17306358	-0.2811477	-0.24095248	0.23365875	0.18640211	0.1914494	-0.24537416	-0.20469041	-0.22843094	0.22158195	-0.23350313	0.21538715	-0.25827375	-0.2449358	-0.25481635
0.14327696	-0.14380533	0.14241523	0.18307988	-0.18202719	-0.12290749	-0.12387674	0.083801776	0.2416223	0.17387517	-0.1821049	0.19414832	-0.13504851	0.12089977	0.14146093	0.16155861
0.058422107	-0.20072357	0.09877717	0.1148894	-0.1476086	-0.14132425	-0.14656022	0.07543526	0.23336112	0.19334982	-0.20026855	0.1363111	-0.11777672	0.12712665	0.123583265	0.14920343
0.17737967	-0.13907893	0.2632774	0.16743493	-0.19433844	-0.20349087	-0.21699996	0.18959811	0.13557525	0.14751425	-0.1537501	0.14853774	-0.15980268	0.23116365	0.16633683	0.21099238
0.10334551	-0.09459917	0.14125338	0.1265642	-0.1540245	-0.1101412	-0.14837357	0.103228986	0.06694457	0.13678792	-0.07669531	0.1240209	-0.096415855	0.126946	0.06377843	0.11945313
-0.19696182	0.24694179	-0.2274779	-0.21487781	0.22390418	0.22814554	0.18528537	-0.17720921	-0.3018637	-0.24743116	0.27507186	-0.22178875	0.26814577	-0.24600646	-0.17892592	-0.2985599
-0.37655044	0.4803699	-0.43898642	-0.4066049	0.4233379	0.42456007	0.45782095	-0.4326292	-0.54409665	-0.43414372	0.50204283	-0.4803142	0.44797182	-0.44660926	-0.38704655	-0.44386265
0.48590636	-0.5004958	0.50762343	0.45915452	-0.52106977	-0.47763643	-0.501954	0.49724397	0.55876625	0.4886926	-0.49715212	0.55643576	-0.49172425	0.48126626	0.49133393	0.57203364
-0.020194286	0.01306413	0.009732279	-0.025475489	0.019257534	0.052530646	0.0035593433	-0.012687845	0.0021344326	-0.0020053715	0.0070105116	-0.038302865	0.06911734	-0.07118058	-0.068766385	-0.028872639
0.42229307	-0.38974217	0.44233322	0.38786778	-0.41340584	-0.3917395	-0.38487267	0.34614572	0.44431737	0.38642573	-0.40360558	0.43509436	-0.42355308	0.39619628	0.3926089	0.4151758
-0.18971504	0.21788603	-0.2324676	-0.165667	0.25773448	0.17578004	0.22777914	-0.22656599	-0.17512596	-0.20339023	0.22299962	-0.2650717	0.19002394	-0.22861837	-0.15444696	-0.17420498
-0.64367425	0.7509743	-0.63037235	-0.72399783	0.690037	0.70231605	0.67321855	-0.73303384	-0.8084474	-0.7193358	0.71765393	-0.69347286	0.7124388	-0.67962635	-0.7324335	-0.70854056
-0.10878692	0.1676497	-0.17140917	-0.21211207	0.23169626	0.14944826	0.1752656	-0.16654845	-0.23986797	-0.18658035	0.18383946	-0.20322919	0.19712913	-0.16821913	-0.17783041	-0.20882472
1.1784027	-1.2576281	1.2124068	1.1814728	-1.2689557	-1.1573608	-1.1796172	1.2051507	1.3188787	1.2063527	-1.185767	1.2710203	-1.2085158	1.2025493	1.1787821	1.2792765
-0.004362448	0.12616195	-0.1050289	-0.09477506	0.16254516	0.015119663	0.035991404	-0.046549328	-0.14585058	-0.12464502	0.10521396	-0.13066033	0.14360867	-0.09830943	-0.034355655	-0.13798594
0.2962707	-0.27860856	0.29606727	0.29627982	-0.37482014	-0.26364586	-0.3211401	0.26311344	0.36789986	0.31895274	-0.32277176	0.35829163	-0.3194703	0.32835272	0.25309855	0.29715815
0.7429373	-0.79824865	0.65151316	0.7843295	-0.7904282	-0.72179294	-0.7778771	0.7593305	0.8173926	0.7641625	-0.7124946	0.7763547	-0.747082	0.73435754	0.71619695	0.74014086
-0.2897742	0.22227511	-0.29797027	-0.23018104	0.27865067	0.2170908	0.23305985	-0.31738386	-0.26858804	-0.2847536	0.22030976	-0.22576629	0.26053238	-0.26623943	-0.28853473	-0.25162187
-0.51603085	0.568237	-0.6569173	-0.63392913	0.61584765	0.5716246	0.6369379	-0.58217204	-0.6340487	-0.6505559	0.6026297	-0.6712039	0.56180584	-0.57243776	-0.5306759	-0.63148427
0.88043904	-0.93924475	0.9718505	0.9080248	-0.92710876	-0.95795465	-0.88722456	0.9065104	0.93955123	0.91659504	-0.8818889	0.92027915	-0.9208578	0.9564337	0.9013791	1.0131934
-0.09855066	0.029758144	-0.10048072	-0.031825636	0.040817663	0.06824376	0.048094854	-0.096059404	-0.048527252	-0.0344828	0.09358781	-0.115671515	0.048801217	-0.12134043	-0.032717094	-0.035428166
0.08856103	-0.08026665	0.16008565	0.12593974	-0.10006393	-0.14577445	-0.11565423	0.17029189	0.08793897	0.08633116	-0.16120547	0.16045724	-0.12850428	0.14611115	0.07382169	0.13577996
0.23412564	-0.33531007	0.30208385	0.3097588	-0.33441845	-0.2473687	-0.30403545	0.3039658	0.33764535	0.24267603	-0.33640766	0.2666793	-0.30506632	0.27019417	0.2967529	0.2528064
-0.190989	0.10491518	-0.15196091	-0.19339128	0.20562875	0.118231334	0.12426555	-0.17856555	-0.19242378	-0.19342192	0.20312035	-0.19661719	0.115827955	-0.2001013	-0.14655662	-0.1477262
-0.11962279	0.1592943	-0.13269588	-0.19070947	0.18609293	0.110895485	0.10363537	-0.16503184	-0.19134714	-0.111364715	0.17163405	-0.094720356	0.10246327	-0.111982554	-0.12934923	-0.16596732
-0.01635475	-0.012204029	0.0052471855	0.029835057	0.04594063	-0.0021698873	0.04181891	0.02130393	0.051657815	0.033684835	0.061007094	0.0066033495	-0.012884801	-0.065058455	-0.05232042	-0.059395593
-0.8397698	0.8932558	-0.8747379	-0.85856926	0.83319783	0.89557976	0.8853727	-0.85733414	-0.88238984	-0.8273152	0.8726237	-0.8544258	0.79117584	-0.82496136	-0.84376854	-0.9173338
-0.12979357	0.15797397	-0.19167152	-0.21103583	0.1661202	0.1713199	0.17689005	-0.15974396	-0.2040019	-0.15262601	0.18044767	-0.20510767	0.1341551	-0.16374986	-0.11014187	-0.11045575
1.0488927	-1.1084546	1.0665658	1.1187283	-1.0950154	-1.0567364	-1.099086	1.1096959	1.1603683	1.0553548	-1.1120436	1.0862443	-1.1340934	1.0606663	1.0693051	1.1438903
-0.11098556	0.10779149	-0.034709323	-0.037914157	0.033933945	0.037490733	0.030591397	-0.06277921	-0.09335775	-0.08519414	0.019221883	-0.10101661	0.01991514	-0.048761707	-0.029083414	-0.042881027
0.27321827	-0.27462465	0.25782815	0.27152246	-0.248207	-0.33241162	-0.27211076	0.34552118	0.34984055	0.32494375	-0.28105906	0.2694117	-0.28983772	0.29232216	0.2907323	0.25737292
0.17303038	-0.13019066	0.2081601	0.15324321	-0.13099442	-0.20315506	-0.16472489	0.20509848	0.16558152	0.19540101	-0.1369671	0.12149185	-0.107942745	0.12685873	0.12565209	0.1484808
0.5406736	-0.5295051	0.54768944	0.56767327	-0.54449934	-0.53700584	-0.5707245	0.54045635	0.566419	0.5170993	-0.53813004	0.5861668	-0.54816985	0.51267225	0.51136786	0.5488124
-0.11665951	0.13232484	-0.102409154	-0.12644848	0.12052167	0.15954988	0.08589421	-0.17744115	-0.10505959	-0.10520275	0.14044175	-0.122722834	0.13542897	-0.14631575	-0.15056497	-0.111570664
0.69116205	-0.66995806	0.7051858	0.58677083	-0.66674405	-0.6324034	-0.63561803	0.69675404	0.68167895	0.64716583	-0.567537	0.5705518	-0.5970189	0.6286143	0.64613163	0.6195897
0.12417538	-0.15308967	0.16946504	0.13042718	-0.10199239	-0.10676039	-0.19469085	0.19337913	0.116357096	0.14413168	-0.103830434	0.095759906	-0.11814892	0.097339936	0.17205746	0.14973603
0.28801173	-0.3024273	0.30486995	0.27429324	-0.3548078	-0.35671595	-0.31954023	0.37154874	0.33175024	0.33011487	-0.36811072	0.27688646	-0.31033367	0.30126768	0.27339697	0.36097783
-0.2512482	0.1827209	-0.24666306	-0.15081792	0.15758133	0.15664732	0.14897972	-0.18399958	-0.1824737	-0.1285117	0.17939925	-0.12074607	0.19434828	-0.19694163	-0.17045422	-0.21430525
-0.7388599	0.8019219	-0.7639324	-0.80912745	0.8637651	0.73746216	0.8343601	-0.8166237	-0.8634429	-0.8145735	0.86215526	-0.8241763	0.8314543	-0.8269714	-0.7736712	-0.86793184
-0.12606452	0.07468503	-0.17020245	-0.10857928	0.08832261	0.15083882	0.14189513	-0.09854885	-0.059802867	-0.08588547	0.048799437	-0.1332905	0.041848138	-0.14662407	-0.1253061	-0.08920953
-0.06936527	-0.029993277	-0.0016519626	-0.06087167	0.03187664	0.08077476	0.0692336	-0.077774644	-0.022103442	0.016685473	0.019933837	0.022535333	-0.015066617	0.012061558	-0.07236824	-0.032110605
0.5418112	-0.54393876	0.4783458	0.5300051	-0.5112832	-0.52019197	-0.52132356	0.48406315	0.5287465	0.5330373	-0.49826172	0.4956676	-0.47048762	0.55696785	0.51882136	0.50906515
0.17550997	-0.30013958	0.26425964	0.25800946	-0.26564378	-0.26212084	-0.21222709	0.27112636	0.2748413	0.23234804	-0.25448388	0.26916748	-0.28420857	0.26203084	0.23726754	0.2794165
1.055403	-1.0679989	1.111151	1.0513124	-1.1671612	-1.0483007	-1.1368605	1.1041218	1.1497784	1.1136948	-1.0874882	1.1484456	-1.1085844	1.1325904	1.0452257	1.1803061
-0.14156982	0.18830049	-0.10620056	-0.13561273	0.20713	0.10804329	0.13466638	-0.08725092	-0.18824278	-0.11680053	0.13151018	-0.15853365	0.18064106	-0.090098985	-0.17959942	-0.20709392
-0.1418675	0.11142094	-0.17682722	-0.12681353	0.146047	0.08220922	0.13261321	-0.16182008	-0.092627555	-0.13273384	0.07617602	-0.12948291	0.15348546	-0.07222818	-0.1445974	-0.09509388
0.49217466	-0.5210349	0.51234466	0.510259	-0.557885	-0.5143615	-0.50471395	0.4846407	0.5570431	0.537752	-0.51472664	0.5286536	-0.4796221	0.49272344	0.5001057	0.50072545
0.07490361	-0.14646263	0.15100339	0.13364439	-0.12817504	-0.09449115	-0.17248324	0.20183691	0.17223097	0.12482061	-0.16792832	0.13109457	-0.16857533	0.10048043	0.15842785	0.11989889
0.38233244	-0.33220887	0.35957825	0.3235635	-0.37274832	-0.33121437	-0.34276175	0.37697196	0.35550818	0.3308459	-0.28624284	0.33818537	-0.32955617	0.38026538	0.35862783	0.31853586
0.7181494	-0.74417156	0.7501109	0.76197255	-0.8220909	-0.75961065	-0.79572326	0.71067274	0.82392853	0.72072786	-0.7687306	0.7786184	-0.74799424	0.7335681	0.72852534	0.7909661
-0.59578973	0.6441109	-0.6440055	-0.5984608	0.60790586	0.58494383	0.573794	-0.57278997	-0.5988782	-0.643791	0.6167899	-0.6370718	0.6468238	-0.5901996	-0.5854203	-0.6164272
0.42144185	-0.4309784	0.3695017	0.4332628	-0.42757002	-0.42842308	-0.39411497	0.47314247	0.47876227	0.3879547	-0.41917142	0.41365516	-0.42710507	0.4295917	0.36758962	0.45201927
0.21332425	-0.24822834	0.19687574	0.2948417	-0.21562618	-0.24488343	-0.280369	0.15292965	0.30453137	0.20702566	-0.28886628	0.2743254	-0.20972936	0.22719936	0.25364262	0.28201455
-0.19694369	0.1702709	-0.17400195	-0.19702646	0.18186475	0.22512017	0.24364664	-0.14042746	-0.2125577	-0.20696157	0.18230654	-0.1896334	0.18766743	-0.23526166	-0.19437455	-0.20080003
0.20658699	-0.18240073	0.15819828	0.10197548	-0.12400508	-0.13689528	-0.21107723	0.13709293	0.12487197	0.17421441	-0.14083016	0.16296265	-0.18236122	0.206614	0.11831722	0.17466955
0.076135606	-0.029176634	0.031485498	0.06052309	-0.030100731	-0.05163676	-0.0064830957	0.056075543	-0.023429554	0.035724327	-0.0549512	0.06677043	0.025224531	0.06477916	0.023678092	-0.020046597
1.0302601	-1.043291	1.0572263	1.073992	-1.0455644	-1.0101023	-1.0772378	0.98559695	1.0588657	1.0642903	-1.0824677	1.0979058	-1.0589944	1.0452257	1.0327171	1.0481304
-0.7526481	0.7656856	-0.83257884	-0.7781289	0.88364446	0.76648	0.76815903	-0.7711216	-0.87411237	-0.7985599	0.81627876	-0.8238171	0.7674567	-0.8279139	-0.750225	-0.8382271
-1.1474578	1.3057402	-1.2794142	-1.2829049	1.321621	1.206848	1.2106162	-1.2402753	-1.3669459	-1.2187046	1.3204014	-1.2899314	1.2732682	-1.1867753	-1.1817944	-1.2879351
0.39298692	-0.33287716	0.4259423	0.33613968	-0.3389934	-0.31606978	-0.31649846	0.35783455	0.31555948	0.29897025	-0.3416067	0.34296778	-0.34235293	0.31630248	0.3405829	0.3121486
-0.86134106	0.9193834	-0.9978374	-0.89313316	0.9762791	0.9075161	0.90719527	-0.90245646	-0.97452515	-0.9468024	0.9446223	-0.9739344	0.9138133	-0.8588368	-0.91332376	-0.9431801
-0.29163688	0.3329113	-0.28682655	-0.2689377	0.26940933	0.29674658	0.2721148	-0.2894529	-0.27928823	-0.3034192	0.2671235	-0.2489861	0.2737404	-0.3314521	-0.32141668	-0.32229286
0.98824984	-1.015001	0.9938555	1.0300342	-1.0571114	-1.0767496	-1.0815089	1.0378959	1.1337128	1.0718274	-1.0407284	1.1064428	-1.0174973	1.0405147	0.9953806	1.1669368
0.38418168	-0.34111875	0.30851892	0.32217944	-0.33355355	-0.3624808	-0.33806887	0.4193971	0.3756397	0.32615447	-0.3281196	0.38511333	-0.29968122	0.31637317	0.35956168	0.33685598
-0.27892488	0.2712653	-0.18450326	-0.20371944	0.25082254	0.21245019	0.18889675	-0.21133056	-0.21555828	-0.20010196	0.19621368	-0.1714553	0.21851876	-0.20781876	-0.25345716	-0.18422453
0.15056977	-0.17759435	0.13231051	0.20421942	-0.17312719	-0.1933068	-0.24014425	0.17892386	0.21687652	0.16777268	-0.2455944	0.19179049	-0.17882322	0.18798329	0.1806045	0.17377935
-0.07302694	0.11251612	-0.11864925	-0.127376	0.028621122	0.0414195	0.09727986	-0.11468439	-0.02663473	-0.034544896	0.048820086	-0.06896867	0.1172407	-0.021131385	-0.04362014	-0.044042077
0.8373159	-0.9772299	0.9171023	0.96677786	-0.94684666	-0.8816949	-0.89553225	0.94262844	1.0387336	0.97651213	-0.9560629	0.9625743	-0.90794516	0.9244103	0.94020426	0.9752401
-0.3881868	0.40618828	-0.32838053	-0.36183655	0.42455742	0.3900075	0.40624517	-0.36319128	-0.39360452	-0.36688098	0.4584291	-0.36656582	0.40028116	-0.38257736	-0.40329048	-0.46547392
-0.049948458	0.023135372	-0.06746058	-8.238469e-05	0.04111363	0.04099834	0.042588003	-0.032165635	-0.007913352	-0.03910306	0.043120153	-0.005366622	0.07175449	-0.009264626	-0.070734076	-0.011507196
0.21935776	-0.18931647	0.17768092	0.2393332	-0.2588562	-0.18738195	-0.16773334	0.16813962	0.19222993	0.25777543	-0.263979	0.26495278	-0.24368222	0.21305785	0.16204265	0.17720103
-0.18384366	0.19887355	-0.23569544	-0.18123734	0.16826557	0.22985707	0.15533198	-0.15503924	-0.16474503	-0.21238153	0.23223828	-0.19762065	0.22516118	-0.17407343	-0.20767145	-0.24171683
0.50131464	-0.5288363	0.51805824	0.51007324	-0.6082282	-0.5714204	-0.53967756	0.5779521	0.5335809	0.5456272	-0.60289544	0.51692015	-0.5460366	0.5645165	0.541758	0.56432605
-0.6141645	0.5709721	-0.62135595	-0.57736576	0.5436169	0.6209705	0.6260646	-0.51591015	-0.610881	-0.53435117	0.62913305	-0.54068744	0.6083033	-0.6182422	-0.52455854	-0.5840767
0.08596989	-0.08055058	0.029099647	0.07276277	0.004619929	-0.080008365	-0.004851874	0.042736717	-0.0069865454	0.07661854	-0.06765159	0.060291663	-0.06901175	0.043341797	0.040413994	0.0077669513
0.5266292	-0.53668314	0.5912254	0.545736	-0.52863014	-0.521485	-0.5450234	0.47046024	0.5826538	0.4941668	-0.54691654	0.5397691	-0.4881775	0.5133459	0.4969726	0.5369845
0.08631596	-0.16549143	0.11168067	0.18828806	-0.2003829	-0.102353424	-0.15127142	0.17177783	0.2022331	0.12570499	-0.14925544	0.16477603	-0.1980964	0.14052913	0.10231435	0.15138999
-0.25618863	0.24567164	-0.31002706	-0.2522874	0.23723665	0.29521206	0.21064016	-0.2493611	-0.29971626	-0.28295586	0.26823944	-0.23770149	0.30702776	-0.25653177	-0.29554474	-0.31218204
0.8050059	-0.9082068	0.8654467	0.9272965	-0.88926643	-0.83868873	-0.91444325	0.87061006	0.9684817	0.93291944	-0.8874331	0.9057138	-0.8895235	0.8518833	0.8267171	0.97264653
0.73205525	-0.7328225	0.77339053	0.7376282	-0.7894299	-0.8003631	-0.7554108	0.7347086	0.85425586	0.77348655	-0.8037019	0.7289183	-0.7037031	0.8093368	0.7257767	0.8213295
-0.4641932	0.42419067	-0.4429721	-0.4185166	0.47731185	0.4875478	0.4071068	-0.49026504	-0.40770206	-0.40783125	0.41366106	-0.4827226	0.39349958	-0.47656223	-0.45332235	-0.49653524
-0.114874676	0.20117536	-0.22430165	-0.23048092	0.231175	0.23510402	0.17297873	-0.2429954	-0.18339762	-0.1689309	0.23935954	-0.22700116	0.20460047	-0.20686445	-0.15155376	-0.21003796
0.124621294	-0.16696374	0.03785285	0.13837928	-0.13539045	-0.16408916	-0.15384242	0.15052022	0.15253434	0.099635206	-0.14523406	0.15949374	-0.12539475	0.11292793	0.16966048	0.101441614
-0.059414804	0.13936536	-0.060623374	-0.0953361	0.050691817	0.14066228	0.07615231	-0.11507117	-0.13201956	-0.1014764	0.1282139	-0.06026832	0.14051779	-0.13226943	-0.09487404	-0.1426798
0.8630114	-0.92639226	0.84364814	0.9307309	-0.91905487	-0.9316792	-0.9535804	0.83811706	0.95403075	0.8784642	-0.91624296	0.92517215	-0.8883729	0.9268017	0.84726	0.9353752
0.01348545	-0.041040443	0.013389035	-0.042681336	-0.028181951	0.043972604	0.009843996	-0.01530004	-0.048923016	-0.05486089	-0.0044430317	-0.017641336	-0.033004276	-0.028542997	-0.02297886	-0.037420355
0.8223299	-0.82025117	0.84306806	0.834929	-0.89549464	-0.84378344	-0.8568838	0.8710759	0.96934986	0.8658044	-0.8431545	0.86959636	-0.85634875	0.8707999	0.84717804	0.9025453
0.1342293	-0.13030528	0.15283257	0.09895249	-0.112638645	-0.16230802	-0.112524316	0.17827119	0.10905733	0.14990917	-0.11698362	0.07287843	-0.15578511	0.11900866	0.09215914	0.088670805
0.09077116	-0.08333931	0.036924347	0.07776875	-0.0450222	-0.067668065	-0.016104383	0.039543226	-0.02666867	0.05401044	-0.061217334	0.0061350893	-0.055664442	0.053859025	0.011115072	0.0072318707
-0.056861147	0.053619068	-0.04337967	-0.11966458	0.04895186	0.065108195	0.07071827	-0.014821855	-0.09273506	-0.10210793	0.04296353	-0.085156515	0.03419056	-0.08138732	-0.0055067656	-0.06705568
0.40390524	-0.42993706	0.4759139	0.41930833	-0.41235858	-0.42165506	-0.36798197	0.42224243	0.35217202	0.42266098	-0.38363585	0.4074639	-0.3102576	0.3346987	0.33769402	0.342656
0.4640178	-0.46819583	0.4409818	0.38457543	-0.4495702	-0.464865	-0.39875346	0.39834154	0.46670252	0.3827195	-0.43441728	0.46018416	-0.37338868	0.41613984	0.45038086	0.40951672
-0.1685229	0.2442368	-0.1861178	-0.25846794	0.25065905	0.17024225	0.2330281	-0.17750436	-0.22708529	-0.26479718	0.2840543	-0.23762782	0.27543494	-0.20121744	-0.20657712	-0.24834035
-0.12624311	0.19863081	-0.13046739	-0.16051707	0.14019662	0.1251443	0.15961273	-0.15259647	-0.18073401	-0.12282918	0.13804337	-0.19278888	0.1360248	-0.16891403	-0.21487184	-0.176288
0.059203833	-0.07965725	0.03562017	0.043450136	-0.051857274	-0.06467438	-0.08459956	0.05404368	0.116348416	0.058531962	-0.022183482	0.07329792	-0.04666092	0.02832301	0.04517386	0.06906411
0.93430245	-1.0357769	0.9227543	0.951606	-1.0088135	-0.9894401	-0.96491176	1.0237886	1.0777819	0.9509041	-1.0483044	1.0562344	-1.044419	0.9885475	0.97448635	1.0422071
-0.14036264	0.09687181	-0.12979636	-0.05359321	0.035884723	0.07547977	0.05013071	-0.08321136	-0.02293744	-0.096048094	0.057473786	-0.041678257	0.038357478	-0.11969159	-0.15742962	-0.053992093
0.2743893	-0.23276325	0.26214027	0.20698072	-0.20565708	-0.18445115	-0.24445166	0.22973622	0.19440621	0.19306777	-0.23551583	0.23394692	-0.22400433	0.24553436	0.1933585	0.21231398
0.6991307	-0.8278031	0.8079127	0.7689531	-0.76293147	-0.7572123	-0.74201876	0.76596034	0.8891731	0.75504637	-0.8132977	0.7839905	-0.7541778	0.7326543	0.80619097	0.7830326
0.43606165	-0.4941698	0.4270995	0.44228658	-0.5090333	-0.4780932	-0.43174553	0.52273285	0.5187411	0.43541867	-0.430986	0.4683124	-0.46178368	0.4199266	0.41965643	0.44050333
0.32530484	-0.2999481	0.25583303	0.35129339	-0.3935618	-0.28382906	-0.3307223	0.3298442	0.37343556	0.3652884	-0.3095482	0.39853257	-0.31182376	0.3184635	0.36562467	0.31211606
-0.0153471455	-0.033348374	-0.06440443	0.042842902	0.04447145	0.04306672	-0.0009416733	-0.0052806716	0.027855236	0.009922464	-0.0049110386	-0.0478813	-0.0443168	-0.0181169	-0.00033176297	0.017444845
-0.036101695	-0.0013722372	-0.0003327012	-0.05202064	0.0106563	0.0368836	0.030689763	-0.024781376	0.002593415	-0.051438514	-0.012758029	-0.06287729	0.059286103	-0.017236108	-0.060680024	-0.00890367
-0.38299078	0.39537323	-0.42013603	-0.4109427	0.5142465	0.39538482	0.43912956	-0.39958715	-0.48593023	-0.38904476	0.44527933	-0.4923898	0.44760036	-0.46788803	-0.44919083	-0.45603958
-0.84184206	1.0368658	-1.0567652	-1.0377747	0.9921746	0.9656243	0.9305984	-1.0159167	-1.0817523	-0.94722193	1.0570453	-1.0373241	1.0036035	-0.97463804	-0.9120429	-1.0255868
-0.23119295	0.24909103	-0.2564984	-0.22394954	0.2838329	0.25182846	0.26186445	-0.25378874	-0.31191647	-0.18698552	0.21964462	-0.2401379	0.23463602	-0.25912786	-0.16927807	-0.2592664
-1.074079	1.1684984	-1.2473272	-1.1454655	1.2328266	1.168633	1.1401906	-1.1417888	-1.336074	-1.172122	1.1929651	-1.2221218	1.1638688	-1.1913363	-1.1973135	-1.2069945
-0.06751812	0.035838954	-0.07279612	-0.043740157	-0.03142372	0.0031963252	0.058470506	0.015606321	-0.012090028	-0.0123370495	0.029943122	0.037098184	-0.031175554	-0.027161663	-0.023720836	0.026152244
-0.12387312	0.12913823	-0.07663083	-0.08710522	0.11894161	0.10053388	0.110972896	-0.15412681	-0.16706082	-0.05596474	0.14040865	-0.15508997	0.15545674	-0.100202225	-0.05786789	-0.09087377
-0.20745113	0.13434993	-0.18133375	-0.1562348	0.12702961	0.17254996	0.16351642	-0.15471004	-0.18043432	-0.1572224	0.20653714	-0.14167976	0.21234171	-0.20198157	-0.2276246	-0.20326816
-0.38301554	0.28856772	-0.41692606	-0.34575358	0.33146513	0.30021378	0.34529427	-0.35980344	-0.27891275	-0.28796706	0.3215963	-0.35844848	0.2852172	-0.34442207	-0.28234413	-0.2974612
0.20720272	-0.16009663	0.15937744	0.20251864	-0.18070127	-0.17961934	-0.20002878	0.14117765	0.21141875	0.12648454	-0.14449562	0.19337344	-0.1583248	0.21468405	0.18329428	0.17921638
-0.103706725	0.11264142	-0.06909059	-0.13138276	0.0699062	0.08069908	0.069172464	-0.087357715	-0.098076776	-0.11340135	0.13558038	-0.071246386	0.15446492	-0.12784928	-0.10809955	-0.07005352
0.47369587	-0.47307837	0.40664688	0.47287825	-0.46135548	-0.43560073	-0.48893964	0.4087708	0.48886898	0.4184176	-0.4458309	0.43652418	-0.4584492	0.46224016	0.48322728	0.46963632
-0.3053738	0.22309245	-0.2527258	-0.26188698	0.21573235	0.27223015	0.25634202	-0.278528	-0.19209826	-0.21577421	0.20018615	-0.19746701	0.24334255	-0.21577583	-0.27917144	-0.21456756
0.45340198	-0.41524088	0.50175357	0.4266153	-0.423671	-0.4048037	-0.5039545	0.4287194	0.4893157	0.4603717	-0.4393552	0.43359432	-0.4145085	0.49136773	0.48553434	0.5064361
0.6640583	-0.7197935	0.6357341	0.6868744	-0.6606054	-0.6510856	-0.62870944	0.6628654	0.6822072	0.69602597	-0.7197879	0.7235652	-0.6768467	0.68171585	0.6277295	0.6747232
1.143625	-1.1662875	1.0475036	1.0957435	-1.1133358	-1.103703	-1.1167485	1.1022469	1.2144895	1.0913465	-1.1241349	1.1132361	-1.1510488	1.1058658	1.1223624	1.2138282
-0.2756487	0.32589698	-0.26756233	-0.34112445	0.3417457	0.29414263	0.32072243	-0.24711092	-0.35241503	-0.31272298	0.2988302	-0.34435695	0.3161733	-0.26489943	-0.2811793	-0.31303203
-0.04703783	0.075740956	-0.07788903	0.02124636	0.026629813	0.044525634	0.050701343	-0.038860027	-0.022238445	-0.04966171	0.08122338	0.014776284	0.02156211	-0.07503675	0.002190003	-0.021433165
-1.0417349	1.0440017	-1.0443653	-1.1008929	1.1305696	1.0671749	1.0180001	-1.0644878	-1.1574613	-1.03255	1.08412	-1.1384709	1.0715591	-1.0718862	-1.0514529	-1.1547341
0.4019136	-0.29674605	0.36865035	0.25241238	-0.26947162	-0.28492984	-0.25237474	0.33060077	0.24765716	0.27083004	-0.23682192	0.25645012	-0.24661872	0.31151545	0.3124609	0.24966617
-0.39636025	0.45597118	-0.44073036	-0.49055198	0.49428153	0.42998943	0.41740718	-0.42989445	-0.46410596	-0.47441307	0.4165958	-0.5198584	0.46605983	-0.39634708	-0.42544025	-0.44036973
0.27976182	-0.29803434	0.3025129	0.34490883	-0.2593301	-0.2754751	-0.2463786	0.30743057	0.37397647	0.32236755	-0.31122935	0.29002112	-0.2888842	0.23937887	0.31999674	0.33422193
-0.24461024	0.25464055	-0.356738	-0.21870774	0.26447335	0.28511	0.26635084	-0.24572712	-0.26166794	-0.29125208	0.3065541	-0.21909785	0.20853603	-0.2683615	-0.2199648	-0.29486775
0.9221493	-0.9573286	0.90615314	1.0227005	-1.0287842	-0.9149211	-0.94583255	0.97491014	1.0493757	0.9608955	-0.99428153	0.95690733	-0.9927859	0.95790637	1.0018481	0.9747833
0.064180784	-0.05370289	0.17912857	0.038495082	-0.028612684	-0.06704194	-0.090441376	0.11053418	0.04993035	0.020538723	-0.1142032	0.08778944	-0.102675274	0.06534212	0.013345017	0.044720553
-0.18609402	0.17069362	-0.22562219	-0.22663033	0.25468117	0.14702089	0.16508211	-0.19254781	-0.25812706	-0.24067922	0.23451103	-0.24938107	0.24364398	-0.23344108	-0.2208146	-0.19837315
-0.055791743	0.08982887	-0.12602909	-0.11980941	0.1126511	0.088351116	0.081858985	-0.09853674	-0.08297373	-0.09652205	0.105682895	-0.058009453	0.07172039	-0.14322889	-0.13649268	-0.14166021
1.1785765	-1.1415972	1.2062668	1.195864	-1.2567319	-1.1629152	-1.1940068	1.189537	1.2385901	1.184927	-1.1645309	1.1732061	-1.2171727	1.134191	1.1588615	1.224516
-0.33420566	0.35224935	-0.37928227	-0.37258425	0.43813398	0.32504737	0.322024	-0.31834728	-0.43614927	-0.3503009	0.43241328	-0.40788922	0.38088498	-0.36457774	-0.32674566	-0.42751387
-0.0434945	-0.06396984	-0.09933066	0.02179474	-0.016034713	-0.030464211	0.007915797	0.044285115	0.031125756	-0.007862641	-0.030024918	-0.0023645188	-0.030665372	0.04873517	0.02968882	0.07557718
-0.93391633	1.0671144	-0.9929038	-1.0068486	1.0319493	1.0014485	0.95900196	-1.0644151	-1.1702067	-1.0186945	1.0235527	-1.0831425	1.06118	-1.0002186	-0.9949819	-1.0650979
0.51883805	-0.5512484	0.497403	0.551462	-0.5703824	-0.4950399	-0.5466592	0.55374	0.55040437	0.5103764	-0.57343966	0.534179	-0.5149951	0.48344734	0.48640192	0.575108
0.2938454	-0.3097101	0.316054	0.2901546	-0.34137172	-0.3377664	-0.2888424	0.3147861	0.26943022	0.26078403	-0.2910534	0.29815412	-0.26273766	0.29129955	0.25974262	0.30357245
0.33049825	-0.42291543	0.36852333	0.40386927	-0.4530157	-0.37379417	-0.40050676	0.4117735	0.42210266	0.35839772	-0.40505537	0.44189644	-0.3491129	0.39788648	0.40109688	0.46209773
-0.9968285	1.0488831	-1.0772774	-1.005456	1.1100657	1.0388837	1.0865114	-1.0088229	-1.1884544	-1.063739	1.0287251	-1.1347412	1.0114928	-1.0028876	-1.0017346	-1.1370392
-0.186252	0.27146167	-0.22070357	-0.2579211	0.268009	0.207916	0.23962787	-0.22151344	-0.2733322	-0.26573643	0.2826112	-0.28484222	0.2926053	-0.21300726	-0.22994359	-0.26782864
-0.9357516	0.91943806	-1.0587361	-0.9213659	1.0151962	0.91934437	0.9717954	-1.0080552	-1.0137467	-0.9458401	0.9340987	-0.9271541	0.9351868	-0.9225466	-0.9078145	-0.98087054
0.4555392	-0.43214712	0.52118695	0.47275102	-0.46402797	-0.41138262	-0.40258113	0.51819104	0.45411018	0.42214498	-0.48057517	0.494346	-0.4086423	0.4436172	0.47078857	0.40821582
0.92908543	-0.9406585	0.9762631	0.94453835	-0.96966076	-0.93050784	-0.94198555	0.89428365	1.0365984	0.9662579	-0.962321	0.9593268	-0.90468603	0.9841393	0.97177494	0.9873865
0.3486602	-0.44283357	0.38314667	0.40445265	-0.38509008	-0.4026367	-0.3835459	0.37868518	0.4746837	0.37128657	-0.40094534	0.39837882	-0.3781058	0.4245726	0.33491364	0.46771893
0.5078736	-0.4562165	0.493741	0.480419	-0.4667544	-0.4518445	-0.48244563	0.4723539	0.5166899	0.46551082	-0.5104478	0.4513666	-0.43857968	0.46107557	0.44677094	0.47725928
0.16445126	-0.08010227	0.08477048	0.031994116	-0.017653419	-0.13901061	-0.07842774	0.120850444	0.015679667	0.11127593	-0.03250418	0.09790053	-0.06402456	0.10687887	0.07922965	0.10129344
0.2654488	-0.28028554	0.3024406	0.24334393	-0.26342502	-0.291241	-0.24634463	0.29341534	0.29242516	0.3158137	-0.29221416	0.31896964	-0.2689576	0.26513323	0.23487315	0.3001488
-0.700259	0.8425709	-0.76260597	-0.74874455	0.8633618	0.7656707	0.7343918	-0.74091434	-0.90056854	-0.817449	0.8097884	-0.7881474	0.7598477	-0.76415765	-0.7513743	-0.81710577
-0.20091742	0.1259862	-0.12740506	-0.18460023	0.19277145	0.18453315	0.14063828	-0.20837426	-0.1941141	-0.18277548	0.18575786	-0.17404926	0.18279518	-0.1994123	-0.1999323	-0.11382334
-0.54455644	0.47922397	-0.53394073	-0.5034675	0.48924106	0.54710275	0.48906967	-0.5653129	-0.5724917	-0.4672859	0.50119495	-0.495447	0.49499154	-0.4752292	-0.50453687	-0.5659498
0.33716974	-0.3529612	0.35081792	0.40872324	-0.40172476	-0.34519926	-0.36611286	0.41332632	0.33935946	0.37905678	-0.33585995	0.3940514	-0.39179677	0.39531404	0.34661078	0.3646874
0.39190552	-0.36269838	0.4314762	0.3431524	-0.34716073	-0.36378166	-0.35341558	0.38633433	0.38807863	0.41961643	-0.31762585	0.39617115	-0.33279133	0.38122928	0.3668368	0.3304236
-0.5815156	0.5330721	-0.56902266	-0.52057207	0.54632825	0.57089496	0.57949823	-0.50260836	-0.6437229	-0.5729036	0.5689335	-0.5825198	0.5467401	-0.5312457	-0.54887265	-0.5571476
-0.31094253	0.3810798	-0.31486455	-0.35854417	0.38571617	0.3789459	0.32652503	-0.30012476	-0.37240505	-0.37093708	0.3531831	-0.3898633	0.34691906	-0.3397585	-0.3696139	-0.4035964
1.064869	-0.9845368	1.0996897	0.96452385	-0.98662937	-1.0351833	-1.0077769	1.0241525	1.0044522	1.0413017	-0.9404411	0.9813754	-0.9224234	1.011267	1.0287235	1.0653327
-1.0750719	1.1320679	-1.215878	-1.1955749	1.2452408	1.1266009	1.194314	-1.1945908	-1.2623942	-1.1205069	1.1855419	-1.1546215	1.2030413	-1.1880533	-1.1048812	-1.2475386
-0.23902942	0.3703373	-0.2888694	-0.26282686	0.3277736	0.3174876	0.32962903	-0.32687795	-0.33567816	-0.30751234	0.27075344	-0.34711635	0.33577934	-0.3538056	-0.30394107	-0.35355148
0.28745565	-0.27965423	0.2639643	0.3243823	-0.3463359	-0.3235735	-0.32087207	0.29765683	0.34833446	0.31278005	-0.3203534	0.27538764	-0.29668766	0.312859	0.24967964	0.33006796
-0.054621365	0.0028365047	-0.05213944	-0.057633445	0.01832893	0.04033429	0.032494504	-0.06693038	-0.04692323	-0.010187237	-0.0052942545	-0.06955723	0.027029347	-0.011213115	-0.04912413	-0.035037667
0.28910705	-0.32921958	0.42940474	0.38385865	-0.3979575	-0.30825487	-0.29622707	0.45316848	0.34231094	0.35324985	-0.36182722	0.38652328	-0.36463457	0.38332638	0.37955377	0.40869522
0.85734195	-0.922616	0.8814264	0.88471717	-0.9574638	-0.86196166	-0.9300297	0.9115124	1.0269086	0.95959324	-0.98740214	0.92635083	-0.8795336	0.94352317	0.923413	0.9453523
0.4289279	-0.46223092	0.47880408	0.49072045	-0.53753585	-0.5206908	-0.4761694	0.49152926	0.5224926	0.5413761	-0.55856824	0.54708415	-0.5182093	0.47378486	0.45800582	0.4943976
0.04014663	-0.026408514	0.038043074	0.049418528	-0.09474945	-0.03385823	-0.04081584	0.046724457	0.084779605	0.008856072	-0.098004214	0.066508636	-0.07547068	0.09290912	0.101001896	0.04864351
0.03662734	-0.019764885	0.037685566	0.028188746	-0.031866264	-0.03930137	-0.056418985	-0.0060062567	0.08316406	0.01888184	-0.07228951	0.051980946	-0.008469842	0.048097745	0.017174091	0.07951262
0.14815357	-0.11643868	0.15449382	0.10190232	-0.10462203	-0.09503932	-0.09177587	0.15014942	0.16596049	0.07510587	-0.11055848	0.14026065	-0.09131483	0.17068519	0.137025	0.08581509
1.2514075	-1.2718607	1.241881	1.2656811	-1.3367878	-1.2622846	-1.2169117	1.2814447	1.3905505	1.2878721	-1.276597	1.2955357	-1.2025075	1.2939593	1.2288731	1.3618908
-0.9904594	1.1147863	-1.0920398	-1.0991713	1.1052626	1.0173445	1.0410466	-1.0747745	-1.163189	-1.0380279	1.1157947	-1.1254896	1.036724	-1.115508	-1.0811381	-1.0879508
-0.3795873	0.39924082	-0.36778545	-0.2982335	0.36031443	0.34792393	0.36704963	-0.35743275	-0.29851514	-0.37932566	0.36843303	-0.3354974	0.3541931	-0.38008955	-0.4142566	-0.31106567
0.13274296	-0.12465057	0.084444255	0.11463827	-0.12874715	-0.19672622	-0.16178815	0.21442667	0.1742578	0.17872106	-0.1814401	0.18599829	-0.12518728	0.12961064	0.19462089	0.19045931
-0.1443077	0.25051442	-0.21599554	-0.23594864	0.2560268	0.21453758	0.2840489	-0.2812876	-0.26834646	-0.3056669	0.30743808	-0.25702068	0.32574338	-0.30281138	-0.24183251	-0.32030803
-0.02913658	0.05605567	0.056527697	-0.001870709	0.024401344	-0.005899822	0.021886233	-0.0010035562	-0.026038324	0.002447294	-0.00039903165	0.002400685	-0.002631906	-0.087044865	-0.0008075529	-0.04693028
0.016879497	-0.027029164	-0.019291526	0.09010348	-0.06508952	-0.0231708	-0.056658488	0.06988254	0.07384923	0.053324595	-0.105676346	0.078300446	-0.08946217	0.050407343	-0.0023253125	0.017510971
0.15734273	-0.22749104	0.16845241	0.1929103	-0.25634503	-0.18594159	-0.19384694	0.18027183	0.20703001	0.23520012	-0.18435948	0.25051343	-0.17330998	0.17179912	0.15476064	0.16986051
-0.058484685	0.05158455	-0.05602086	-0.042879913	0.018197916	0.05826582	-0.03467778	-0.044198375	0.0047833417	-0.0012505562	0.03408015	0.019393899	0.007917135	0.027370537	0.03983127	0.016684372
-0.77346206	0.7336897	-0.8219784	-0.77141005	0.74372923	0.77085894	0.7216147	-0.76245636	-0.7721333	-0.76884	0.7781895	-0.8119773	0.7186352	-0.8210126	-0.743041	-0.7946666
0.07647005	-0.22409603	0.10832421	0.14964972	-0.15262592	-0.13345331	-0.21955371	0.17980856	0.23179552	0.16179973	-0.21245326	0.19448936	-0.15864134	0.1729151	0.18845852	0.16555755
-0.62796706	0.71523684	-0.7139617	-0.7540386	0.69173086	0.69523996	0.6783769	-0.6957199	-0.73680216	-0.68900883	0.6970935	-0.7217551	0.66768116	-0.70809466	-0.7048345	-0.79416573
-0.068456255	0.1287	-0.12653883	-0.05866147	0.1355792	0.067398824	0.07187545	-0.16266495	-0.11215501	-0.09844003	0.07693515	-0.083196975	0.079154894	-0.07801132	-0.11819467	-0.063124016
-0.17992885	0.08637195	-0.20877779	-0.062704906	0.087473944	0.104534544	0.14990364	-0.09107952	-0.16309702	-0.106767744	0.10904206	-0.12685908	0.14470075	-0.105594225	-0.14522608	-0.14183502
-0.39396927	0.3452908	-0.33324584	-0.3563295	0.26826888	0.37233266	0.3312492	-0.40191954	-0.3615538	-0.28784704	0.3143039	-0.32795456	0.33757827	-0.37970543	-0.32805505	-0.3189753
0.9267488	-0.9863057	0.9713363	0.9975661	-1.0057989	-0.95112514	-0.97019714	0.94703555	1.0760887	0.9859174	-0.9982952	0.9671333	-0.999631	1.0379697	1.0084698	1.0107439
0.54061043	-0.5758377	0.5374419	0.5742067	-0.5599053	-0.59534156	-0.6020504	0.52938175	0.56317854	0.5845468	-0.5323958	0.5561323	-0.5389519	0.52519655	0.52417755	0.6036824
-1.1813804	1.3049899	-1.2810762	-1.2848974	1.2871592	1.2087036	1.2662405	-1.216276	-1.3488741	-1.2869931	1.2749101	-1.303526	1.2924964	-1.2504301	-1.2573937	-1.3677127
-0.48338547	0.60899025	-0.63846517	-0.5811097	0.59927964	0.55811846	0.55215853	-0.65132326	-0.65236735	-0.5963028	0.5811107	-0.6351979	0.6398857	-0.5697179	-0.6112813	-0.6031541
0.3123049	-0.29466087	0.32480332	0.29989615	-0.3526687	-0.3328825	-0.31947976	0.27193683	0.33934847	0.3653615	-0.37719443	0.3553065	-0.3759003	0.3589086	0.28849542	0.3756353
-0.22215968	0.2543293	-0.29871526	-0.30226022	0.3333394	0.28228554	0.32208362	-0.2884664	-0.27375537	-0.3107017	0.25145397	-0.28364992	0.2345188	-0.24473485	-0.27869153	-0.28277758
0.46874067	-0.5159876	0.41015205	0.44346747	-0.52615315	-0.48237374	-0.45354378	0.40111902	0.53380126	0.45540282	-0.46051168	0.43769458	-0.47824362	0.41876057	0.46900195	0.508132
-0.46113488	0.4660433	-0.51042974	-0.51687574	0.52817476	0.5276986	0.4437646	-0.528083	-0.53378594	-0.4517804	0.5219266	-0.47070637	0.5219132	-0.5330862	-0.44049212	-0.4839572
-0.35609576	0.40161777	-0.4322718	-0.38616154	0.39337608	0.40100244	0.45412475	-0.39744204	-0.4654493	-0.4031875	0.4556003	-0.46907276	0.39364466	-0.43003044	-0.430059	-0.47063616
0.8994434	-0.92500305	0.92264384	0.93343884	-0.966712	-0.8823764	-0.899652	0.83166546	0.94654906	0.88576597	-0.95767367	0.9673596	-0.95451266	0.92457986	0.9116137	0.96749413
-0.31972656	0.23271361	-0.28293586	-0.222095	0.21400034	0.23085713	0.30393282	-0.30213416	-0.2486623	-0.27152488	0.2644001	-0.2259768	0.31113097	-0.25350645	-0.32155582	-0.30648386
-0.24291362	0.20647869	-0.21020144	-0.26347032	0.24324475	0.28885406	0.23869349	-0.27229697	-0.29050672	-0.25227597	0.26437393	-0.22830386	0.222155	-0.19804412	-0.20051041	-0.28122932
-0.091731325	0.061197538	-0.10647717	-0.12846543	0.09836129	0.032792524	0.07745123	-0.05305561	-0.115154736	-0.055866502	0.11905628	-0.15385847	0.14164992	-0.13624628	-0.075680755	-0.05865695
-0.21650234	0.1799757	-0.17981735	-0.25347507	0.23753694	0.2071428	0.2305777	-0.14808756	-0.23656277	-0.26162294	0.18516701	-0.22469257	0.25964105	-0.20849258	-0.25837582	-0.20796958
1.132062	-1.1905401	1.2001076	1.1935351	-1.2786306	-1.2457968	-1.2126273	1.2204851	1.3426228	1.2832972	-1.2238921	1.2479314	-1.2201836	1.2660587	1.2597473	1.2689472
0.025331106	-0.018002596	0.120149136	0.07556057	-0.10110134	-0.046887685	-0.07221234	0.12542865	0.12081991	0.034066502	-0.061041307	0.024167819	-0.019681988	0.061831895	0.0777572	0.030808944
0.05001045	-0.07804294	0.11470609	0.16777872	-0.09554142	-0.04396153	-0.14532281	0.056672357	0.102130085	0.067778364	-0.083990276	0.09371278	-0.14504553	0.10979626	0.14072625	0.1570632
1.0477823	-1.102517	1.1296537	1.1297432	-1.1844366	-1.0776961	-1.1322732	1.0758706	1.2343718	1.1463691	-1.1758748	1.1180612	-1.127449	1.1599226	1.0962352	1.2388147
0.1485182	-0.08414597	0.12767993	0.07186663	-0.09970469	-0.10167133	-0.09459856	0.10210704	0.16061215	0.12636642	-0.12162082	0.16863728	-0.06380905	0.14370501	0.10317249	0.09698187
-0.10540679	0.08680838	-0.08795941	-0.049911376	0.07399873	0.105647594	0.044772584	-0.04851672	-0.064354874	-0.042274453	0.023811096	-0.09704762	0.09849335	-0.062574804	-0.10321941	-0.11407083
-0.23048683	0.14447968	-0.21225064	-0.12425883	0.16213667	0.18252866	0.16990532	-0.16418001	-0.20643291	-0.14810796	0.15195107	-0.1650156	0.17152186	-0.18680726	-0.13422462	-0.17653513
-0.98381376	1.1582643	-1.0942096	-1.2093754	1.167811	1.1496671	1.1765847	-1.1482508	-1.2356461	-1.2087772	1.2274191	-1.1826725	1.1731822	-1.1097965	-1.1304617	-1.1976238
-0.3705187	0.3147488	-0.38177422	-0.34802932	0.29599804	0.3671796	0.30163047	-0.3809636	-0.31695026	-0.28951174	0.28298375	-0.35554704	0.31352547	-0.33232966	-0.27868515	-0.36208194
0.50173223	-0.5221125	0.5744766	0.55580395	-0.518369	-0.50336	-0.5178972	0.48646358	0.62899137	0.56336355	-0.538872	0.55802494	-0.4827075	0.51911896	0.5449131	0.55636615
0.14137612	-0.12396919	0.15107389	0.07237461	-0.055053487	-0.123805046	-0.117504835	0.12772797	0.11232059	0.04861188	-0.112538174	0.11900183	-0.075913474	0.08789079	0.12164516	0.07916634
-0.053843547	0.08216932	-0.14643767	-0.07583497	0.069409	0.08493629	0.11938858	-0.05873423	-0.0925542	-0.08241156	0.05929503	-0.10319626	0.038939122	-0.090663485	-0.052138954	-0.05644556
-0.29604185	0.31477314	-0.32472786	-0.3533299	0.3701418	0.3115726	0.3463071	-0.32979864	-0.37490442	-0.34662864	0.34557763	-0.37821412	0.40461087	-0.37757942	-0.3015437	-0.42137673
0.1725771	-0.2797734	0.17899053	0.26144162	-0.23282838	-0.21637405	-0.26089978	0.19629411	0.3206123	0.26062092	-0.31711483	0.3154194	-0.20350908	0.2819365	0.22026773	0.23044609
-0.2399123	0.23481786	-0.2792175	-0.19391444	0.2676927	0.28828046	0.19550154	-0.24747403	-0.2894962	-0.2620448	0.26194495	-0.19298445	0.24009584	-0.29265663	-0.2739862	-0.26487306
-0.06055374	0.0052120225	-0.039811604	-0.009543966	-0.007094268	0.07102872	0.014860034	-0.019818991	-0.08341947	-0.011398522	-0.007536178	-0.06851238	0.0563308	-0.062422678	-0.018945053	-0.01646372
0.74512404	-0.78468364	0.8026296	0.80984336	-0.8802951	-0.82107455	-0.83200395	0.7351543	0.93458045	0.8017298	-0.81550395	0.8113387	-0.78737825	0.7577685	0.7712632	0.895379
-0.46498567	0.89360315	-0.902134	-0.9059574	1.0306615	0.785117	0.8270582	-0.97016656	-1.0783305	-0.86122745	0.9734811	-0.9373217	0.9538897	-0.900862	-0.8477991	-1.0164863
-0.44286266	0.4483133	-0.50246364	-0.49937952	0.4846259	0.43744874	0.5090119	-0.5305561	-0.5185868	-0.44205952	0.5028477	-0.52046585	0.53579354	-0.4430092	-0.44806102	-0.47502208
0.8902342	-0.8804511	0.94966346	0.91629916	-0.93600374	-0.9609989	-0.9376849	0.88569313	0.94901127	0.88307863	-0.9507994	0.97132146	-0.9317702	0.87717134	0.8997559	0.9793753
0.1878145	-0.084410705	0.18988748	0.13800512	-0.1135301	-0.1798171	-0.15236577	0.1478497	0.13131633	0.1521922	-0.0647924	0.11064847	-0.10673771	0.12542005	0.1546415	0.077054314
-0.07439169	0.019886745	0.014999719	-0.07399693	0.13419947	0.09081439	0.092782505	-0.03930831	-0.09719283	-0.10919336	0.08092706	-0.08122497	0.050449084	-0.07705665	-0.024805808	-0.13119796
-0.27240577	0.3867943	-0.35034195	-0.40615183	0.37255782	0.33953	0.40095717	-0.33394605	-0.4003039	-0.40726063	0.33629385	-0.39279768	0.4008383	-0.33309013	-0.3151735	-0.40870178
-1.0207614	1.0993774	-1.1436932	-1.1632824	1.2211852	1.0578055	1.1801	-1.1661922	-1.2733556	-1.1799915	1.1976928	-1.2086784	1.1547327	-1.1438129	-1.1572701	-1.2191628
-0.83769673	1.0683811	-1.1273915	-1.0186688	1.0769464	0.9680458	1.0333236	-1.0381542	-1.1717983	-1.0378913	1.0401152	-1.0769423	1.0538447	-0.9871473	-0.9838409	-1.1485039
0.0021411125	-0.014097171	-0.018366983	0.055917248	0.019607957	-0.03744286	0.022327492	0.017724931	-0.015050477	0.01121375	0.025934154	-0.03812294	-0.05047311	-0.001355229	0.0038198417	0.015634377
-0.19304614	0.1994476	-0.14108232	-0.19559419	0.2247787	0.19355826	0.20538746	-0.17895995	-0.25215226	-0.2787215	0.21549675	-0.24250546	0.21481529	-0.209275	-0.24297714	-0.25863424
0.014081635	-0.0015892672	-0.01684892	-0.001476284	0.020409085	-0.037705835	0.048338152	-0.02582181	0.0495477	0.016725622	0.040140044	-0.022686038	0.035038598	0.005677864	-0.054948326	-0.04151345
0.6531883	-0.6381604	0.66155475	0.62490994	-0.71045905	-0.6276624	-0.65089536	0.6733325	0.68073606	0.63197434	-0.65716195	0.6974638	-0.64774704	0.6764232	0.6339387	0.69040036
0.15412416	-0.15695497	0.2272932	0.20078123	-0.17160815	-0.20425312	-0.18596245	0.18945803	0.17461626	0.2051211	-0.21773522	0.19617088	-0.17410591	0.14891677	0.16615793	0.1915442
-1.3052552	1.3575789	-1.4012523	-1.3120024	1.3857285	1.3428829	1.3536557	-1.3367689	-1.4644225	-1.283886	1.2926471	-1.3177251	1.3014694	-1.3573363	-1.3167722	-1.4095184
-0.13224955	0.13728061	-0.2483127	-0.19462019	0.19160877	0.2528535	0.19150305	-0.21689495	-0.27329507	-0.18456596	0.19497079	-0.2660083	0.1695851	-0.26021165	-0.2203111	-0.19976163
-0.3901355	0.4486381	-0.43865192	-0.43170834	0.43536267	0.38990554	0.47332892	-0.43624339	-0.4650198	-0.45643342	0.4560982	-0.4511786	0.42006838	-0.4543416	-0.45843533	-0.50200886
-0.28179604	0.32104325	-0.3346451	-0.34577838	0.3613909	0.361959	0.34852347	-0.38430583	-0.34284246	-0.31205204	0.33629695	-0.33452585	0.259936	-0.28352705	-0.30488843	-0.32564482
0.2152069	-0.25563407	0.20690015	0.27287284	-0.26902673	-0.2662496	-0.24973772	0.20407736	0.33591908	0.3351642	-0.28067866	0.31780228	-0.24409427	0.23891732	0.24093464	0.32969013
0.860141	-0.83107746	0.9373399	0.85305655	-0.8118278	-0.7953157	-0.85861534	0.8730789	0.9243548	0.87158626	-0.874586	0.8469236	-0.86614335	0.8139047	0.8067728	0.91237044
0.12861463	-0.13779396	0.058321703	0.10684514	-0.16688433	-0.09136489	-0.064895056	0.075283036	0.16922052	0.08392589	-0.09998482	0.11479036	-0.117957555	0.100996844	0.11109551	0.08034188
-0.89558643	1.057665	-0.9831162	-1.0422081	1.0013297	0.9206727	0.9646791	-1.0043955	-1.0704373	-1.0110397	0.98114944	-1.043759	0.9522884	-0.98511374	-0.92583597	-1.0637405
1.0551431	-1.1357402	1.0841317	1.13733	-1.201801	-1.1277492	-1.1027308	1.1551182	1.2356465	1.1395966	-1.1934757	1.1374702	-1.1482197	1.1122383	1.1211286	1.2110401
0.42330316	-0.5388197	0.4652808	0.4731483	-0.52190596	-0.5071591	-0.5004253	0.46317425	0.53389025	0.4330119	-0.5184672	0.5189443	-0.45216218	0.45911357	0.5023178	0.47276103
-1.0570539	1.0875614	-1.0969704	-1.0917536	1.1200209	1.0911237	1.0668416	-1.1199658	-1.233494	-1.1266403	1.1595215	-1.1148381	1.1417466	-1.0677631	-1.0343226	-1.1358179
0.5448852	-0.57985896	0.5120384	0.49853787	-0.51813936	-0.5553962	-0.54450864	0.5741999	0.57485133	0.5708677	-0.570225	0.5738277	-0.548315	0.53085625	0.54240614	0.58926004
-0.09765594	0.16350302	-0.14227343	-0.15757321	0.16829862	0.13559826	0.13394684	-0.13027957	-0.10684229	-0.095301926	0.10772256	-0.12766157	0.12507844	-0.12417657	-0.13659549	-0.15458941
0.41892183	-0.42265096	0.36864123	0.35835165	-0.43325844	-0.42309475	-0.37297058	0.39004272	0.40645266	0.3965839	-0.3725604	0.39294317	-0.4209544	0.4201307	0.39598635	0.3829988
-0.7270092	0.71329784	-0.72724444	-0.7543798	0.7615292	0.76159096	0.7146105	-0.7303999	-0.8180549	-0.7269359	0.7496714	-0.7554324	0.77267855	-0.68769014	-0.6872181	-0.7320242
0.097340405	0.072091036	0.010009268	-0.018860588	0.08092049	0.033833362	-0.018692736	-0.05565116	-0.060566127	0.009406353	0.002176742	-0.075911455	-0.00017139572	-0.040931165	-0.026459744	-0.013640528
0.056320135	-0.06431469	0.13143611	0.033360172	-0.080567695	-0.11507521	-0.08509113	0.06041655	0.015010264	0.09681195	-0.04165916	0.0937687	-0.053152118	0.02107049	0.073096655	0.08567355
0.91498	-0.9603788	0.9711397	1.0225801	-0.9771448	-0.9983968	-0.9529518	0.963885	1.0702869	0.9448563	-0.95664525	1.0386046	-0.9882025	0.998086	0.930022	1.047629
0.6467432	-0.60082453	0.60805744	0.6115882	-0.6478815	-0.6117097	-0.66947824	0.66131294	0.65772307	0.601986	-0.6025406	0.6581554	-0.6175184	0.6495426	0.65398204	0.6801899
0.041182134	-0.14547455	0.054236826	0.12904103	-0.11329972	-0.041116517	-0.06623053	0.08583428	0.09487363	0.1502645	-0.15893029	0.14799401	-0.11240435	0.04539806	0.12746276	0.11487281
-0.034191273	0.012342999	-0.0862361	-0.05281805	0.08848104	0.08293802	0.10502688	-0.095712565	-0.068072096	-0.07641357	0.0631563	-0.09675773	0.077729546	-0.10281928	-0.0049477564	-0.050581902
-0.052695576	0.04060124	0.0073157893	-0.023350693	0.048855882	0.017262	0.08469366	-0.041123215	-0.041801542	-0.09119016	0.02802172	-0.10329209	0.033779383	-0.049893323	-0.070150144	-0.079387754
-0.52543074	0.6452349	-0.6789356	-0.5955548	0.59265697	0.5856458	0.5960965	-0.6154457	-0.6632312	-0.60465556	0.63919705	-0.63935727	0.634118	-0.64382976	-0.64662606	-0.6594203
-0.62136984	0.750717	-0.7112707	-0.7542138	0.77937853	0.6752932	0.7485498	-0.67631865	-0.7766477	-0.72167486	0.73594797	-0.7420079	0.707292	-0.72166085	-0.7307247	-0.80948335
1.0577378	-1.1283123	1.1041921	1.0654767	-1.0952827	-1.1234425	-1.0573552	1.086612	1.192646	1.1205752	-1.0796478	1.1343051	-1.1023192	1.0429491	1.1188611	1.1462983
0.6685262	-0.64692515	0.6990113	0.6435692	-0.6812852	-0.62209207	-0.68349606	0.60645115	0.68785155	0.64353216	-0.67752445	0.64729124	-0.6926498	0.6733959	0.67967105	0.6668384
0.1760964	-0.13471283	0.19042435	0.19688094	-0.23320635	-0.1595272	-0.24263337	0.19025183	0.21149132	0.16800317	-0.20063163	0.22597454	-0.1973505	0.20050222	0.17532693	0.17430352
0.9442947	-0.94518405	0.92252135	1.0112872	-1.0207978	-0.91692513	-0.9595572	0.91770613	1.0761164	0.973837	-0.9345011	0.971709	-0.89745045	0.98972327	0.93156403	0.9960056
-0.0663699	-0.011948069	-0.018808734	-0.03764352	-0.057477288	-0.020798862	0.026850939	0.04252146	0.03128537	0.033420313	0.02325153	0.044412922	-0.05166594	-0.0008199553	-0.022092193	0.0055600908
0.03274136	-0.06815773	0.06383318	0.066868566	-0.03929118	-0.040289693	-0.031797368	0.027313707	0.07150284	0.03466687	-0.049024962	0.03384953	-0.02071476	0.025291562	-0.0038136858	0.03430806
0.16598742	-0.10696446	0.096787035	0.16191244	-0.16561323	-0.09725627	-0.15201846	0.09441645	0.121174105	0.16150838	-0.13925736	0.09099565	-0.18081756	0.11047391	0.16915236	0.1816321
-0.6334051	0.6593406	-0.75068843	-0.6293156	0.6685377	0.62048876	0.6150493	-0.6698787	-0.66602284	-0.61957765	0.6311171	-0.6690913	0.6100753	-0.6246048	-0.60545516	-0.6868911
-0.48417026	0.5954781	-0.59836626	-0.56834954	0.61313415	0.5357446	0.5182147	-0.5451771	-0.5671995	-0.57304287	0.58947337	-0.58628833	0.53082013	-0.58028316	-0.554782	-0.6098896
-0.03187305	0.013484382	-0.07165489	0.028862998	-0.051250637	-0.0047279997	-0.058836974	0.03564457	-0.007931749	0.058636732	-0.020348135	-0.007576047	0.014514245	-0.023305008	0.00047997525	0.06867174
0.41524073	-0.37577742	0.36424333	0.34657568	-0.40142313	-0.42356426	-0.38554138	0.41084838	0.40674323	0.42403206	-0.4279511	0.4320012	-0.36980167	0.39018232	0.3721102	0.4476037
-0.8439755	0.93921655	-0.9720358	-0.9475907	0.8970132	0.8519884	0.93555146	-0.9518589	-0.9551724	-0.88256305	0.92492706	-0.9124082	0.9126314	-0.9517529	-0.9406638	-0.9619348
0.31989685	-0.2906444	0.32264996	0.31087774	-0.28547776	-0.2685603	-0.23109117	0.29078257	0.31801212	0.26307845	-0.2570115	0.290013	-0.28163806	0.23375055	0.27655974	0.23511577
0.6095422	-0.62950945	0.55173695	0.62841815	-0.63134253	-0.6103781	-0.567141	0.6170846	0.61282665	0.59573025	-0.65979713	0.5837751	-0.5779778	0.5997982	0.59829086	0.6378344
-0.11625627	0.111432016	-0.18213709	-0.095734276	0.097482376	0.10920556	0.055863004	-0.12848295	-0.08922429	-0.09823153	0.10187962	-0.053182617	0.1146845	-0.090986684	-0.04537877	-0.046696734
-0.06700768	0.06803696	-0.16057034	-0.112438105	0.14138244	0.10954013	0.13390666	-0.14372852	-0.15802217	-0.17558247	0.14700352	-0.13252448	0.12605557	-0.10445489	-0.12637365	-0.1741029
-0.17957385	0.25385806	-0.24892476	-0.22057663	0.27097642	0.2558341	0.28028917	-0.22151838	-0.21197546	-0.189447	0.26946747	-0.21064611	0.208105	-0.26856038	-0.2438732	-0.27680805
0.59304976	-0.510771	0.58398575	0.5144991	-0.5384359	-0.5646301	-0.5652525	0.52422386	0.5662848	0.5093267	-0.5064158	0.4994708	-0.5638619	0.5817484	0.5157264	0.5401899
0.12196175	-0.08254652	0.101529166	0.13434027	-0.14986624	-0.05779434	-0.10461549	0.04614587	0.13050058	0.14795843	-0.121048346	0.12200647	-0.0698925	0.1029612	0.11067556	0.13581917
0.6020841	-0.6697099	0.62676007	0.66303456	-0.608542	-0.6492686	-0.59665585	0.6073622	0.62369025	0.61860657	-0.6296698	0.65026593	-0.59432024	0.617489	0.5955107	0.641692
0.16704242	-0.1401946	0.063932754	0.16623962	-0.10776412	-0.11982609	-0.09347142	0.17075746	0.16768639	0.1074767	-0.14143842	0.14872777	-0.11884436	0.15318221	0.14842358	0.10192037
-0.6556793	0.5827346	-0.6926342	-0.5913784	0.66459125	0.56577957	0.65313387	-0.5806385	-0.6532416	-0.5624901	0.63606787	-0.63622844	0.6580162	-0.5873767	-0.63711834	-0.6679882
0.34453127	-0.3667705	0.30670616	0.4426218	-0.4525768	-0.39055392	-0.4175934	0.35702714	0.39638898	0.43592492	-0.4379511	0.43210244	-0.39418292	0.36843315	0.3968814	0.43025005
0.0014887616	-0.0055922745	-0.01568977	-0.0739899	-0.006748683	0.069093406	0.025798514	-0.087833844	0.012926657	-0.01395522	0.068157844	-0.070498526	0.006840692	-0.04160684	-0.08788192	0.001438954
0.0656793	-0.16246352	0.11580351	0.125273	-0.12822944	-0.13573328	-0.14848939	0.11558276	0.16038714	0.13739635	-0.08395287	0.09623889	-0.118805625	0.16375493	0.14921916	0.14673692
0.07518598	-0.15778533	0.15871173	0.114265665	-0.1612819	-0.10446309	-0.18707797	0.14611042	0.17378238	0.10236826	-0.11461348	0.118135765	-0.16711317	0.1008106	0.13109612	0.15785098
-0.5882469	0.67095244	-0.6593591	-0.6947255	0.7101701	0.65102565	0.69313234	-0.67221385	-0.7146045	-0.68414396	0.71618384	-0.7084275	0.7252341	-0.6845746	-0.6308445	-0.7019917
0.6803266	-0.6748603	0.7094755	0.7013683	-0.70425135	-0.60994625	-0.64616084	0.6464363	0.6729257	0.61829555	-0.63856256	0.6719414	-0.6565468	0.6953114	0.69097286	0.69303334
1.0458274	-0.9865677	1.003781	1.0018512	-1.0028943	-0.9745134	-0.9805068	0.9394396	0.9710191	0.9202209	-1.0206358	0.9917627	-0.9575759	0.98105854	0.9694645	1.0362791
0.48779297	-0.5593514	0.47855166	0.5294503	-0.53683764	-0.5243346	-0.51090133	0.5337491	0.5657992	0.57198703	-0.5688061	0.49773908	-0.51697665	0.50717723	0.5344652	0.58941686
0.83689666	-0.802086	0.8436562	0.7709747	-0.82929945	-0.8376711	-0.793525	0.8637638	0.87364817	0.77657974	-0.8057361	0.8395898	-0.8222992	0.77796674	0.7890641	0.8396186
0.77893883	-0.7841989	0.74429685	0.81324697	-0.7586535	-0.8179515	-0.7689562	0.8359248	0.78739566	0.79857224	-0.79308903	0.80526024	-0.7992129	0.7384326	0.7361547	0.8044964
0.2633525	-0.20901144	0.23070063	0.15720563	-0.16693953	-0.22485359	-0.2432704	0.16584241	0.17572904	0.17260739	-0.17284761	0.16278052	-0.18824627	0.24929348	0.20160599	0.1595104
-0.6605388	0.6594192	-0.6249181	-0.6330281	0.6739565	0.6610443	0.6620265	-0.6001814	-0.6884932	-0.6789871	0.6764877	-0.6831284	0.6556452	-0.6668395	-0.6499225	-0.66674584
-1.0515751	1.0741094	-1.0867494	-1.0641667	1.0663731	1.0809726	1.1096759	-1.1063557	-1.1713744	-1.1130242	1.0849273	-1.0936488	1.1114206	-1.0561218	-1.0644265	-1.1373627
-0.054778848	-0.05054361	-0.012821513	0.043422386	-0.016290406	0.04604568	-0.02377362	0.0046844706	0.055423647	0.0019804446	0.020535773	0.06411649	0.043425795	-0.05353295	0.028348193	0.022650104
0.23418812	-0.26623723	0.2970619	0.28130144	-0.314035	-0.31150946	-0.2404264	0.3104024	0.36094522	0.26075894	-0.28353965	0.3078049	-0.3266165	0.30923423	0.25942707	0.2801827
-0.3853358	0.28161943	-0.3919679	-0.28379762	0.29274103	0.31749555	0.32717532	-0.38878495	-0.3348483	-0.33720905	0.35560074	-0.37355775	0.30423123	-0.35759354	-0.3395655	-0.3070024
-0.36288202	0.3684203	-0.3838435	-0.3528287	0.37678674	0.34862915	0.34815252	-0.36447337	-0.40646762	-0.36017153	0.43386388	-0.3979199	0.34386942	-0.42140985	-0.42495903	-0.38247263
0.3387901	-0.41222316	0.37441322	0.36467153	-0.43428135	-0.36494327	-0.42636552	0.32378355	0.43742776	0.43551463	-0.43043926	0.4519557	-0.41681147	0.3493657	0.39874572	0.45032722
0.6737949	-0.68049	0.6874791	0.66951853	-0.68023384	-0.65560234	-0.6916981	0.61711407	0.7222763	0.7403435	-0.73655576	0.7354664	-0.70416534	0.72779727	0.73686177	0.7516088
-0.35595432	0.2969119	-0.33551374	-0.34365475	0.28651413	0.29540554	0.29565153	-0.31995204	-0.30826378	-0.33169338	0.33926663	-0.25846973	0.3045444	-0.30781928	-0.33167082	-0.2723186
-0.6379204	0.6744553	-0.7588168	-0.7210483	0.7393663	0.73855317	0.7256633	-0.71734655	-0.80361694	-0.75064623	0.7558716	-0.7735588	0.7412961	-0.73481834	-0.70879346	-0.7202274
-0.3503596	0.4323194	-0.40507612	-0.43290952	0.4717312	0.41551378	0.38906917	-0.43167305	-0.42842746	-0.44051915	0.43599623	-0.45675874	0.43808106	-0.40240395	-0.37292576	-0.44479534
0.21047665	-0.31122914	0.24262194	0.27579618	-0.23395598	-0.28859216	-0.28744555	0.19586818	0.3312657	0.24049716	-0.25016606	0.2566792	-0.21298748	0.21269257	0.28534237	0.24463956
-0.083023526	0.17805727	-0.07518138	-0.18622205	0.12932968	0.11882316	0.1681586	-0.12398418	-0.16024753	-0.13759717	0.19226088	-0.1564492	0.1460277	-0.16657256	-0.10531331	-0.1356685
1.0763296	-1.0753235	1.1046809	1.0434488	-1.092356	-1.0946866	-1.135195	1.0216243	1.120968	1.1211587	-1.1146867	1.1053108	-1.099578	1.0958211	1.0562757	1.132121
0.45669308	-0.41893953	0.4521489	0.420609	-0.46392417	-0.40492338	-0.40489033	0.41855124	0.42236233	0.42528194	-0.45023036	0.4299911	-0.4452645	0.42104962	0.4751844	0.43220207
0.14866082	-0.26266244	0.22192355	0.21772335	-0.2082996	-0.24900286	-0.2533898	0.24227634	0.19281335	0.20337683	-0.26745152	0.24873924	-0.17647377	0.18531956	0.19907859	0.2096695
0.47185773	-0.5712033	0.4581794	0.5730083	-0.52832234	-0.527999	-0.52041256	0.48177835	0.6071247	0.53820294	-0.55767506	0.49817696	-0.5254939	0.50902945	0.4909474	0.5242095
-0.5414041	0.60276854	-0.6266369	-0.6170585	0.57808524	0.6283932	0.5529037	-0.63861936	-0.64132893	-0.6223239	0.5668584	-0.6387523	0.60717434	-0.6070924	-0.6513538	-0.6680564
0.19006802	-0.19252257	0.17427526	0.18072306	-0.14304069	-0.21107613	-0.13766903	0.21319433	0.16263284	0.21799263	-0.12960057	0.19734469	-0.1476624	0.13708691	0.1562938	0.12234336
-0.20210074	0.20281084	-0.26968193	-0.18887633	0.16097625	0.22051668	0.18484774	-0.2186024	-0.22601473	-0.24800181	0.16403155	-0.20046093	0.17002067	-0.25164735	-0.21712184	-0.2031553
0.51957566	-0.5168815	0.61178	0.53867686	-0.5076439	-0.5383706	-0.5008432	0.5964833	0.5268416	0.5465114	-0.57145876	0.5509612	-0.5370274	0.5375862	0.521841	0.53436023
0.69424236	-0.7859055	0.7519758	0.7614857	-0.90948504	-0.74108905	-0.8471643	0.7089088	0.9490167	0.86666816	-0.86454695	0.88403636	-0.75360256	0.7999159	0.72875553	0.93416864
-0.05496685	0.06837075	-0.033523977	-0.11800893	0.13610414	0.066577576	0.09389508	-0.15151827	-0.10710051	-0.11884545	0.11481797	-0.089378215	0.11887847	-0.06508087	-0.14039372	-0.0847079
0.05507636	0.065458536	-0.0066819694	-0.026183767	0.03214658	-0.014569369	0.07744667	0.014791723	-0.029773893	-0.047965527	0.017497018	-0.048217494	0.06172247	-0.048558444	0.00010308977	-0.034875806
-0.40244234	0.5291439	-0.505249	-0.4931726	0.51531184	0.5144386	0.46057954	-0.4493395	-0.5256208	-0.5221226	0.4690945	-0.4645778	0.50744766	-0.5289608	-0.50119233	-0.4742943
-0.5915326	0.636879	-0.5663382	-0.6051575	0.6230882	0.54443556	0.6534068	-0.55256635	-0.64930123	-0.60520375	0.59360534	-0.6235509	0.60294193	-0.58544713	-0.6058098	-0.6163403
0.46741095	-0.4290506	0.46391448	0.44533715	-0.46811053	-0.42634732	-0.5166313	0.40094048	0.458921	0.45307547	-0.49879122	0.48187363	-0.47836322	0.4473016	0.49320537	0.44924298
0.29849994	-0.41598818	0.32906052	0.36974388	-0.34943607	-0.378953	-0.35395902	0.42037275	0.40050948	0.3392722	-0.3593117	0.32816988	-0.3742479	0.32581854	0.38938916	0.37383136
-0.52632636	0.59340525	-0.57614124	-0.66283125	0.6740887	0.5925216	0.61746305	-0.6046522	-0.65211	-0.6183666	0.6192961	-0.6459855	0.6087996	-0.59327877	-0.62749356	-0.65399694
0.428278	-0.42653966	0.38987762	0.4489911	-0.3966152	-0.40948567	-0.42104355	0.40637094	0.41262984	0.44191465	-0.45343658	0.44097054	-0.37771934	0.36941975	0.36818498	0.4735403
1.0924993	-1.1962926	1.0976194	1.133497	-1.1991124	-1.1680349	-1.1899229	1.134328	1.2208416	1.1208086	-1.1444322	1.2130488	-1.1674324	1.0981765	1.1154063	1.1758751
0.23802747	-0.28946245	0.32052308	0.29969785	-0.25829056	-0.2941051	-0.28055522	0.2262785	0.20389661	0.22070415	-0.26153955	0.22513637	-0.2761355	0.2920325	0.22399162	0.27456424
0.1610103	-0.10318702	0.1437197	0.18096311	-0.17883644	-0.08194123	-0.11311972	0.16141216	0.13135357	0.10653618	-0.14888716	0.122621596	-0.16888618	0.14900982	0.09493514	0.17877348
0.3537196	-0.35569242	0.3292207	0.37259704	-0.396569	-0.31530154	-0.38427818	0.32324925	0.40154725	0.32993817	-0.31621107	0.40112472	-0.38198423	0.36316052	0.2838937	0.3787187
0.11477795	-0.025524015	0.08101865	0.04864815	-0.0021727388	-0.0625227	-0.105410874	0.06958006	0.014169234	0.013675868	-0.06678855	0.06323096	-0.058787737	0.049700286	0.026400415	0.006790448
0.18535867	-0.20648523	0.165516	0.12362771	-0.13476098	-0.15725298	-0.17072308	0.19348006	0.16288541	0.21169613	-0.20608804	0.17272575	-0.10498821	0.1328693	0.117867135	0.1397901
0.84030765	-0.99212676	0.8986236	0.9557252	-0.9743439	-0.94502836	-0.89936954	0.9138811	1.0615695	0.9769946	-1.011026	1.002862	-0.93964916	0.9138926	0.8970483	1.0362327
-0.23422304	0.26204458	-0.25622728	-0.2972143	0.22194616	0.203345	0.22711657	-0.20020378	-0.26810634	-0.22565866	0.19685045	-0.25704604	0.21232197	-0.23286048	-0.2550559	-0.25602058
0.29800707	-0.29288352	0.3129019	0.28559238	-0.30719972	-0.2939774	-0.31224316	0.29508495	0.2943273	0.26539195	-0.23843712	0.31564188	-0.31442654	0.28959298	0.2903783	0.2932553
0.19618988	-0.19905733	0.2663828	0.13096398	-0.14087096	-0.18365733	-0.2023109	0.19856067	0.17373906	0.19803388	-0.15814099	0.2025781	-0.15462773	0.20396653	0.18395504	0.1816738
-0.42628124	0.46060458	-0.42961228	-0.44648013	0.4555368	0.4436054	0.4712232	-0.36983925	-0.4162417	-0.43434823	0.43961424	-0.43116638	0.43840083	-0.38210082	-0.4234722	-0.41528726
0.9211441	-1.0436242	0.9867216	0.97518843	-1.0505731	-1.0291858	-1.0501286	0.95508355	1.1036595	1.0546671	-0.97798526	1.0723352	-0.99600446	1.00526	0.9885719	1.1282688
-0.8193047	0.8818902	-0.84765196	-0.85595673	0.91269344	0.83833677	0.81805253	-0.8818806	-0.9316085	-0.83238703	0.8820654	-0.9115166	0.81658155	-0.8043194	-0.8396597	-0.8802411
-0.5117432	0.556145	-0.5653915	-0.50490594	0.5813061	0.5706664	0.5368307	-0.55672944	-0.54263586	-0.51222706	0.5401622	-0.53159505	0.5354665	-0.5383689	-0.5702304	-0.53047854
-0.4799751	0.42711103	-0.46937174	-0.41235226	0.44115993	0.48134795	0.49418145	-0.4808217	-0.47990403	-0.4527417	0.483167	-0.48801595	0.46595174	-0.42316163	-0.43306348	-0.4692777
0.058414802	0.014618966	0.034089252	-0.015508148	-0.018452743	-0.030326465	0.0042478754	0.01225952	0.036775522	0.017073793	-0.04870648	0.03156251	-0.01787813	0.010967655	-0.013819642	0.012950733
0.12794651	-0.111064665	0.15926544	0.14456844	-0.19766898	-0.13799468	-0.1674342	0.17349131	0.15218663	0.1252374	-0.1367763	0.16352624	-0.1622761	0.109613255	0.19240814	0.13810182
-0.8969787	0.97573453	-0.94045544	-0.9168127	0.94682866	0.9861732	0.9691585	-0.9161782	-0.9735709	-0.98440355	0.93117076	-0.9346156	0.9659341	-0.95220685	-0.91219777	-0.9345168
0.20025334	-0.12799837	0.184483	0.19908768	-0.21201853	-0.21813078	-0.20510723	0.14351556	0.11006477	0.14648654	-0.14856075	0.11457009	-0.1761549	0.15789495	0.20049907	0.19095415
0.2721116	-0.26083902	0.281438	0.29414114	-0.29343602	-0.33150694	-0.3176607	0.27117506	0.27610776	0.26709503	-0.26909867	0.2778611	-0.2518109	0.25599366	0.24015616	0.24881813
0.4911094	-0.48908648	0.4423396	0.46562317	-0.4509845	-0.49653575	-0.4382868	0.41674942	0.50946665	0.5003088	-0.4602466	0.44123232	-0.4929419	0.4181112	0.4781553	0.5192949
-0.31415337	0.22894621	-0.26705757	-0.20833975	0.27743918	0.23390214	0.21443407	-0.2688123	-0.28352135	-0.206488	0.26732904	-0.26351234	0.20098644	-0.27703336	-0.27741763	-0.23722823
-0.23241201	0.20421508	-0.23842636	-0.20891224	0.27586594	0.26417384	0.19125226	-0.2749255	-0.29422423	-0.25380158	0.24549569	-0.21431515	0.2175473	-0.27605006	-0.21118952	-0.26752657
-1.0338479	1.1409328	-1.1272686	-1.0632374	1.1470279	1.1401945	1.0800265	-1.0792258	-1.1854103	-1.1360611	1.1202729	-1.096357	1.0953851	-1.0656357	-1.1006606	-1.2084365
-0.8255634	0.83616805	-0.8779344	-0.79940397	0.8531533	0.85014087	0.8270936	-0.88461137	-0.8998354	-0.7930766	0.7787934	-0.8083591	0.8550205	-0.79182136	-0.82646877	-0.8456054
0.68599635	-0.6895584	0.7216912	0.715682	-0.74537987	-0.7164876	-0.7481016	0.71842605	0.81924677	0.67474765	-0.75198466	0.6995146	-0.69270897	0.67463636	0.64605564	0.7568139
0.929465	-0.93471515	0.9775781	0.98556346	-0.99270576	-0.9758764	-1.0048485	0.9741058	1.0169152	1.0024346	-0.9983962	0.99670196	-0.99906826	0.9116183	0.898644	0.9974268
-0.020663125	0.056101292	-0.016849443	-0.04224137	-0.01617904	0.035581283	0.006738221	-0.027531585	-0.052221615	-0.057409074	0.07134605	-0.02980999	0.035036374	-0.086851045	0.005661838	-0.08319847
0.71718	-0.70471114	0.7929193	0.7449795	-0.7258848	-0.7082418	-0.6925155	0.7023146	0.70839804	0.6705606	-0.76710784	0.72301704	-0.7007277	0.7568155	0.73412204	0.75150776
-1.2853563	1.3800362	-1.3884503	-1.3319433	1.4023064	1.3259312	1.3875837	-1.395806	-1.4011743	-1.3489579	1.3427217	-1.3635762	1.2820821	-1.3229349	-1.3318846	-1.3605498
1.000938	-1.0627433	1.0363541	1.0396245	-1.1309094	-1.0466068	-1.044761	1.0523512	1.184404	1.0806938	-1.0631092	1.0782487	-1.0301961	1.073826	0.984437	1.0877763
0.000759544	-0.1105864	0.083473854	0.041712552	-0.050097488	-0.10142853	-0.08835939	0.06134784	0.070272736	0.0729065	-0.07224619	0.10615549	-0.1068133	0.07843056	0.07686911	0.0761275
0.99549097	-1.0332055	1.0449791	1.0723438	-1.0568728	-1.019252	-1.087236	1.0923517	1.1647118	1.0991247	-1.0761817	1.1131661	-1.0598134	1.0732336	1.083061	1.1245722
0.8759878	-0.9411357	0.9356497	0.8875146	-0.9107202	-0.8744323	-0.90645355	0.9054393	0.9570152	0.9104843	-0.92239726	0.9440427	-0.87736577	0.9308121	0.9305552	1.0067687
0.738425	-0.829359	0.8154693	0.7747582	-0.8214507	-0.77661115	-0.808483	0.82302785	0.88513124	0.77665585	-0.8846087	0.8085182	-0.8306293	0.82169974	0.77849495	0.8475304
-0.9038569	0.9150004	-0.9872991	-0.89609486	0.94551176	0.8769906	0.93307066	-0.87757015	-0.9548893	-0.87128115	0.9358164	-0.91747713	0.8955761	-0.90598357	-0.8583116	-0.9231896
1.5219011	-1.5195363	1.4943334	1.4866371	-1.5669726	-1.5356573	-1.4865723	1.5146916	1.6059965	1.554665	-1.490388	1.5669106	-1.512874	1.5193704	1.4751494	1.5734258
-0.032656536	0.009324403	0.012494697	0.01915753	0.024042929	0.02459126	-0.03353654	-0.012860161	0.009275522	-0.004472073	-0.018995037	0.022348538	-0.027450353	-0.0070381956	0.014560387	0.006153332
-0.22596468	0.17077743	-0.2492096	-0.16090673	0.20851341	0.2585552	0.25255218	-0.24625465	-0.27271914	-0.2031897	0.21120499	-0.22333725	0.2063275	-0.19758801	-0.2341742	-0.23066407
-0.8757871	0.9144503	-0.86750495	-0.91357625	0.93856525	0.91511565	0.868257	-0.84497356	-0.89653456	-0.9447061	0.9453051	-0.88939977	0.92429084	-0.9074153	-0.8796886	-0.9020647
1.1565406	-1.1452858	1.1542287	1.1413455	-1.2527593	-1.1683578	-1.1615151	1.1218044	1.2313516	1.2036885	-1.1880754	1.1838447	-1.1351603	1.1376398	1.1401507	1.1807741
-0.31289074	0.3324807	-0.30936468	-0.41695222	0.35182688	0.31905544	0.35973832	-0.34121445	-0.4477242	-0.33244136	0.3589348	-0.43263814	0.3860358	-0.39997795	-0.34910968	-0.35744002
0.3285106	-0.3016638	0.33707812	0.27302134	-0.2799709	-0.37222666	-0.29754332	0.28448734	0.37217426	0.3266428	-0.3093536	0.3281287	-0.32981017	0.2796449	0.266576	0.27774787
0.3739261	-0.37677348	0.39350688	0.34405974	-0.45992976	-0.35186848	-0.3779026	0.40615484	0.445193	0.39724597	-0.42151982	0.37930152	-0.39311847	0.4039272	0.37705305	0.4034297
-0.5866176	0.6646118	-0.6697719	-0.68256694	0.7016624	0.6055067	0.64304996	-0.6185892	-0.6643266	-0.70657855	0.68029827	-0.6541684	0.69847757	-0.61183435	-0.6278023	-0.73061407
-0.32691032	0.28043327	-0.3224378	-0.35626432	0.33403262	0.2828663	0.29552057	-0.29988536	-0.32750845	-0.37033978	0.31331313	-0.3700282	0.3800683	-0.35236025	-0.33185896	-0.37477148
0.42164308	-0.48348752	0.5297613	0.37047705	-0.46062654	-0.38954008	-0.38421968	0.431874	0.4280383	0.4548648	-0.4165038	0.45140392	-0.43150696	0.39125192	0.46840483	0.4778894
0.029833393	-0.048579764	-0.02424199	0.04880405	0.010929888	0.013708267	-0.034749027	-0.039177112	0.0050229793	0.037432775	-0.06571954	0.038183607	-0.040234756	-0.030482654	0.01621674	-0.0063357176
-0.1438823	0.13147604	-0.12249253	-0.1565048	0.1677904	0.100850835	0.11766248	-0.099746816	-0.080182984	-0.12602471	0.13165885	-0.1292292	0.12176391	-0.12427988	-0.12628156	-0.1679558
0.053130597	-0.14031808	0.14616655	0.10058969	-0.044981636	-0.10423384	-0.08613337	0.06477919	0.07904031	0.06492828	-0.08455019	0.126183	-0.08430276	0.051873934	0.082297295	0.03217518
-0.633783	0.7828115	-0.7497041	-0.7377412	0.7323411	0.740258	0.7207019	-0.74676895	-0.8200479	-0.73997724	0.7111093	-0.81633013	0.6951286	-0.71222764	-0.7014022	-0.76367795
0.5271474	-0.571762	0.5607896	0.57313627	-0.5523549	-0.5607942	-0.5162835	0.54092664	0.5848229	0.55013484	-0.5018058	0.5196016	-0.53850454	0.5838003	0.5723373	0.5780214
0.26968262	-0.29996976	0.22553362	0.31131992	-0.33557373	-0.21160786	-0.2622325	0.2877863	0.34471765	0.28010952	-0.25624266	0.29118696	-0.28574714	0.23013748	0.2085338	0.2529821
0.35570437	-0.39973846	0.368093	0.3637775	-0.37660775	-0.32158273	-0.36208332	0.38462076	0.45182955	0.41027457	-0.4106363	0.39185518	-0.3614481	0.40534887	0.31137004	0.4101012
-0.7624711	0.78640145	-0.8023228	-0.8484457	0.8623814	0.8363432	0.8262685	-0.83877766	-0.8272742	-0.81291026	0.8535984	-0.8726191	0.79176205	-0.8032358	-0.80055547	-0.8055179
0.1729557	-0.277579	0.2544922	0.27196997	-0.31810278	-0.23065537	-0.27768588	0.20192647	0.25256893	0.270685	-0.23475726	0.24658027	-0.23294914	0.21312857	0.20478703	0.31715634
0.23168647	-0.2932387	0.23985684	0.28704605	-0.27672964	-0.19236515	-0.22546202	0.23528533	0.2145277	0.21249253	-0.2877187	0.2672356	-0.2140153	0.23229058	0.26905277	0.2685776
-0.83198035	0.9724922	-0.8948966	-0.9672197	0.9334979	0.9077339	0.9003976	-0.9297175	-1.0159446	-0.9353004	0.9157759	-0.9592129	0.95117456	-0.95284	-0.9210052	-1.021537
-0.050752424	0.091069326	-0.11584536	-0.0994148	0.08269106	0.079718456	0.09936084	-0.073477484	-0.11460122	-0.13122316	0.03790956	-0.04224109	0.07520806	-0.04990668	-0.12550303	-0.08844423
-0.49214533	0.42456883	-0.4757886	-0.41670698	0.40777832	0.39033556	0.4780532	-0.46601146	-0.41484332	-0.46053955	0.4170219	-0.41283807	0.45290688	-0.40471798	-0.449725	-0.45744473
0.6333621	-0.67025155	0.62723315	0.713677	-0.7199724	-0.68504155	-0.6901577	0.6987238	0.75011104	0.6631403	-0.72912806	0.6718964	-0.6482132	0.6257858	0.6992496	0.6679437
-0.19109923	0.15920667	-0.17325638	-0.14248405	0.16667978	0.18802078	0.16514334	-0.1828109	-0.23951481	-0.16817638	0.18820487	-0.1552176	0.19624561	-0.17642082	-0.14186604	-0.18459034
0.2758488	-0.23744865	0.275084	0.15818018	-0.19873887	-0.26664072	-0.1980149	0.25344843	0.21443133	0.18166487	-0.18883887	0.202898	-0.23036632	0.21565783	0.21208498	0.17888851
0.7897633	-0.86660033	0.79756135	0.8555534	-0.8367883	-0.7991455	-0.8058047	0.8505364	0.9243555	0.8416999	-0.82299405	0.8570545	-0.848827	0.7898489	0.7817579	0.83909345
-0.32338375	0.3045099	-0.34036872	-0.29166245	0.30945456	0.2801609	0.26324415	-0.36970094	-0.24863128	-0.26697648	0.32824105	-0.34004474	0.2893498	-0.31798446	-0.29723942	-0.28833467
-0.46603984	0.44218385	-0.4424012	-0.41643545	0.43684542	0.3765021	0.4486748	-0.39138916	-0.43467686	-0.45424548	0.39445555	-0.3879333	0.41653097	-0.4042011	-0.4635419	-0.48137832
0.01895656	0.021846395	-0.0037437633	0.07510295	-0.08560274	-0.027065385	0.0052436404	0.07710967	0.083434395	0.014916665	-0.04338252	0.021726567	0.00088085176	0.0039333175	0.015973827	0.074304596
-0.31006348	0.34834614	-0.21602297	-0.31825873	0.2882924	0.26273718	0.2872954	-0.32312304	-0.3027463	-0.27427188	0.2855217	-0.28224447	0.29109633	-0.2884898	-0.34145752	-0.3041163
-0.10979887	0.103306904	-0.097321555	-0.16583146	0.106669344	0.10599756	0.14683858	-0.15102732	-0.14869091	-0.18036154	0.115436584	-0.11632784	0.10073302	-0.11471993	-0.10320697	-0.18970922
-1.1827626	1.2197354	-1.268859	-1.2341559	1.2451197	1.2409029	1.2673416	-1.268784	-1.3183231	-1.2767638	1.2459197	-1.3007774	1.2118828	-1.2817326	-1.2114819	-1.3478807
-0.09698056	0.072984	-0.13072637	-0.0817532	0.08962379	0.034123655	0.12587339	-0.09000241	-0.05144732	-0.10685364	0.081885755	-0.04930692	0.058433715	-0.08653946	-0.11703689	-0.079586856
0.7377171	-0.7505354	0.78671205	0.7870289	-0.7955948	-0.725386	-0.76276183	0.774076	0.77962065	0.7496273	-0.7456489	0.7863531	-0.7247553	0.7745129	0.77405417	0.81812096
0.21753244	-0.2735622	0.28826076	0.21776156	-0.24440756	-0.24452856	-0.19924721	0.20872365	0.21395129	0.2524269	-0.19263367	0.18491347	-0.25806713	0.18829632	0.2120278	0.20377086
-0.42410642	0.43843392	-0.47990915	-0.42634514	0.4619636	0.43067154	0.4453974	-0.45531258	-0.40754613	-0.44064012	0.4097647	-0.42896998	0.39894286	-0.44060737	-0.43460056	-0.44533762
-0.06112768	-0.011064351	-0.045534097	-0.031608075	0.012010111	-0.002875167	0.06706756	0.006304871	-0.063835114	0.011723938	-0.023951922	-0.06831221	-0.021703856	-0.044836693	-0.01962841	-0.06265953
0.73615617	-0.7458349	0.77580124	0.7320458	-0.7590303	-0.6863487	-0.69381243	0.7032317	0.7567821	0.74044055	-0.7061285	0.75483036	-0.6897239	0.7427795	0.6663405	0.7850581
0.1493902	-0.20786858	0.19545022	0.20339695	-0.1775903	-0.15477782	-0.177649	0.211598	0.22621879	0.16325675	-0.1425564	0.23123634	-0.21855664	0.20034087	0.13781624	0.2223656
-1.0854586	1.1702397	-1.1434517	-1.1938217	1.1662719	1.147025	1.1041424	-1.1510981	-1.2332677	-1.1494838	1.2040133	-1.1370139	1.1012286	-1.1191416	-1.1502688	-1.1850307
-1.0227324	1.0451909	-1.0399609	-1.0579112	1.0958155	1.0865539	1.0853657	-1.0419518	-1.1770048	-1.0761137	1.0469414	-1.0462028	1.090538	-1.060267	-1.0640923	-1.1338302
-0.5799929	0.599089	-0.6043196	-0.56221145	0.6369956	0.57078034	0.62883	-0.64456147	-0.6095371	-0.6175634	0.61170554	-0.5990996	0.60539526	-0.5650759	-0.6086349	-0.6507456
-0.5163793	0.6228594	-0.6092836	-0.5414358	0.62104577	0.5178683	0.5949	-0.57541925	-0.6491343	-0.5919477	0.53888255	-0.63326025	0.53835565	-0.60811865	-0.5776044	-0.6130591
0.26610386	-0.21379086	0.32739794	0.22315092	-0.23817891	-0.22070718	-0.25515932	0.28116778	0.30278635	0.26877037	-0.2579653	0.2875757	-0.20164512	0.2800222	0.29410967	0.2624066
-0.24322778	0.13428116	-0.18379882	-0.0934499	0.097388655	0.16600107	0.10685271	-0.11418207	-0.10600296	-0.1513152	0.11588466	-0.085678324	0.13672584	-0.16274948	-0.10105845	-0.1450223
0.28021294	-0.18362133	0.28459528	0.26966813	-0.21734102	-0.28149605	-0.2720732	0.22225016	0.24460177	0.18735822	-0.26616755	0.17970946	-0.23389369	0.26847547	0.24069838	0.2630122
-0.700779	0.7197711	-0.7032294	-0.6782479	0.6431127	0.62523896	0.6366718	-0.7042493	-0.7283134	-0.71091795	0.71745306	-0.7047537	0.6483346	-0.66290766	-0.70346594	-0.65497136
0.08740635	-0.06424264	0.06852806	0.05809763	-0.04834883	-0.08970338	-0.07042314	0.011377272	0.059350934	0.080877066	-0.08105922	0.07747505	-0.032857344	0.07611008	0.026889518	0.050111216
0.06853737	-0.14175113	0.043349944	0.12939098	-0.1093557	-0.13432643	-0.08994659	0.09342566	0.18197975	0.09355757	-0.1318969	0.11637073	-0.093871094	0.07669509	0.11975321	0.18477526
-0.097025655	0.16603602	-0.070343025	-0.07018682	0.14999959	0.07236142	0.06722889	-0.119299226	-0.15240425	-0.13463144	0.16458307	-0.08238707	0.12579656	-0.15715729	-0.15260094	-0.117804036
0.13046488	-0.12142205	0.15620919	0.10300018	-0.16367055	-0.1321623	-0.19740808	0.2092989	0.0813216	0.17215005	-0.10873623	0.13626865	-0.1661051	0.13814256	0.15561926	0.11568261
0.26216322	-0.22065516	0.27479354	0.2200441	-0.2912115	-0.2703052	-0.26732412	0.23597491	0.29922026	0.2696513	-0.31928152	0.22673978	-0.27539757	0.27916914	0.26703078	0.2891249
-0.74074847	0.8356115	-0.88391626	-0.9043596	0.8784861	0.8258466	0.9188272	-0.86245173	-0.93507355	-0.8878633	0.9317198	-0.9102247	0.88010836	-0.9166653	-0.83908516	-0.97997224
-0.8162675	0.8083057	-0.8288788	-0.8177283	0.8687154	0.79193354	0.86972135	-0.83496356	-0.85301006	-0.7981795	0.8013779	-0.8451373	0.80985886	-0.8668872	-0.8252787	-0.8541306
-0.54114217	0.6300856	-0.6464386	-0.5944107	0.6220196	0.57688046	0.6382927	-0.57893896	-0.58958715	-0.6364224	0.6469311	-0.65255	0.61169803	-0.5779591	-0.5836859	-0.6629636
0.68870366	-0.72193766	0.75281036	0.6631216	-0.72536033	-0.63873464	-0.668327	0.7026388	0.7309729	0.70399	-0.65467554	0.6851753	-0.69752914	0.68567127	0.7006434	0.75484014
0.1893202	-0.23216364	0.28985754	0.26201484	-0.2043732	-0.1565189	-0.19528946	0.1802063	0.25981158	0.22473511	-0.2668109	0.22726963	-0.18840443	0.24564944	0.20508467	0.21565725
-0.2753687	0.30205974	-0.31690425	-0.2711827	0.33064482	0.29480943	0.25380126	-0.33199978	-0.31918043	-0.324978	0.27798182	-0.30872568	0.2475976	-0.32919145	-0.25207716	-0.33392456
-0.6766768	0.762373	-0.768248	-0.68495023	0.727258	0.68460953	0.6789217	-0.6979083	-0.73466456	-0.669625	0.7242421	-0.66693795	0.71176	-0.73040235	-0.6818396	-0.7483049
1.0774819	-1.1429918	1.1251293	1.1618835	-1.2000539	-1.1524405	-1.1469932	1.147527	1.1956383	1.1327853	-1.1237409	1.2089549	-1.0775111	1.1335062	1.1554303	1.2114083
-0.4297267	0.46263206	-0.45625752	-0.43364796	0.43279937	0.4569689	0.42852184	-0.41629767	-0.45553073	-0.39670533	0.40406683	-0.44848743	0.37239215	-0.38867205	-0.46665403	-0.42106095
0.20264105	-0.21110958	0.24850468	0.22526199	-0.26621872	-0.22259748	-0.21441834	0.3158885	0.2262617	0.17810985	-0.22452547	0.17962271	-0.19259332	0.23899293	0.23407868	0.18789987
-0.1920856	0.21822153	-0.15158762	-0.1678557	0.2838277	0.1933957	0.25738156	-0.21391949	-0.2859231	-0.17942312	0.18755567	-0.2600496	0.2205229	-0.20297799	-0.23513207	-0.20627822
0.24667051	-0.30844927	0.23261467	0.27417204	-0.31359437	-0.278241	-0.27474242	0.32496288	0.3389763	0.30057147	-0.34223303	0.31253055	-0.27636182	0.295492	0.25691676	0.29297993
-0.74423975	0.74968624	-0.73263246	-0.69334257	0.74652445	0.6777397	0.7504421	-0.68141663	-0.7314052	-0.7351331	0.6995342	-0.69135386	0.67211497	-0.66862327	-0.7099547	-0.7101558
-0.29949588	0.41599384	-0.33344674	-0.32947248	0.3580864	0.41666758	0.34470016	-0.31481564	-0.38808915	-0.36452207	0.40813634	-0.40769094	0.40312716	-0.338919	-0.32793033	-0.41533542
0.72518677	-0.77484137	0.69429016	0.756002	-0.7605527	-0.6859257	-0.6711364	0.7501479	0.7049398	0.7093487	-0.75152385	0.70215464	-0.7420752	0.70908177	0.74791616	0.7204031
1.1181992	-1.1471739	1.1494958	1.148258	-1.2178142	-1.1743253	-1.1504648	1.1411998	1.2950739	1.154108	-1.1839509	1.2309761	-1.1221318	1.209979	1.1186459	1.174092
0.6672757	-0.78620166	0.7520431	0.7539747	-0.7643252	-0.6803879	-0.7432766	0.7352805	0.7860144	0.78295106	-0.73278487	0.7566801	-0.7691544	0.710614	0.70140976	0.7828389
-0.38632923	0.47996175	-0.49297523	-0.44010434	0.52955174	0.4486428	0.42941153	-0.43618447	-0.45563948	-0.5001532	0.47554386	-0.48483875	0.4640109	-0.40991756	-0.47922885	-0.4718633
-0.090997666	0.05231386	-0.0681694	-0.014248334	-0.0008039385	0.076625556	0.076343775	-0.035726238	-0.09054455	-0.03235998	0.09082654	-0.04915221	0.03861727	-0.026673244	-0.098681875	-0.0011520594
0.040653363	-0.07383084	0.06646052	0.0675428	0.002589323	-0.07395918	-0.04844657	0.02465853	-0.012456101	0.055041146	-0.048586816	0.03637109	-0.035858396	0.013959883	0.054291103	0.064953156
1.2270259	-1.2512113	1.3216664	1.2998309	-1.2821902	-1.2623038	-1.3029661	1.2518705	1.3884971	1.3084179	-1.2395664	1.2880067	-1.243882	1.2455891	1.2760961	1.3250436
-0.11920983	0.21627694	-0.22751983	-0.19106741	0.22413693	0.15992688	0.19255641	-0.20890063	-0.29038155	-0.19592112	0.19493635	-0.2702949	0.2062943	-0.17507283	-0.16938818	-0.20550178
-0.8328882	0.7970726	-0.80005693	-0.74017113	0.78288	0.7757106	0.7702558	-0.76072747	-0.78387773	-0.82003766	0.809307	-0.75646424	0.7702801	-0.78448933	-0.8035285	-0.77971935
-0.4609979	0.51871413	-0.48142698	-0.52596027	0.49993697	0.48300305	0.5172785	-0.51277524	-0.5717666	-0.53071773	0.46857196	-0.52271396	0.48529586	-0.47277537	-0.5236947	-0.49903503
-0.2283884	0.2849325	-0.29316807	-0.30747345	0.25375536	0.2227057	0.3101084	-0.24493498	-0.27727634	-0.25255433	0.31233126	-0.2949786	0.31132886	-0.30455756	-0.22897723	-0.2695993
-0.19690068	0.22188893	-0.17356245	-0.22817649	0.22633639	0.24889636	0.22427961	-0.25973022	-0.21800952	-0.23252161	0.24879989	-0.22921842	0.26621607	-0.27806106	-0.28670245	-0.23052725
-0.60491204	0.8218228	-0.8085793	-0.8248151	0.8819533	0.77117443	0.7506911	-0.8092926	-0.87919563	-0.8145202	0.7981455	-0.88749516	0.87958	-0.804735	-0.7425901	-0.8434138
0.046307143	-0.05233099	-0.045400154	-0.01417598	0.028584316	-0.05968737	-0.055045713	0.0534405	-0.028764278	0.01764837	0.03166542	0.019835453	0.025273276	0.013283621	0.0072649033	0.018251637
-0.21155055	0.22072604	-0.23455578	-0.20266531	0.16701248	0.19831164	0.17486389	-0.25295043	-0.24892741	-0.2727218	0.20838019	-0.26489282	0.26382777	-0.18722521	-0.27209425	-0.24043836
0.3527144	-0.30225003	0.35543674	0.29080787	-0.28619903	-0.3234744	-0.28943744	0.36155033	0.2837821	0.357445	-0.31968394	0.27525738	-0.3484572	0.36621267	0.34451416	0.33060962
-0.6122129	0.70285946	-0.60593194	-0.660468	0.66749585	0.6717306	0.71902996	-0.66903085	-0.7065392	-0.64647394	0.68346244	-0.647859	0.6664065	-0.64796704	-0.61233336	-0.74344677
1.0770358	-1.0945197	1.0874345	1.0895743	-1.1085926	-1.1008114	-1.1082228	1.0554079	1.1389858	1.0624042	-1.0639577	1.080701	-1.0467436	1.055818	1.1083277	1.1179943
-0.59953886	0.68988854	-0.6659665	-0.65263456	0.72969776	0.70308554	0.6611151	-0.6315681	-0.78092355	-0.6966041	0.66997874	-0.68620884	0.6575344	-0.6881528	-0.6469678	-0.71662676
-0.34650245	0.27035394	-0.36436364	-0.3039386	0.311247	0.25635716	0.29637563	-0.30703062	-0.34610608	-0.31301978	0.2932612	-0.3441072	0.3047127	-0.31065714	-0.300285	-0.33419514
0.2734207	-0.13937798	0.26442918	0.19190516	-0.18907407	-0.19646591	-0.17404065	0.16188797	0.16548674	0.19201326	-0.19342807	0.14845428	-0.12718381	0.24440299	0.17344542	0.17902224
0.44842866	-0.42313865	0.4498201	0.36078614	-0.42768794	-0.41914344	-0.34352058	0.38555884	0.37031233	0.36665794	-0.37271982	0.39869252	-0.40273455	0.37059072	0.38368782	0.37840384
0.40495697	-0.43409577	0.39439425	0.4300401	-0.38962758	-0.42759374	-0.36954954	0.319679	0.4300885	0.4369881	-0.3836251	0.3559692	-0.38406155	0.39055938	0.37941292	0.43107292
0.31725925	-0.44435638	0.34228167	0.34748313	-0.3570441	-0.3449863	-0.38936856	0.3666219	0.40459147	0.42197314	-0.42815843	0.4200241	-0.40808943	0.32601222	0.4122405	0.38218394
-0.49445945	0.5466327	-0.47140872	-0.5096363	0.55976135	0.5272733	0.47716758	-0.43069836	-0.509899	-0.5411012	0.53367484	-0.49903566	0.48748478	-0.46381673	-0.5273552	-0.5153756
0.60307544	-0.64704335	0.6050794	0.66309404	-0.67665344	-0.61612517	-0.63278455	0.56909347	0.70048845	0.608054	-0.6028383	0.6715468	-0.6383595	0.5883488	0.56115884	0.6885093
0.97507197	-1.0645812	1.0784308	1.04306	-1.0506464	-1.052551	-1.0775497	1.0312303	1.1122735	1.0914112	-1.1033537	1.022615	-1.0208158	1.0605868	1.0604372	1.0856011
0.4066372	-0.3861114	0.35787705	0.41727188	-0.3686345	-0.4219289	-0.41686347	0.36664063	0.368707	0.44118738	-0.354078	0.36589655	-0.35035762	0.41936982	0.38187388	0.38880217
1.1035373	-1.1713035	1.233505	1.1472756	-1.2220027	-1.1357039	-1.1789316	1.1372029	1.2587171	1.2071751	-1.1588145	1.1526839	-1.1407586	1.1986934	1.1443555	1.2226701
0.86574614	-0.9913764	0.8913712	0.9426054	-0.97698826	-0.8925242	-0.9532052	0.9727384	0.9982001	1.0002816	-0.92444414	0.97878647	-0.8917659	0.9323924	0.8775588	0.9984032
0.38779703	-0.35840604	0.35645658	0.41166568	-0.46988568	-0.4279199	-0.40372735	0.4054567	0.45593205	0.4236579	-0.3844477	0.372289	-0.35150772	0.38492954	0.42181292	0.42294326
0.4349124	-0.34602368	0.5057685	0.37506458	-0.44276077	-0.43622506	-0.35914892	0.38978702	0.38675305	0.3921345	-0.4345184	0.40313858	-0.40948957	0.37785748	0.34989902	0.4563885
0.94947946	-0.9679545	1.0352832	1.0387992	-1.0360662	-1.0207295	-1.0267808	0.9729972	1.0376894	1.0365622	-1.0535915	1.0178052	-0.9623969	0.9826837	1.0225444	1.0086889
-0.5929225	0.59684926	-0.522256	-0.5617304	0.55827457	0.543194	0.5314592	-0.56943893	-0.5920552	-0.5654518	0.56898	-0.59421617	0.60782015	-0.5483057	-0.5683492	-0.5929779
0.3375537	-0.3156337	0.3711237	0.34297955	-0.3665952	-0.35256043	-0.27444002	0.29642293	0.37147447	0.33343852	-0.28128144	0.30849916	-0.3263652	0.27814856	0.3635891	0.29606125
-0.37999195	0.39726096	-0.33303916	-0.4259816	0.40806362	0.38636398	0.38227654	-0.41083625	-0.3993866	-0.43212447	0.3506711	-0.37071863	0.37777996	-0.42841515	-0.40486142	-0.43452647
0.5185582	-0.5275272	0.49770108	0.44165206	-0.5362885	-0.49954388	-0.5331692	0.47657153	0.51145744	0.50401884	-0.4327922	0.49027616	-0.5152792	0.51369613	0.46365136	0.46698812
-0.17404781	0.20217712	-0.16713262	-0.14238487	0.16374183	0.16984263	0.16533098	-0.12594305	-0.1860287	-0.20054586	0.14787354	-0.18279853	0.21156093	-0.17357738	-0.14177388	-0.17285824
-1.198678	1.2552465	-1.296911	-1.2275655	1.3386812	1.2069389	1.2462047	-1.2019447	-1.3366128	-1.3054347	1.2792914	-1.2578584	1.307054	-1.2753879	-1.2895318	-1.3373506
0.28534195	-0.24456216	0.27310997	0.24127057	-0.29966155	-0.24685442	-0.2732578	0.29608557	0.30195746	0.23359807	-0.24168555	0.26574355	-0.26185587	0.2813148	0.26163286	0.23920166
-0.1143176	0.10732411	-0.116001464	-0.12684652	0.07534029	0.14016083	0.0820603	-0.105101734	-0.14356245	-0.10580174	0.07903682	-0.06298494	0.08444598	-0.061994635	-0.07143104	-0.13807958
0.24164149	-0.27017537	0.20718782	0.25469875	-0.17929655	-0.21805969	-0.2532643	0.16694087	0.21946913	0.22222862	-0.23199694	0.22256067	-0.2544261	0.1830957	0.19317512	0.25366876
-0.6453984	0.7168124	-0.7443876	-0.76490784	0.7602994	0.6753855	0.68325794	-0.7438996	-0.727086	-0.6978984	0.7137178	-0.75008297	0.71103764	-0.70315725	-0.6926454	-0.7794707
0.5779813	-0.5445474	0.53591824	0.54199386	-0.5430364	-0.53681517	-0.4854286	0.5756707	0.54636234	0.47795734	-0.54989547	0.5322326	-0.53435373	0.5020532	0.5009242	0.51157665
-0.013440678	0.047920994	-0.05122738	-0.093403056	0.021965079	0.05578242	0.009886129	0.008309764	-0.11595279	-0.085865796	0.06671832	-0.024253003	0.016005961	-0.062436625	-0.07023627	-0.02701336
-0.83123595	0.8079461	-0.8585538	-0.8020441	0.8343582	0.8102095	0.8298085	-0.8256479	-0.92501956	-0.88171405	0.8601359	-0.9138342	0.84670436	-0.87257516	-0.7880115	-0.85504127
-0.6378419	0.61926115	-0.6927615	-0.67667186	0.64676327	0.64156306	0.6518367	-0.5998915	-0.62038624	-0.6310021	0.64832073	-0.6520171	0.5968541	-0.6033677	-0.5905309	-0.64957166
0.9613791	-0.99292094	1.015842	0.99471253	-1.0334572	-0.94691813	-1.029381	1.0288519	1.0413563	0.9801015	-0.96169907	1.0597935	-1.0127724	1.0036031	0.9853837	1.0620555
-0.89965403	0.99010205	-0.99728817	-0.94651467	1.0328679	0.9822693	0.9377019	-0.96328044	-1.0826122	-0.97123927	0.94608563	-1.0437338	0.9878539	-1.0073402	-0.95355964	-1.0192842
0.71202695	-0.81470543	0.7368058	0.7849126	-0.7543366	-0.7492843	-0.72319746	0.6875665	0.8393136	0.77474433	-0.7591523	0.8040138	-0.704948	0.74347115	0.7470959	0.7945947
-0.012019431	0.025563842	0.0016954325	0.030676553	0.05494539	0.06460572	0.056947578	-0.023325156	-0.043028776	0.022122957	0.038994927	-0.03801659	-0.019785032	0.020822065	-0.062471304	0.00066809636
-1.4576719	1.5215771	-1.536294	-1.5737157	1.5318633	1.4998883	1.5094004	-1.5511662	-1.6724411	-1.5455765	1.5661863	-1.563202	1.5145215	-1.5552819	-1.545966	-1.5472331
0.6932175	-0.73951435	0.7211689	0.64634377	-0.7433859	-0.6653764	-0.6686121	0.6845171	0.68816096	0.71003383	-0.74368364	0.7067374	-0.64201176	0.68762946	0.64626557	0.7427323
-0.14245833	0.06461443	-0.097032964	-0.10589217	0.037559055	0.07918202	0.05047461	-0.09121778	-0.06989249	-0.10997116	0.079489775	-0.09814888	0.023213763	-0.06950329	-0.115157224	-0.08537204
0.0046704733	-0.017803393	-0.012647697	0.09087234	-0.08592908	-0.05939938	-0.093771145	0.0023323435	0.082941175	0.098078094	-0.07558657	0.037660167	-0.06024192	0.06626335	0.031588335	0.09072168
0.08368632	-0.07354154	0.026173396	0.010146519	-0.0108995885	-0.0682474	-0.002419291	0.037760135	0.0021490296	0.08138258	-0.06153716	0.016497737	-0.0841341	0.06485515	0.038420845	0.081636496
-0.028980985	-0.0003198517	0.03985225	0.026318649	-0.07016696	-0.013087018	-0.013975092	0.021550382	0.0046375236	0.046792373	-0.00073873607	-0.0014084168	-0.049347773	0.04209621	0.0376747	-0.012632573
0.8391407	-0.9564484	0.89326924	0.9421557	-0.9505743	-0.8734202	-0.9155185	0.9100227	0.97392315	0.9199367	-0.92795706	0.99861336	-0.9120247	0.93165314	0.9552375	1.0226402
0.2333657	-0.2826284	0.24473284	0.22689037	-0.2844331	-0.19157806	-0.23398572	0.1679097	0.29348868	0.20016824	-0.22554606	0.20833226	-0.26913136	0.25426027	0.17831963	0.22033074
-0.39951733	0.42210215	-0.42731637	-0.3951699	0.38595366	0.42260733	0.3781952	-0.42568484	-0.41106874	-0.37466842	0.398514	-0.38883805	0.40422577	-0.38405433	-0.4246822	-0.45119622
-0.10686193	0.08444648	-0.15178204	-0.15635923	0.1371659	0.12169012	0.10920665	-0.11654105	-0.06307254	-0.15547861	0.155072	-0.068844795	0.14200461	-0.103354044	-0.13797359	-0.14168176
0.0849177	-0.10619428	0.06295087	0.17841758	-0.09849329	-0.102340594	-0.099750556	0.06771843	0.1076674	0.17114621	-0.16923846	0.11826703	-0.122426	0.121618465	0.1380287	0.17921498
0.91789013	-0.9029031	0.9319297	0.8672736	-0.947488	-0.88614184	-0.94502616	0.85893846	0.9496095	0.8873156	-0.9022672	0.8859602	-0.89797044	0.8469171	0.8510676	0.93915284
-0.35981545	0.24162686	-0.34065747	-0.27288	0.26238993	0.35329264	0.31041154	-0.31324825	-0.29609245	-0.29088905	0.3123443	-0.29264247	0.27295268	-0.2530966	-0.25644886	-0.29385284
-0.06781094	0.11976393	-0.12857035	-0.17356813	0.16137557	0.11479415	0.11132731	-0.078240216	-0.17694826	-0.13088378	0.09983842	-0.13315415	0.15130584	-0.120091535	-0.13785735	-0.09901434
-0.50242245	0.53446186	-0.5191142	-0.46005312	0.52279013	0.5202115	0.50031215	-0.48402148	-0.46323642	-0.44536695	0.5128823	-0.47752133	0.5281289	-0.52474886	-0.5291529	-0.5360466
-0.33958444	0.45529696	-0.46355218	-0.4504527	0.45357284	0.40105385	0.44985747	-0.41760075	-0.43052644	-0.42158243	0.48615175	-0.43695647	0.48872337	-0.44071493	-0.3785001	-0.4409115
0.5028562	-0.56760395	0.5498705	0.5681454	-0.58370197	-0.49507546	-0.5195391	0.5427327	0.5816594	0.57686466	-0.5551134	0.5844712	-0.56452304	0.5397563	0.48954713	0.5563618
-1.0152916	1.0398251	-0.9984483	-1.0015246	1.0163987	1.0017834	1.0524769	-1.00925	-1.0281675	-1.043802	0.9810308	-1.0522163	1.0202976	-1.0182691	-1.022681	-1.0108932
-0.5528058	0.58783144	-0.6025825	-0.563936	0.6660365	0.55599153	0.56383556	-0.55671376	-0.63144016	-0.5744539	0.61770767	-0.5999183	0.562208	-0.57492465	-0.6021849	-0.59905106
-0.42076507	0.4956139	-0.42900074	-0.45291105	0.46024674	0.47333893	0.4689008	-0.49310625	-0.500897	-0.4871269	0.48507386	-0.5474485	0.44336724	-0.4543047	-0.50481176	-0.4892105
-0.3291678	0.45060468	-0.38358116	-0.46203235	0.41525748	0.43765575	0.41271237	-0.3774586	-0.5009625	-0.40975228	0.40221047	-0.39422992	0.37654734	-0.3977106	-0.34575963	-0.41655365
-0.6958922	0.68388516	-0.75700957	-0.73875284	0.7061935	0.7229098	0.6796359	-0.66616434	-0.7985849	-0.73118407	0.72379535	-0.71768177	0.7020606	-0.7024499	-0.7033565	-0.71351856
0.03966434	0.006955057	-0.012776985	0.0064562345	0.043793328	0.047862176	0.026478557	-0.014754762	-0.054107673	-0.044099946	0.067123085	0.025817528	-0.01442512	0.012904625	-0.027244058	-0.021079684
-0.53399074	0.51036114	-0.59557176	-0.5319794	0.5001065	0.530621	0.5019789	-0.53230196	-0.5136163	-0.55472153	0.5547274	-0.5273993	0.4997772	-0.5476756	-0.5361885	-0.5733441
0.25412422	-0.2752522	0.26893935	0.30550295	-0.3376014	-0.28506804	-0.2838739	0.23815235	0.33140376	0.31024566	-0.32358193	0.35221875	-0.29640093	0.26651746	0.31967014	0.29462838
-0.2939139	0.3859318	-0.3777751	-0.3339178	0.38794938	0.3619339	0.35735202	-0.3785643	-0.3502982	-0.37354675	0.31510922	-0.3187745	0.3606804	-0.33063856	-0.3988014	-0.35923404
0.16721965	-0.22167738	0.24126014	0.15331203	-0.20457266	-0.19899206	-0.22034454	0.18188755	0.17748064	0.2068795	-0.23530544	0.17160831	-0.21376447	0.24345182	0.18632555	0.20770746
-0.37527618	0.38521388	-0.3775309	-0.40147617	0.4181143	0.39505446	0.38969174	-0.3816887	-0.41249084	-0.37529993	0.4311114	-0.4377209	0.38141042	-0.40029493	-0.4186853	-0.38561028
0.4223684	-0.4001067	0.33036554	0.37116987	-0.41206795	-0.43425542	-0.35536662	0.37332955	0.3872993	0.43511012	-0.38618228	0.38566738	-0.32972315	0.34421045	0.4053997	0.35025832
-0.194725	0.24642712	-0.21380506	-0.2423026	0.25965	0.20207825	0.20909034	-0.20589343	-0.24811624	-0.24352488	0.20858124	-0.2020443	0.23761162	-0.26479402	-0.20858616	-0.262545
0.37765813	-0.49519196	0.44325358	0.43453845	-0.49268305	-0.41755465	-0.429942	0.46132427	0.47924924	0.49758583	-0.49219984	0.45533997	-0.5091184	0.45137885	0.47798416	0.52406526
0.12799543	-0.22469223	0.13704574	0.23517317	-0.16597493	-0.23308478	-0.16850406	0.1588118	0.1952912	0.20574434	-0.1528514	0.19526586	-0.23919757	0.15169013	0.158937	0.18562654
0.49365953	-0.4898467	0.4427882	0.490805	-0.56456906	-0.46784258	-0.47618204	0.5181079	0.5845942	0.5485997	-0.5766713	0.5373918	-0.5356083	0.50969386	0.5096338	0.5791466
0.2843372	-0.3094092	0.28354406	0.33979002	-0.29248038	-0.28360564	-0.30472767	0.29004624	0.34401032	0.33812484	-0.33397716	0.30021018	-0.28872415	0.2660532	0.32986417	0.31278336
0.015308272	-0.070430726	0.020622978	0.019324988	-0.034605682	0.038319472	-0.024629533	0.0027328036	-0.030082243	0.031889543	0.016478956	0.038666572	0.045285963	-0.036355842	-0.02488043	0.026440136
-0.1936663	0.13791928	-0.18202676	-0.20760675	0.15606776	0.22462298	0.19544148	-0.21527727	-0.20881358	-0.1430118	0.14804019	-0.18930756	0.20566636	-0.19094446	-0.21111056	-0.21670909
-0.23930266	0.31453308	-0.3052425	-0.26422936	0.2903334	0.3051323	0.2901182	-0.27489173	-0.273542	-0.31992298	0.33945253	-0.26631495	0.28531608	-0.2966558	-0.3275694	-0.31285143
-0.5568138	0.7781554	-0.7643999	-0.76690847	0.83430016	0.7263354	0.7712999	-0.78773975	-0.834928	-0.75029886	0.8493328	-0.82978135	0.84449136	-0.78860897	-0.7899425	-0.8037376
0.8809592	-0.8889636	0.879809	0.9422383	-0.9389944	-0.90398705	-0.94180447	0.9207692	0.98374057	0.9387406	-0.925076	0.8961106	-0.9096702	0.8614893	0.9047389	1.008787
0.8337388	-0.8713799	0.8227443	0.81036115	-0.8162708	-0.8883857	-0.8066376	0.79980505	0.8754689	0.8967178	-0.81403565	0.84880906	-0.8061577	0.85786796	0.8209406	0.86789083
-0.48651442	0.7045564	-0.67536014	-0.6846756	0.70983094	0.6421857	0.70102406	-0.6927762	-0.80810857	-0.69560343	0.72921425	-0.7180647	0.7139265	-0.63652366	-0.6136129	-0.7561621
0.86711544	-0.94904053	0.99207354	0.93394786	-0.96004754	-0.94852525	-0.93594015	0.9189286	1.0384202	0.9153235	-0.90717417	0.89210665	-0.922505	0.93101305	0.9228626	0.9756363
-0.24822779	0.24635136	-0.23736922	-0.30693856	0.2938952	0.28536183	0.23810522	-0.23612766	-0.26962817	-0.300493	0.2251235	-0.286347	0.28783885	-0.21584058	-0.22342059	-0.23172724
0.1879865	-0.12126846	0.1095607	0.07265006	-0.10032679	-0.20324568	-0.18139906	0.051193256	0.11113354	0.19812264	-0.18599136	0.16698225	-0.05498155	0.17798583	0.19888385	0.11827198
-0.19482367	0.13348332	-0.18744832	-0.15001535	0.21003978	0.20644158	0.18198414	-0.21102946	-0.2104544	-0.13708264	0.22561188	-0.16051114	0.16418189	-0.1429196	-0.16497482	-0.16667697
-0.7781624	0.85054326	-0.8319726	-0.8236678	0.86128217	0.75386727	0.7471733	-0.8096059	-0.8816248	-0.7756876	0.7679204	-0.82985073	0.7839237	-0.8024645	-0.8044114	-0.7988272
-0.55986243	0.6086939	-0.5893354	-0.56396645	0.6291627	0.5945914	0.6293252	-0.54566026	-0.7027305	-0.61096793	0.5958697	-0.59240365	0.56972146	-0.6142968	-0.59059685	-0.68276817
0.3133379	-0.35048428	0.32447252	0.29107824	-0.33382514	-0.28477418	-0.3612711	0.24701892	0.39309132	0.29664412	-0.3441882	0.367674	-0.3129684	0.34277415	0.2770511	0.32299432
-0.8569459	0.89349383	-0.94842905	-0.96675193	0.97080123	0.9581899	0.9401908	-0.9071545	-1.0061476	-0.9027942	0.9061692	-0.92058533	0.90215284	-0.91509825	-0.8984261	-1.0116794
0.39180368	-0.35052615	0.38743973	0.29031223	-0.38683653	-0.3636709	-0.31025624	0.36744043	0.41605642	0.3635676	-0.3946813	0.34476644	-0.38339195	0.31504756	0.37113652	0.3192464
-0.4851345	0.5025302	-0.6100613	-0.5461855	0.5106234	0.556147	0.525657	-0.5369906	-0.5148249	-0.5693005	0.5071322	-0.57979023	0.5484098	-0.54972863	-0.48329633	-0.52758723
0.37707126	-0.40790933	0.39997795	0.48500156	-0.41685167	-0.41471747	-0.4276317	0.4324997	0.51240814	0.47607782	-0.47493672	0.4153289	-0.43550512	0.41907254	0.378528	0.48277298
0.8964104	-0.9395145	0.9264669	0.94451386	-0.96376246	-0.9920198	-0.9551886	0.9930953	1.01581	0.9443991	-0.9665074	0.98814267	-0.9710293	0.9845657	0.9464992	0.99804157
0.14857838	-0.13720769	0.05533901	0.16472861	-0.13090134	-0.0758394	-0.1422514	0.104876965	0.11520753	0.10480456	-0.108761236	0.15888281	-0.1744223	0.16480158	0.07547616	0.11196357
0.92540914	-0.9660537	0.9497362	0.9727213	-1.011899	-1.0024091	-0.93736374	1.0032427	0.98231864	0.99649626	-1.0124221	0.9931799	-0.98598486	1.0144355	0.98924255	1.0143851
-0.7851814	0.849149	-0.8330846	-0.86078393	0.8713065	0.82688904	0.84091496	-0.8417492	-0.9690155	-0.91846955	0.872015	-0.915241	0.9023074	-0.87314045	-0.85890126	-0.93474716
-0.4945099	0.39571646	-0.49451113	-0.41617146	0.41959736	0.38866332	0.3999539	-0.38538146	-0.41508985	-0.46222734	0.36435297	-0.38679376	0.4078944	-0.43165454	-0.37476915	-0.4540088
0.5351792	-0.49740943	0.5137402	0.44580385	-0.4922053	-0.5005613	-0.43186247	0.4473415	0.537817	0.5000574	-0.518589	0.4623947	-0.45619166	0.44999298	0.47693345	0.51004857
0.2135308	-0.27213377	0.23852909	0.30589828	-0.29479408	-0.28338715	-0.28609443	0.24527042	0.26436412	0.23502171	-0.22943155	0.24840645	-0.22417931	0.2642997	0.2074549	0.27017695
-0.98902327	1.0704921	-1.0400102	-1.040601	1.081378	1.0558194	1.0531939	-1.0767884	-1.103751	-1.0211965	1.0434097	-1.0596676	1.066417	-1.0029953	-0.9844557	-1.1103654
0.59648556	-0.5752798	0.5620221	0.6274167	-0.55873543	-0.5936428	-0.59575266	0.5378251	0.63847196	0.60328597	-0.631641	0.59274507	-0.5373655	0.5874516	0.5915249	0.65171105
1.102104	-1.1779152	1.228352	1.2193117	-1.2493103	-1.1161084	-1.1390563	1.1816092	1.2578211	1.1606059	-1.2011907	1.2154185	-1.2180349	1.1349754	1.1213238	1.279498
-0.18532957	0.18350053	-0.15990059	-0.18553597	0.23243357	0.216467	0.14895919	-0.13783528	-0.23726916	-0.23631483	0.24957588	-0.1892676	0.20498958	-0.20991682	-0.22696193	-0.19755353
-1.0238538	1.0979314	-1.0552298	-1.0638567	1.0694249	1.0650299	1.0652466	-1.027514	-1.1627647	-1.0381402	1.0319135	-1.1224369	1.079795	-1.0741944	-1.0764006	-1.1194154
0.1385112	-0.20375691	0.1302291	0.13566445	-0.19279626	-0.15813163	-0.1539657	0.13609715	0.20502037	0.18120533	-0.1838818	0.22627747	-0.11777476	0.15081416	0.14812344	0.2095762
0.04687268	-0.11409723	0.1094761	0.12180691	-0.107377894	-0.1332712	-0.10893677	0.116659805	0.092305236	0.07941729	-0.095184095	0.16998184	-0.15353492	0.109391704	0.06736033	0.10121578
0.3581057	-0.3705898	0.39891437	0.35520196	-0.30481207	-0.37076062	-0.31164458	0.30735537	0.3619364	0.3803574	-0.32837555	0.34811768	-0.34671405	0.37785476	0.3453995	0.38209963
-0.010753485	-0.039450638	0.0065623927	0.025638515	-0.005052186	-0.050548837	0.020105055	-0.04171766	-0.024701513	0.009074017	0.0047023194	0.0019201088	0.024535371	0.014142253	0.006913044	-0.008148778
-0.7073677	0.7296519	-0.7705668	-0.68653244	0.71455795	0.73589444	0.63950586	-0.70638394	-0.7042899	-0.7069014	0.6925852	-0.6747536	0.646001	-0.6740792	-0.69990665	-0.68420017
0.50610006	-0.52016175	0.47500172	0.50614035	-0.6163251	-0.5266509	-0.520513	0.5077285	0.6302681	0.5309436	-0.5321762	0.5870484	-0.5680164	0.5249803	0.5544631	0.59653836
0.60060376	-0.5681423	0.66789114	0.584341	-0.5742012	-0.60760087	-0.5716689	0.540106	0.65994406	0.608245	-0.5961731	0.6069459	-0.53318816	0.57588714	0.6285101	0.61879385
0.4792057	-0.53707	0.5135041	0.5356129	-0.50631154	-0.5168537	-0.52955216	0.54297364	0.5384408	0.5665791	-0.5447196	0.49176595	-0.563371	0.5151013	0.5419798	0.53810745
0.7955066	-0.90542257	0.8694669	0.8859005	-0.9272877	-0.8714346	-0.8915488	0.896112	1.0309268	0.933274	-0.9575571	0.8790437	-0.9141399	0.9169752	0.9148414	0.9473268
0.33891997	-0.40287724	0.36584607	0.43675646	-0.3653199	-0.403659	-0.38055998	0.4547724	0.43977088	0.42289087	-0.39044133	0.42298225	-0.43587157	0.3665043	0.44599158	0.44023895
-0.0037054853	-0.07162515	0.021521766	0.08079956	-0.04407059	-0.06255076	-0.067713544	0.07827235	0.05196468	0.051873	0.021401819	0.02193916	-0.009243065	0.046437066	0.04274907	0.0710294
0.90772235	-0.93337053	0.964852	0.9825979	-0.98125327	-0.944082	-0.9909983	0.9637975	1.0267764	0.9114376	-0.97200507	0.97777814	-0.9645308	0.95831877	0.92555404	1.0052304
0.091262825	-0.11085923	-0.0024782002	0.038820595	-0.0958715	-0.09764424	-0.07584652	0.06953367	0.07435949	0.12579793	-0.12044113	0.13775778	-0.10279545	0.07506966	0.07922186	0.09752963
-1.1343714	1.2325583	-1.2796224	-1.1984725	1.3082052	1.2332633	1.219365	-1.2376454	-1.3116152	-1.1781204	1.2420964	-1.2163186	1.1954153	-1.1926699	-1.1599013	-1.3064505
-0.14520246	0.11519815	-0.133037	-0.046736415	0.08760169	0.10254648	0.06545996	-0.11489619	-0.051563445	-0.084181294	0.09579365	-0.040703256	0.14439584	-0.109154515	-0.13020836	-0.1252308
0.04127948	0.056977753	-0.040798634	-0.026702402	0.066425525	0.06020966	0.048479483	-0.02364637	-0.003150637	-0.016857084	0.05977029	-0.07860056	0.076279745	-0.031426374	-0.052597925	-0.073931165
-0.8379273	1.0465682	-1.1133097	-1.0109535	1.0658743	0.9122957	0.9638044	-1.013192	-1.1683784	-1.013985	1.0080662	-1.0769436	1.0316887	-0.966217	-0.9845483	-1.1138102
-0.52989984	0.4571233	-0.4973053	-0.5016842	0.4596992	0.4691134	0.4624199	-0.5062325	-0.4167448	-0.4160792	0.46790338	-0.46785173	0.4617682	-0.4476239	-0.45355955	-0.41023707
-0.36399448	0.4300884	-0.40442064	-0.39085227	0.34728086	0.39183208	0.3804745	-0.414304	-0.44522023	-0.43351343	0.4304246	-0.39234248	0.35015476	-0.38224632	-0.42840764	-0.35945114
0.033615932	0.027402895	0.028266937	0.028640054	-0.0043282495	-0.0035773658	0.05564268	0.060788024	-0.0012041621	0.038862966	0.047807366	0.034909084	0.04315524	-0.045699257	0.0116053745	-0.043054264
0.08223072	0.00810308	0.048851717	-0.03312125	0.043581434	0.0029210576	-0.052595843	-0.013952982	0.0280032	-0.030872852	0.04780639	0.024911316	-0.0031071315	0.0523737	-0.012617619	-0.0023026925
-0.6229787	0.6292238	-0.6507028	-0.651088	0.6156862	0.59749526	0.5817697	-0.6037515	-0.6382142	-0.6086644	0.6063701	-0.6081342	0.59427065	-0.6161371	-0.66158473	-0.7003853
0.13579804	-0.003516989	0.0623557	-0.010543903	0.003911657	0.010525163	-0.022789294	0.0052025393	0.035522602	-0.015693674	0.0047452305	0.023052912	0.00856689	-0.03212694	0.018186813	-0.039048746
-0.07172012	0.110783614	-0.026669076	-0.06738099	0.041306607	0.019927682	0.05909222	-0.045020066	-0.076917455	-0.06842856	0.05898584	-0.08520792	0.100582704	-0.029016932	-0.11668954	-0.06607249
-0.0043728976	-0.005035579	-0.07678607	-0.042584732	-0.0065856916	-0.010628752	0.027737953	-0.037918236	-0.057406947	-0.01947295	0.009355508	-0.056736078	0.01516601	0.014314099	0.014220206	0.016598651
0.7247957	-0.7205877	0.70411205	0.6536216	-0.6409373	-0.6646153	-0.60839504	0.7206736	0.6670732	0.67926544	-0.651209	0.6673824	-0.62991726	0.7003068	0.6982746	0.6433195
0.27829576	-0.1578588	0.26559642	0.14863056	-0.17156073	-0.20659456	-0.20539828	0.22303891	0.26147982	0.19116734	-0.17758381	0.17312092	-0.18802893	0.17508118	0.19000044	0.18550313
0.76192194	-0.84152335	0.86144304	0.8018263	-0.92133373	-0.8515184	-0.8475223	0.86058676	0.8521362	0.79747295	-0.8535732	0.9037023	-0.8040102	0.7908433	0.84394264	0.89227724
0.9570633	-1.0887691	1.0344659	1.039242	-1.0630137	-1.0713568	-1.0572878	1.0689812	1.0974929	1.0978073	-1.0620373	1.0831314	-1.054984	1.0760056	1.0519356	1.0752865
0.21586877	-0.27297583	0.30080417	0.28765428	-0.31908065	-0.3150466	-0.2760671	0.28046167	0.3093065	0.2567097	-0.2726328	0.24977195	-0.3295803	0.28698054	0.2237877	0.24879171
-0.14409019	0.14970066	-0.14439526	-0.14273126	0.21115437	0.18120095	0.14437376	-0.17682439	-0.20410334	-0.16342077	0.1327985	-0.1404243	0.18252201	-0.16755661	-0.15030485	-0.16672099
-0.19054125	0.21409996	-0.23083709	-0.13429236	0.1965302	0.17542416	0.17695582	-0.15170662	-0.17977013	-0.22148712	0.13712735	-0.19080994	0.12646967	-0.13566057	-0.1967937	-0.2011209
0.5781767	-0.70446146	0.65959233	0.6570042	-0.6686083	-0.6418438	-0.6113311	0.62447256	0.68015254	0.6237199	-0.6395064	0.6792093	-0.6636688	0.5915009	0.58690053	0.66928893
0.16087648	-0.15113893	0.12561126	0.17548935	-0.19665346	-0.19591649	-0.19422446	0.17172737	0.16111301	0.22398287	-0.17194161	0.14036229	-0.20987114	0.20756273	0.16385102	0.15416813
0.8771446	-0.92078173	0.87926584	0.82076085	-0.8638562	-0.9089253	-0.8584089	0.8730172	0.8913589	0.922503	-0.89829564	0.8691255	-0.81552505	0.84056413	0.90095586	0.9037529
-0.4546214	0.45321378	-0.41570193	-0.4599905	0.4542151	0.39626235	0.44566566	-0.4131042	-0.49756864	-0.4626133	0.5003397	-0.4672476	0.45031244	-0.46425578	-0.44345525	-0.45507625
-0.3984843	0.37674898	-0.40784895	-0.353896	0.35088724	0.36960426	0.38043764	-0.36730587	-0.30286378	-0.29282877	0.37186405	-0.34797525	0.37835246	-0.3017021	-0.38133663	-0.36931926
-0.06718468	0.10052981	-0.14210902	-0.063404635	0.11924832	0.13107586	0.074382335	-0.11285689	-0.13660209	-0.13419153	0.0970492	-0.067207575	0.13820425	-0.13106789	-0.052618194	-0.060688917
0.49800193	-0.598901	0.51098937	0.63006216	-0.60316116	-0.5641674	-0.6420389	0.5366526	0.70139176	0.59046954	-0.642303	0.60508984	-0.6148178	0.6027114	0.54469466	0.64518
-0.5282165	0.5662445	-0.5218378	-0.5555419	0.59249634	0.51848286	0.4765243	-0.5561593	-0.604811	-0.5726095	0.5094202	-0.5728665	0.49850655	-0.5625832	-0.56690824	-0.53847265
0.029022578	-0.022256045	0.07164409	0.029897524	0.006386887	-0.014833771	-0.0034495688	0.030464362	0.065938346	0.0654554	0.0103315	0.064250134	-0.012515933	0.015297146	0.035794158	0.058587026
-0.0022634722	0.01992005	-0.029495712	0.029299386	-0.08009792	-0.07184771	0.016747808	-0.027782746	0.04009434	-0.012398022	-0.07026222	0.044255443	-0.011558861	-0.025728269	0.062776625	0.078486815
0.89156663	-0.9349192	0.8694327	0.8847038	-0.8954208	-0.8403142	-0.92422575	0.89303875	0.91193444	0.94826555	-0.90041053	0.892177	-0.90913886	0.84334654	0.92382324	0.9828147
0.3071066	-0.34368435	0.3433814	0.28082037	-0.33882496	-0.29886296	-0.3046512	0.32919762	0.31046265	0.2888912	-0.3644547	0.34196115	-0.35294825	0.32185513	0.32147095	0.3151195
-0.008666782	0.089282244	-0.12334155	-0.071849465	0.13832214	0.052542526	0.06943537	-0.11849743	-0.11963867	-0.08884429	0.0735983	-0.13919255	0.13011253	-0.11236289	-0.11652312	-0.1251162
-0.798155	0.806722	-0.8610573	-0.77504534	0.83370936	0.82317483	0.7316859	-0.7358682	-0.796605	-0.7794433	0.8038475	-0.77274954	0.7480318	-0.78507286	-0.72940683	-0.82163525
0.021441527	-0.11375753	0.060994167	0.14246713	-0.10318776	-0.065337256	-0.093166746	0.106763825	0.10769241	0.15493079	-0.11180997	0.09103631	-0.16004346	0.14748527	0.108100034	0.11506827
-0.14636827	0.19391473	-0.13135844	-0.186671	0.22806251	0.2159526	0.20635767	-0.22938922	-0.19771877	-0.13061891	0.17054178	-0.14820194	0.20770644	-0.20945518	-0.17996997	-0.16980474
-0.23872645	0.30632773	-0.18665777	-0.30567852	0.25630853	0.2801238	0.28202343	-0.20171385	-0.2719184	-0.26954854	0.33306828	-0.24672727	0.3212982	-0.27896348	-0.25787812	-0.26412
-0.35784304	0.40799382	-0.47423103	-0.4684903	0.40538204	0.48185873	0.45736983	-0.43279508	-0.49321622	-0.39084303	0.4031433	-0.48927495	0.44267282	-0.39215294	-0.40952	-0.45915785
-0.67423886	0.67660457	-0.7595566	-0.72789603	0.72046083	0.736074	0.75232685	-0.6879452	-0.7858635	-0.7760371	0.77463096	-0.72365797	0.7728942	-0.7166634	-0.776741	-0.7967635
-0.10929927	0.16740705	-0.08165214	-0.19079818	0.17604566	0.1153407	0.11534075	-0.11871961	-0.20088443	-0.16243264	0.20615876	-0.14886035	0.19952366	-0.13102733	-0.12932783	-0.22185494
-0.76030105	0.7363536	-0.88056684	-0.72987354	0.8424511	0.8128607	0.8423062	-0.75247335	-0.83783394	-0.7979468	0.7418142	-0.83509034	0.742523	-0.783835	-0.8173693	-0.8471462
-0.7075812	0.78193504	-0.8651164	-0.8867583	0.88520235	0.77659374	0.8175378	-0.85959214	-0.9037918	-0.7976195	0.9069876	-0.8546055	0.849234	-0.8192866	-0.8564094	-0.9454338
0.87438816	-0.8742988	0.949689	0.9386048	-0.9432327	-0.8503115	-0.8766057	0.9199718	0.9377649	0.91697043	-0.93937516	0.8967718	-0.90234333	0.9426197	0.9012198	0.9497742
0.17772612	-0.062414248	0.17096242	0.14106646	-0.09672042	-0.1284676	-0.13579601	0.09248542	0.08424857	0.08045121	-0.13833977	0.14605714	-0.073060594	0.15082395	0.11719996	0.15562193
0.24793012	-0.3349466	0.35088822	0.24377914	-0.22650295	-0.285626	-0.26205742	0.2934685	0.23477226	0.31041566	-0.30679563	0.25293666	-0.23577712	0.29533744	0.24842641	0.27710548
0.57780516	-0.6713379	0.6426906	0.64285314	-0.6283809	-0.6413943	-0.6262046	0.6562854	0.6156088	0.6412404	-0.58781534	0.5890704	-0.5931749	0.63465744	0.6544839	0.68895566
0.821407	-0.86762804	0.8773665	0.8339779	-0.8151866	-0.83830947	-0.80061316	0.8441849	0.90248966	0.80935425	-0.8237558	0.8740055	-0.7997907	0.8707023	0.8504576	0.8853821
-0.961975	1.0564699	-1.0799767	-1.0310363	1.0684992	1.0748689	1.0875164	-1.0429122	-1.0918949	-1.020938	1.0282888	-1.0544709	1.0418864	-1.0440156	-1.0870918	-1.0967982
0.06313748	-0.056738634	0.085623465	0.02045513	0.025592247	-0.020811778	-0.0042616865	0.025924664	0.0055741086	-0.009394126	-0.009720137	-0.00034976963	-0.052857704	0.04915911	0.07214339	-0.025779191
-0.44017166	0.5048064	-0.44373894	-0.4710041	0.42736003	0.49652654	0.50483996	-0.4596771	-0.48979938	-0.46357235	0.42362827	-0.46840435	0.45937914	-0.44351634	-0.46418902	-0.45948598
-0.18992078	0.28326866	-0.24994028	-0.21180035	0.23292129	0.22380689	0.27333686	-0.22452511	-0.2868436	-0.21277127	0.2927077	-0.23407693	0.25104025	-0.18703009	-0.24590765	-0.24258696
0.091473475	-0.023721114	0.07780524	0.07324803	-0.04720959	-0.057122726	-0.054171547	0.07434298	0.0009004168	0.065552846	-0.033729274	0.0784508	-0.0011421622	0.10109734	0.048063375	0.03551219
-0.1283883	0.1260987	-0.11061465	-0.14061609	0.08296232	0.1267326	0.14161174	-0.16966073	-0.1452914	-0.093682565	0.110711865	-0.09288153	0.14902627	-0.14400402	-0.12132664	-0.12675829
0.15351142	-0.27178887	0.17397304	0.25855544	-0.24710356	-0.16729963	-0.21646349	0.19971733	0.20061629	0.17522234	-0.22610968	0.21428858	-0.2554823	0.23478319	0.20261502	0.18603508
-0.771975	0.70656914	-0.7374832	-0.7327091	0.68989897	0.73420835	0.68271244	-0.7254442	-0.7283766	-0.7565965	0.75467116	-0.7227679	0.69752	-0.7088737	-0.7437808	-0.70464
0.61598873	-0.62027663	0.63440144	0.6122897	-0.7021094	-0.6847305	-0.66196245	0.5932475	0.6826014	0.63683313	-0.62841916	0.6642592	-0.66711426	0.6342223	0.587868	0.6533079
-0.8735566	0.9951259	-0.9743727	-0.9846803	0.9518589	0.9859836	0.9217748	-1.0151535	-0.99988264	-0.98924524	1.0069174	-1.0140764	0.9614162	-0.9220504	-0.9111001	-0.9792449
0.017494347	0.0033078135	0.08081055	-0.023653135	-0.044197902	0.0227367	-0.061444636	0.049548715	0.071001954	-0.0253428	-0.050371535	0.05962413	-0.01855348	-0.018055886	0.026840936	0.0671318
-0.14567794	0.18479222	-0.13564283	-0.15025054	0.23155382	0.1766956	0.1423943	-0.21777909	-0.18353345	-0.15880267	0.16732119	-0.17076299	0.14904435	-0.16215968	-0.20155963	-0.14400719
0.24480745	-0.2622065	0.25327802	0.29841128	-0.33225757	-0.282292	-0.3023073	0.24982898	0.3272851	0.2533819	-0.23291801	0.2328589	-0.32146686	0.30101433	0.22704345	0.256645
-0.4696946	0.5186378	-0.549677	-0.4584503	0.46705523	0.50091964	0.500371	-0.49155068	-0.5238073	-0.52889854	0.49506027	-0.47862065	0.51255023	-0.48772472	-0.49988782	-0.5075287
0.56642044	-0.6370656	0.63408613	0.60484016	-0.6091674	-0.6053971	-0.6560655	0.5757958	0.6620833	0.67119706	-0.6370894	0.600632	-0.57820106	0.59747946	0.5944196	0.63587344
0.015452817	-0.058900997	-0.002520484	0.052908927	-0.034531772	-0.06775233	-0.064217396	0.07460758	0.057133332	0.037063207	-0.087929666	0.072258376	-0.07697604	0.030555852	0.030792806	0.049149882
0.12616165	-0.20654318	0.1623246	0.23092157	-0.29742715	-0.16040264	-0.21900465	0.21147937	0.24755135	0.22074415	-0.20145898	0.22578041	-0.25223383	0.19133575	0.18957765	0.21476936
0.014907363	-0.05493007	-0.01098529	0.0680542	-0.1030301	-0.10515633	-0.04893797	0.030579826	0.050664116	0.0898343	-0.075495735	0.11946172	-0.1266051	0.053596653	0.014805085	0.120676786
-0.31308344	0.3472376	-0.33811182	-0.39925203	0.4201961	0.3974821	0.3624281	-0.39130852	-0.41588148	-0.35036653	0.34332743	-0.42091995	0.38416034	-0.37002575	-0.3574221	-0.411469
0.6682613	-0.6194222	0.6276737	0.61555326	-0.6922483	-0.5879665	-0.6288382	0.6463588	0.68521637	0.60167223	-0.6665276	0.5997223	-0.6499084	0.6279517	0.6237464	0.6636558
-0.5316296	0.49919948	-0.47919607	-0.5256127	0.5454615	0.51564354	0.51045185	-0.51396453	-0.5424114	-0.52621675	0.4566797	-0.5111186	0.52313733	-0.51659197	-0.5281155	-0.5386723
-0.8624788	0.92930984	-0.9218357	-0.8893931	0.94455993	0.9569544	0.90723443	-0.89958155	-1.0269516	-0.94864035	0.9194715	-0.9173719	0.87709624	-0.90023315	-0.87582463	-0.93201804
-0.90670854	0.93177587	-0.9845953	-0.9615502	0.9600547	0.99838305	0.9856244	-1.0155549	-1.068257	-0.9824745	0.9956366	-1.0292062	0.9819182	-0.93479294	-0.9563216	-1.0685493
0.47610104	-0.5198152	0.5140904	0.4632027	-0.48365313	-0.4778802	-0.5135363	0.49916273	0.46327642	0.53149307	-0.53161657	0.4923386	-0.48787856	0.5486823	0.487455	0.48186088
0.14695531	-0.027978238	0.08783832	0.114838526	-0.08089419	-0.07603593	-0.13417193	0.07774869	0.13564426	0.078546576	-0.10060321	0.08178704	-0.049960457	0.12524988	0.11466332	0.030866913
0.5842172	-0.61993676	0.5325523	0.54153454	-0.5701442	-0.54693025	-0.5365474	0.5522713	0.6225465	0.6137206	-0.583203	0.576093	-0.5217109	0.5671036	0.5878187	0.6049488
0.9808834	-1.0158234	1.0405304	1.0173347	-1.0555775	-1.0177188	-1.0454321	0.9662998	1.0970372	1.010022	-1.0002519	1.0766448	-1.0199326	0.99746054	1.0184661	1.1251085
0.03024831	-0.035848077	-0.085074455	0.029449448	0.0046265787	0.038929347	-0.0016425584	-0.0010198569	0.032818597	0.024570916	-0.036291532	-0.043871235	0.00720819	-0.04932133	-0.027824603	-0.036182746
0.42410874	-0.42766714	0.4428084	0.43844104	-0.46655604	-0.40042245	-0.42812136	0.43696815	0.48536846	0.39281508	-0.38334978	0.45345843	-0.46298656	0.4457324	0.4386022	0.39740855
-0.31463626	0.20364873	-0.36300144	-0.21721779	0.2408009	0.3199722	0.23990843	-0.34558398	-0.28701845	-0.29449606	0.21765496	-0.22364452	0.26664203	-0.2765724	-0.2755057	-0.22703494
-0.1553709	0.088516526	-0.20336755	-0.062541835	0.13967398	0.093119204	0.084455155	-0.16042227	-0.0727545	-0.08753045	0.054622713	-0.06548772	0.13011934	-0.09828753	-0.1456591	-0.13442324
1.0243133	-1.026243	1.0341421	1.036215	-1.0431671	-0.98107815	-1.089288	1.0448477	1.1280129	1.0754472	-1.0560718	1.11444	-1.0352309	1.0168431	0.9860223	1.1149206
0.04309329	-0.037443805	0.07352411	0.06530824	-0.101350866	-0.051546138	-0.032209076	-0.0032230683	0.04584757	0.05840652	-0.09698627	0.08813642	-0.04447865	0.10224549	0.06382465	0.01568186
-0.1188535	0.14539006	-0.14933507	-0.11944364	0.09743128	0.16020873	0.13069744	-0.11213506	-0.1258045	-0.16179876	0.13208741	-0.16234651	0.15957563	-0.1611863	-0.12883715	-0.15927127
0.56477606	-0.6734844	0.6268736	0.6390575	-0.62922	-0.60919833	-0.636616	0.68638784	0.676539	0.6427818	-0.6311033	0.6918469	-0.6954944	0.68700534	0.6637336	0.7371652
-0.06302322	0.08603446	-0.022721037	-0.09035766	0.060988232	0.06488944	0.09225917	-0.1085189	-0.13832706	-0.10446973	0.09862591	-0.09014062	0.11403451	-0.06282814	-0.08185438	-0.07851195
0.91607094	-0.99096715	0.99294996	0.9439495	-1.0057888	-0.95673954	-0.98631465	0.9021754	1.0868703	0.98066187	-1.0290906	1.0351999	-0.98143697	0.99009436	0.98953545	1.0598077
0.3821918	-0.29416645	0.39051902	0.33859038	-0.35827506	-0.34045774	-0.37470642	0.3335731	0.35223654	0.29710618	-0.35121745	0.38165995	-0.34920844	0.37866536	0.35875568	0.30372563
-0.67305136	0.7070535	-0.7270917	-0.66145027	0.7181798	0.6942011	0.7144677	-0.6484309	-0.66676486	-0.6767672	0.67998815	-0.72284913	0.644128	-0.64549214	-0.72989076	-0.71324587
-0.9729394	0.9774469	-0.96867675	-1.022701	1.0621783	0.99755955	0.9714813	-0.98360956	-1.1044501	-1.0193254	1.0592034	-1.0504724	1.0149308	-1.0368795	-0.9890327	-1.0077978
0.8007184	-0.7785421	0.8136624	0.7590075	-0.81291586	-0.82976276	-0.85011	0.81000036	0.92722976	0.79686534	-0.86693513	0.8234377	-0.7944292	0.7776053	0.7852363	0.88319165
-0.320446	0.40016755	-0.27006128	-0.31257468	0.32241642	0.3519809	0.30855033	-0.4021019	-0.38619485	-0.32593903	0.30371228	-0.32052267	0.37250984	-0.35004154	-0.3623021	-0.33433664
0.510937	-0.5384316	0.4930926	0.53859466	-0.5936845	-0.55176383	-0.5963386	0.5862808	0.5791624	0.5596822	-0.59757394	0.5745154	-0.58346665	0.5275182	0.5156627	0.59116614
-0.15737423	0.24724644	-0.19874255	-0.24968156	0.222388	0.2406452	0.19399853	-0.19303155	-0.2451949	-0.2602026	0.23014277	-0.2472549	0.21582031	-0.16665322	-0.17920269	-0.23929653
0.3172121	-0.41572016	0.2683625	0.39700532	-0.3477738	-0.38480964	-0.31665987	0.37589982	0.40168282	0.37696454	-0.3452916	0.37416047	-0.3321373	0.36300647	0.33882084	0.39850318
0.32696652	-0.2803722	0.30778754	0.35180524	-0.3478884	-0.26402414	-0.33019328	0.32394916	0.35861322	0.3327379	-0.2973814	0.36285445	-0.29385236	0.27185124	0.27895644	0.28176638
-0.4918438	0.5053985	-0.48372778	-0.5062665	0.4868849	0.5363044	0.5216899	-0.50598866	-0.46669644	-0.4939467	0.49699318	-0.4533096	0.52712804	-0.47985896	-0.47399047	-0.45991638
-0.05554292	0.0002367558	-0.077879205	-0.07821149	0.018687703	0.04250224	0.07796941	-0.065996796	-0.07435993	-0.046624225	0.095445484	-0.061734565	0.07942272	-0.07944339	0.0032420203	-0.035602078
-0.82796365	0.85668087	-0.9131357	-0.83928984	0.8769024	0.90748745	0.8993432	-0.8778181	-0.91935134	-0.9406477	0.85718495	-0.8973291	0.9029609	-0.85008126	-0.82889277	-0.9005433
-0.20137598	0.211033	-0.15440425	-0.2577192	0.24041846	0.22695203	0.2128015	-0.21677032	-0.24727449	-0.23437284	0.22859079	-0.25845942	0.183313	-0.1949199	-0.24348998	-0.23593818
-0.43788487	0.39576638	-0.42895973	-0.37734243	0.4009796	0.37911385	0.38475317	-0.36160702	-0.417513	-0.35629153	0.40755117	-0.45456347	0.44389215	-0.40204465	-0.43857342	-0.46325344
-0.19043902	0.22542089	-0.1768285	-0.22733414	0.22795784	0.17270102	0.16537373	-0.19561736	-0.17261967	-0.18392225	0.1683577	-0.22827129	0.17305106	-0.24489768	-0.2161063	-0.24956971
0.15987307	-0.0703594	0.2205581	0.10004875	-0.11122108	-0.13351035	-0.100155465	0.10907207	0.06946689	0.13600715	-0.10372973	0.10786798	-0.06146811	0.1262249	0.082946256	0.09862773
-0.13368042	0.14975367	-0.14764549	-0.13164456	0.14460123	0.085302405	0.1435099	-0.16378184	-0.13010517	-0.15199584	0.112023495	-0.17661266	0.118172325	-0.085101716	-0.16630323	-0.120112486
-0.07776044	0.05259929	-0.014595053	-0.09122365	0.08549972	0.062065262	0.07120227	-0.11719963	-0.09685397	-0.10493553	0.050409243	-0.06973744	0.08445496	-0.070993625	-0.0686732	-0.09859086
0.21767606	-0.25466385	0.19892193	0.24363607	-0.25821146	-0.17234421	-0.18714137	0.19054568	0.25125763	0.20159046	-0.22527589	0.22506215	-0.19148423	0.15711014	0.17261419	0.22766052
-0.15562749	0.11886238	-0.13957822	-0.15069179	0.094479896	0.17653437	0.08818905	-0.13577561	-0.13590395	-0.1330516	0.13867857	-0.13516383	0.09343356	-0.1167221	-0.16935055	-0.12726071
0.42869934	-0.501842	0.46695665	0.45340088	-0.42341322	-0.4741807	-0.49661094	0.49346116	0.45547646	0.4492222	-0.467041	0.4387489	-0.47545332	0.45405895	0.4776582	0.48382545
0.45606276	-0.4140453	0.50139076	0.44147742	-0.4120859	-0.38878772	-0.46483845	0.42168325	0.43104708	0.39525872	-0.38160974	0.38833556	-0.46528643	0.4571672	0.4102303	0.43555883
-0.22370882	0.19967037	-0.2668235	-0.239478	0.16213037	0.22570251	0.15503223	-0.20561384	-0.23437718	-0.22370674	0.21610588	-0.17178918	0.22364531	-0.17938024	-0.15231775	-0.21567415
-0.13394883	0.12901138	-0.08625411	-0.096216336	0.11633648	0.09151766	0.1153272	-0.08489251	-0.09235277	-0.0810826	0.12006768	-0.12879927	0.1543782	-0.08980636	-0.0910863	-0.07938133
-0.2704406	0.34107667	-0.3097732	-0.29532567	0.33258855	0.34903234	0.3377731	-0.31488016	-0.36326793	-0.28920594	0.3429171	-0.30736816	0.3564907	-0.33903724	-0.29955667	-0.3647762
0.14639881	-0.1403207	0.100655116	0.14105766	-0.16855244	-0.11098506	-0.12935373	0.14548902	0.1394931	0.08140357	-0.10856992	0.12502165	-0.16210029	0.16425607	0.12771367	0.15299849
0.30926844	-0.27034533	0.22466986	0.2657738	-0.31626174	-0.29771134	-0.32608467	0.28246206	0.31984508	0.27469522	-0.26912624	0.33166596	-0.2866618	0.3145166	0.3101412	0.32855585
-0.28003398	0.26265353	-0.23861466	-0.26054066	0.30611625	0.2833777	0.30001274	-0.23183271	-0.2737524	-0.2813477	0.23198427	-0.31487578	0.27931923	-0.2796157	-0.24291915	-0.2683522
0.7557502	-0.8364416	0.83544475	0.7685789	-0.82260865	-0.77739286	-0.7495664	0.8086721	0.87779623	0.8326578	-0.81457764	0.85406154	-0.75309366	0.83936036	0.7857955	0.8705856
-1.0443304	1.0600166	-1.0961052	-1.0391246	1.10883	1.0024241	1.0765599	-1.0909759	-1.084286	-1.0624666	1.0488507	-1.0859774	1.0670898	-1.0633498	-1.0653857	-1.1058593
0.35355803	-0.3364579	0.4371924	0.32781228	-0.36476642	-0.40861902	-0.381138	0.35028154	0.37056738	0.33616918	-0.38048708	0.36454487	-0.38949865	0.35865572	0.413006	0.38407257
-0.20277858	0.24850555	-0.21308869	-0.26997492	0.21094522	0.19823526	0.2242895	-0.18767957	-0.2915916	-0.28847536	0.24508345	-0.2700997	0.20226556	-0.23235302	-0.28724185	-0.23976605
0.03813407	-0.01885221	0.040172376	-0.0009830466	0.020022018	0.004744805	-0.027586747	0.03559537	-0.023598839	0.0021096393	0.03211926	0.01982577	0.022003585	0.042201117	0.04363648	-0.022532888
0.23837459	-0.22695702	0.30894285	0.29141587	-0.26834896	-0.24600303	-0.3034574	0.28791183	0.27734348	0.23023348	-0.2819702	0.32551026	-0.3185109	0.2541903	0.28193516	0.30620375
0.33945903	-0.3256305	0.36697376	0.29823482	-0.3496314	-0.348893	-0.33372796	0.30443025	0.3333194	0.40133902	-0.3958879	0.38949427	-0.3943536	0.3987989	0.40432537	0.41450953
-1.1877563	1.1893169	-1.1641927	-1.2385051	1.2435675	1.2144102	1.1965879	-1.2088251	-1.2733656	-1.2260578	1.2365483	-1.220666	1.1942163	-1.2099105	-1.1818976	-1.2675657
0.42442572	-0.4602892	0.4248546	0.42785832	-0.4857111	-0.48509344	-0.44168267	0.4212179	0.47289363	0.49166813	-0.47950488	0.43319574	-0.44904032	0.40491638	0.4362508	0.49149543
0.29616693	-0.28108832	0.34663892	0.26569104	-0.25390366	-0.28882062	-0.28728914	0.3205262	0.27748713	0.31172588	-0.33326104	0.32514656	-0.31690025	0.3022538	0.29149327	0.3348936
0.37919724	-0.4133938	0.43683523	0.45317173	-0.40953633	-0.4512469	-0.4740376	0.48813143	0.44766968	0.4134913	-0.4327786	0.49171367	-0.40758032	0.45270237	0.39842463	0.49241877
-1.4761213	1.4396614	-1.5417901	-1.4039617	1.5333098	1.4038212	1.4208086	-1.506642	-1.503994	-1.5062183	1.4573623	-1.4449412	1.4958324	-1.4858619	-1.4007411	-1.4911906
-0.7528293	0.9191519	-0.8656292	-0.8574976	0.9474436	0.8269548	0.8600748	-0.8649068	-0.8950516	-0.84263843	0.8693329	-0.9284306	0.85173947	-0.85043526	-0.8400382	-0.9601105
-0.21692276	0.3949923	-0.40279508	-0.38164547	0.4450521	0.29830882	0.38857514	-0.4079074	-0.44004396	-0.371254	0.46560323	-0.39258373	0.44447866	-0.3842209	-0.38409173	-0.40647626
0.6310537	-0.67831683	0.5954753	0.62771404	-0.6941861	-0.58726615	-0.69173336	0.67383665	0.70506084	0.59807646	-0.63072616	0.6398931	-0.60638	0.63728404	0.6548898	0.636195
-0.14800368	0.20592406	-0.14222415	-0.12887768	0.17374182	0.18449968	0.106173836	-0.18107517	-0.1453775	-0.11180631	0.12735865	-0.1855331	0.1426342	-0.10568332	-0.107937336	-0.14300302
-0.12035856	0.12627834	-0.12596995	-0.05396621	0.038824115	0.087291636	0.06690387	-0.11523389	-0.08133912	-0.10418195	0.059065714	-0.09306438	0.14000884	-0.12773085	-0.14682455	-0.051660903
0.84324294	-0.9691705	0.8829277	0.9572828	-0.98832476	-0.87425405	-0.89341486	0.962963	0.9698652	0.970595	-0.96889824	0.89760655	-0.91058284	0.87518257	0.9440946	1.0094936
0.7141732	-0.75761485	0.8021674	0.78449607	-0.80813867	-0.7313666	-0.71180695	0.7391818	0.8260011	0.7926824	-0.7545085	0.7729494	-0.7245509	0.7586337	0.7619018	0.76624566
-0.34696954	0.31762737	-0.31447026	-0.35611522	0.3114227	0.3498905	0.2880405	-0.3344849	-0.3409919	-0.30605212	0.30291608	-0.33226416	0.29367873	-0.3563692	-0.27516493	-0.39512813
0.00421822	-0.02426438	0.04502754	0.012945887	-0.014962527	0.021143254	0.030852938	0.047021672	-0.018305153	-0.04700934	-0.009183968	-0.05072317	0.070491344	-0.02767519	-0.012300966	-0.04401856
-0.20267326	0.19533032	-0.19401439	-0.2578092	0.16807105	0.2506618	0.19462651	-0.16753289	-0.26423848	-0.22783497	0.21167558	-0.24547897	0.25075668	-0.2308877	-0.17320946	-0.18610603
0.8892206	-0.91469204	0.907695	0.90636283	-0.96298015	-0.8590819	-0.9164538	0.92422366	0.9508801	0.91996616	-0.9070069	0.94974273	-0.8975767	0.93216217	0.8416426	0.9321248
-0.21661559	0.26847866	-0.20971437	-0.2931365	0.22708192	0.2722952	0.27287358	-0.32369664	-0.21978672	-0.28559294	0.20663798	-0.30083078	0.2868638	-0.29958186	-0.27239156	-0.2880815
0.038366813	-0.035371207	0.056453962	0.020951875	-0.067041904	-0.057043128	-0.005612053	0.04644138	0.04429047	0.041329067	-0.06340923	0.000714717	-0.04161464	0.015530956	0.0031249535	-0.025254676
0.039274648	-0.038314264	0.017925592	-0.009433028	0.003974921	0.013296269	-0.022063542	-0.04441135	0.0432651	-0.008163094	0.03948812	-0.028968934	0.00683724	-0.027226333	-0.036850214	-0.040212132
-0.1701634	0.14011584	-0.19402143	-0.10782739	0.17666335	0.15669027	0.11559956	-0.17264012	-0.0882455	-0.10739573	0.098206475	-0.15047483	0.14145623	-0.10764128	-0.17116447	-0.09025423
0.42936972	-0.47792375	0.45211387	0.40119398	-0.42894626	-0.47754344	-0.4811351	0.40803078	0.46740657	0.48798436	-0.47910148	0.5092677	-0.46342802	0.4060025	0.40973362	0.4492727
0.7844317	-0.822813	0.8190542	0.7213195	-0.7638095	-0.80188113	-0.78184426	0.726515	0.8740449	0.7646375	-0.74743766	0.7690532	-0.7850302	0.723418	0.7450952	0.8021963
-0.42360622	0.42225927	-0.44334626	-0.4532857	0.48182407	0.45495075	0.46625295	-0.39654177	-0.41006806	-0.4209783	0.4058776	-0.4359189	0.4627487	-0.43960905	-0.44674596	-0.46992102
-0.96480095	0.93034756	-1.0118107	-0.9435342	0.9635474	0.93152714	1.010523	-0.9755853	-1.0592368	-0.960753	0.9375184	-1.0186666	0.951451	-0.9612052	-0.98568314	-1.0490305
0.48942503	-0.5280983	0.5482603	0.54489946	-0.5467001	-0.5245344	-0.5876247	0.524296	0.6219215	0.59724635	-0.5861804	0.54058295	-0.5655534	0.5809121	0.5242695	0.5563377
0.30845663	-0.32866153	0.25204688	0.2528232	-0.25944772	-0.2637329	-0.29309002	0.29495338	0.3026475	0.30040526	-0.2637553	0.3340376	-0.32205138	0.24698234	0.24432592	0.2636796
0.722492	-0.7923464	0.81679916	0.7821769	-0.8141262	-0.7681817	-0.80905294	0.7786445	0.80071163	0.756912	-0.7548397	0.8151716	-0.8444052	0.76010853	0.7467606	0.8426897
-0.95706487	1.0541028	-1.0592643	-1.0158939	1.097238	1.0599823	1.0324265	-1.0945723	-1.1365081	-0.9871534	1.0090798	-1.0655553	1.0250816	-1.0250082	-1.0477177	-1.1021004
0.14957117	-0.10534835	0.10855426	0.099073544	-0.12540017	-0.09580046	-0.15252282	0.055483807	0.10135135	0.1543878	-0.07764042	0.13917845	-0.119105205	0.0683422	0.069494896	0.16408944
-0.02207118	0.01917213	-0.029602738	-0.012251771	0.030680778	0.06301184	0.014599782	-0.023767678	-0.05520566	0.0049014767	0.08034688	-0.009803871	0.058325764	0.0016361218	-0.019531298	-0.035095647
0.048093885	-0.06637805	0.053337254	0.109135725	-0.09677088	-0.044160303	-0.11720197	0.11560127	0.09876387	0.07351219	-0.14285155	0.056453362	-0.12512642	0.036894888	0.07425357	0.10295321
0.035265204	-0.020174721	0.05379327	0.019811522	-0.014137343	-0.013192078	-0.08108092	0.04368402	0.0975957	0.06927623	-0.0101313805	0.060259875	-0.09491113	0.04529871	0.002218262	0.1102215
-0.03708516	-0.038434774	-0.036766075	-0.045063082	0.05611637	0.046388157	0.0032945347	-0.024350878	-0.03380396	-0.06251409	-0.008184506	-0.061607964	0.020808985	-0.018452777	-0.019920576	-0.05480925
-0.46544367	0.4596972	-0.40819728	-0.47140193	0.44632822	0.4979152	0.4306249	-0.48297065	-0.43715855	-0.4429701	0.4843978	-0.46228358	0.46443462	-0.44248635	-0.40943378	-0.457078
-0.042070903	0.05864007	-0.11182688	-0.06882523	0.09799268	0.087026976	0.07658254	-0.05904893	-0.096057445	-0.054943733	0.06341648	-0.05278449	0.13097562	-0.0865329	-0.02791211	-0.09386753
0.099191144	-0.03652056	0.056900587	-0.041409105	0.013908647	-0.046319265	-0.005083945	0.008949669	-0.024538565	0.044046875	0.032464113	0.007695366	0.048941378	0.014916344	0.022989936	-0.038453646
-0.046340168	0.09782731	-0.015459075	-0.0653652	0.019332232	0.021614788	0.029325722	-0.026093973	-0.013979531	-0.06525984	0.04094031	-0.019823797	0.0418332	-0.0828705	-0.028360145	-0.0039260522
-0.29017523	0.26582003	-0.32675865	-0.28495958	0.31525347	0.2825949	0.34259945	-0.26624525	-0.30386877	-0.3303084	0.26977137	-0.26327765	0.24522108	-0.29801315	-0.26478446	-0.29591355
-0.6404318	0.6688243	-0.72987974	-0.7024446	0.65356	0.68541664	0.6650006	-0.69969714	-0.6798434	-0.7044611	0.72206426	-0.68224114	0.6717211	-0.73095655	-0.7096209	-0.75042427
-0.93470687	0.9817849	-0.990418	-0.98162496	1.0115728	0.94527453	0.9940364	-0.9973476	-1.0427855	-0.9931642	0.98347133	-1.0287304	0.9532007	-0.98338425	-0.9671883	-1.0626903
-0.9836572	1.0205997	-1.0685945	-1.0421584	1.028855	1.0127594	1.0054542	-1.0131264	-1.068875	-0.9909536	1.0459881	-0.97943056	0.97224826	-1.0081981	-1.0211694	-1.0090994
0.054083426	0.049007636	-0.034091778	0.011699952	-0.019816238	0.011349856	0.037853915	0.04527831	-0.012432317	0.01503255	-0.034086052	0.035903305	-0.031788647	-0.013308251	-0.031797547	0.032008957
0.93033254	-1.0296553	0.9115854	0.9308484	-1.0311476	-0.9327016	-1.0001909	1.0124687	1.0591242	1.0137885	-1.0054256	0.9655546	-0.921593	0.93969774	0.9396448	1.0676559
0.8411832	-0.91812015	0.91924495	0.9788403	-0.99762464	-0.9568262	-0.9646759	0.9701076	1.0225631	1.0131258	-0.97245395	1.0258595	-0.9303632	0.9962911	0.90667194	1.0461748
0.3087968	-0.3604949	0.3799802	0.3139423	-0.38169378	-0.339859	-0.30802208	0.29848436	0.36798677	0.34940815	-0.38575423	0.32813433	-0.33226976	0.3799249	0.3549228	0.3857469
-0.5404529	0.649431	-0.6340621	-0.66494167	0.6097618	0.6479625	0.616947	-0.660702	-0.62152725	-0.5768612	0.6570282	-0.64856285	0.6246078	-0.5850603	-0.6591577	-0.6208893
0.17120795	-0.15352659	0.1998202	0.2095369	-0.17640072	-0.19131257	-0.2280338	0.19670406	0.21029527	0.21327387	-0.20037791	0.1858497	-0.16180013	0.18314117	0.2038688	0.2386805
0.1921633	-0.1720624	0.19445306	0.11101819	-0.14512895	-0.1256297	-0.13146386	0.14726897	0.14817868	0.19111332	-0.17102142	0.1736581	-0.12796095	0.18995818	0.11720535	0.14422043
-0.030492866	0.052049063	-0.029311374	-0.08830489	0.08791394	0.012174565	0.08710337	-0.012242831	-0.029980768	-0.024264427	0.035317793	-0.026151296	0.11152012	-0.04523437	-0.008923052	-0.05245697
-0.94117373	1.0886286	-1.1210533	-1.0523642	1.0740635	1.0100303	1.0021656	-1.0481187	-1.1633464	-1.0803486	1.0813053	-1.0676949	1.0237362	-1.0644695	-1.0127451	-1.0985566
0.15151083	-0.14611033	0.19397919	0.18217963	-0.09289714	-0.18034832	-0.13984212	0.08909507	0.14983203	0.09086882	-0.09935423	0.107103996	-0.12024068	0.101256244	0.112192385	0.13955079
0.65890783	-0.7432022	0.70883614	0.66425294	-0.7695068	-0.6814275	-0.6971716	0.6991966	0.7931818	0.72867143	-0.71984684	0.7532957	-0.74990475	0.69548774	0.7493211	0.7130994
0.23720849	-0.19927938	0.19695446	0.12943013	-0.121671736	-0.20414488	-0.113340735	0.21161921	0.10157086	0.12919939	-0.12237121	0.1890138	-0.11740845	0.12633193	0.20803472	0.12627634
-0.29957277	0.3766346	-0.2955727	-0.2992712	0.37213102	0.29240787	0.37500542	-0.36241198	-0.35848954	-0.33460274	0.34974596	-0.35581928	0.34641904	-0.3685097	-0.30373242	-0.31757116
-1.0826278	1.1095514	-1.1421907	-1.1238565	1.0918258	1.1365576	1.0644445	-1.115036	-1.1877106	-1.1289392	1.0651126	-1.1218202	1.0923845	-1.1135283	-1.0990899	-1.2100881
0.031670872	0.004874354	0.009112081	0.011518957	-0.027564	-0.040508926	-0.027635405	0.032477614	0.03789554	0.0324587	-0.09249508	0.005472133	-0.103035174	0.094374396	0.08894979	0.07812495
0.21531352	-0.17694883	0.22682102	0.2173889	-0.1613984	-0.15214849	-0.17341313	0.21620457	0.13663904	0.20638005	-0.1300185	0.14104663	-0.12316794	0.22651473	0.1818716	0.13355663
0.86167604	-0.91740257	0.9054674	0.8274468	-0.94089425	-0.87325996	-0.8960605	0.88562393	0.92365533	0.86653954	-0.8900481	0.90165114	-0.87541014	0.85354394	0.8920607	0.9647404
0.29903215	-0.33549336	0.24622738	0.2710102	-0.29065296	-0.2737417	-0.29439312	0.30081174	0.26626658	0.25073233	-0.31590036	0.32536644	-0.25236955	0.27141634	0.33192462	0.31729537
-0.717797	0.7455393	-0.8486426	-0.81153786	0.80745673	0.71067643	0.81728	-0.80722445	-0.86690843	-0.7530637	0.810203	-0.8122911	0.80604506	-0.82952	-0.78596646	-0.8056489
0.579606	-0.7235411	0.6844397	0.6277783	-0.69801414	-0.7023074	-0.66575885	0.5820753	0.739065	0.6655224	-0.6379085	0.6759845	-0.6804435	0.6462327	0.64377016	0.6780032
0.60568947	-0.660053	0.61074936	0.69776595	-0.75027245	-0.71004456	-0.7157475	0.6356353	0.7046076	0.6673654	-0.67884654	0.6966952	-0.61309266	0.7198781	0.6846125	0.72095627
0.30984202	-0.30250993	0.27245352	0.25729695	-0.35332352	-0.31617415	-0.31438565	0.2749651	0.32211474	0.26247248	-0.3069967	0.3424483	-0.3077453	0.2542964	0.26039276	0.36091286
0.06273683	-0.0012420939	-0.061358474	-0.07090842	0.031876437	0.009510327	-0.01646401	-0.010085859	-0.046694968	-0.060365614	0.073001914	0.0029440126	0.023744542	-0.049532857	-0.014308841	-0.052884806
0.10861179	-0.11856575	0.16586094	0.112005904	-0.101588994	-0.09862673	-0.1636855	0.1938727	0.16506957	0.14801149	-0.1467766	0.15814605	-0.16279979	0.17038111	0.07505732	0.11790347
-0.16151632	0.2563687	-0.19065638	-0.20191272	0.20765536	0.2312308	0.18826577	-0.21615416	-0.15434474	-0.15896165	0.2131272	-0.1918133	0.20598266	-0.17214823	-0.2522957	-0.20117949
0.020781733	0.034866173	0.001982938	0.0046343063	0.045815505	0.016757054	0.04032628	-0.07349499	-0.08119562	0.027848767	-0.009363086	-0.009635642	0.001657513	-0.048845492	-0.05512784	-0.018430883
-0.5480086	0.55387276	-0.6778678	-0.56595975	0.63971674	0.6449372	0.61554	-0.6265741	-0.66219145	-0.5723207	0.6302586	-0.62866575	0.616963	-0.55485404	-0.55410576	-0.6474241
-0.55834097	0.58295864	-0.52691877	-0.64954937	0.6765334	0.5543104	0.5855714	-0.5562946	-0.66505754	-0.6554748	0.57301337	-0.6632002	0.6001221	-0.58084935	-0.61963147	-0.61131686
-0.02567776	0.04681217	0.0024970826	-0.058360957	0.03419061	0.08773676	0.10116131	-0.06551791	-0.032624822	-0.08255705	0.12120044	-0.12330779	0.11363699	-0.10777837	-0.07994148	-0.05886245
-0.37407523	0.33948073	-0.3490996	-0.31461185	0.30032283	0.36518532	0.3212521	-0.33256614	-0.3716579	-0.3428869	0.322502	-0.371046	0.36032835	-0.39724055	-0.3914981	-0.3951369
-0.840898	0.94887716	-0.9328079	-0.98927146	0.9243195	0.8800235	0.9102517	-0.92980576	-1.0069026	-0.9834335	0.9639281	-0.9936164	0.977701	-0.9100865	-0.8764426	-0.9322614
0.15455922	-0.0601653	0.12898378	0.13162899	-0.082580656	-0.11632582	-0.0642158	0.15193588	0.11512731	0.13019736	-0.12380509	0.0935772	-0.11463596	0.14170185	0.092330515	0.06616827
0.49588722	-0.45303622	0.5525103	0.4752665	-0.5482765	-0.4451077	-0.5346833	0.48303077	0.47670254	0.4703948	-0.5054365	0.4804375	-0.45692077	0.53711087	0.53561306	0.5460362
-0.5886028	0.7459353	-0.69288456	-0.7483224	0.81670874	0.75292313	0.7377856	-0.72328883	-0.8206906	-0.75246716	0.7446468	-0.764412	0.8128308	-0.7830137	-0.7021042	-0.7974442
0.3062871	-0.17768429	0.25015885	0.18461223	-0.22704135	-0.26335442	-0.26006454	0.1830504	0.17543136	0.19747135	-0.17308794	0.18282455	-0.15064195	0.26425648	0.24479847	0.16071494
-0.7099875	0.72370136	-0.7158966	-0.7401217	0.8117824	0.7778445	0.6873577	-0.7574374	-0.777576	-0.74377006	0.7074403	-0.7456901	0.76111776	-0.7402689	-0.7209929	-0.7439518
0.90961087	-1.0834216	0.97882915	1.0208048	-1.1066364	-0.99930775	-1.002545	0.99713814	1.0602797	1.0523354	-1.0430439	1.0807939	-1.0347819	1.0478148	0.9714979	1.0823268
0.2539239	-0.21597256	0.25968218	0.2589325	-0.23896393	-0.2210827	-0.2582954	0.23821782	0.2617171	0.26026133	-0.22928342	0.2881495	-0.25383133	0.27472797	0.3096445	0.3007918
-0.01670943	-0.032649446	0.025193388	-0.02501131	0.021538699	-0.006771325	0.042660717	-0.03307025	-0.026688065	0.021509536	0.015417276	0.029976517	-0.01906777	-0.011717825	0.036061887	0.03337669
0.25345838	-0.29259625	0.18990982	0.26408124	-0.2503657	-0.23711714	-0.27210656	0.19584474	0.289556	0.2189338	-0.21209493	0.18900102	-0.2298974	0.24691072	0.25143513	0.25271407
-0.18962005	0.17466345	-0.14999557	-0.1466291	0.14294647	0.19203582	0.15780193	-0.13207377	-0.13521214	-0.17462462	0.16045997	-0.17874904	0.15135105	-0.13879882	-0.14115378	-0.15417151
-0.77688295	0.7760181	-0.8527502	-0.78834444	0.8702856	0.8526657	0.7824857	-0.86786425	-0.8566	-0.86710227	0.8145358	-0.8432696	0.7645012	-0.8483594	-0.7873627	-0.8487121
-0.55825466	0.6411754	-0.5920807	-0.580619	0.6502761	0.57190645	0.5926045	-0.5552289	-0.6496107	-0.6009586	0.6473124	-0.57579464	0.5872225	-0.60702676	-0.5606969	-0.6234615
-0.2638137	0.23585948	-0.29573506	-0.32465848	0.26108748	0.2754267	0.3263125	-0.31416857	-0.34239343	-0.32282948	0.30693382	-0.3107116	0.27872553	-0.31323358	-0.31934908	-0.2722821
0.014340687	0.0547564	0.086625405	-0.036226574	0.07427564	-0.02246571	0.042255275	0.0048619905	-0.05250719	-0.05177848	-0.012499271	-0.08111842	0.058681868	-0.00756939	0.04162004	-0.05001748
0.23368323	-0.21164879	0.23703238	0.22798918	-0.2340133	-0.2329465	-0.16281432	0.1491686	0.201496	0.2224082	-0.18356451	0.19961044	-0.20598722	0.23597915	0.2374734	0.2101177
-0.83006155	0.79051405	-0.85191816	-0.8538145	0.8902236	0.81560177	0.8029922	-0.79718924	-0.9313897	-0.8707972	0.86025053	-0.8171353	0.8284887	-0.81658113	-0.784847	-0.8959124
-0.05706641	0.06798799	-0.109408855	-0.07812617	0.07016217	0.04434236	0.05024591	-0.071504	-0.121518455	-0.06024376	0.14173637	-0.08768972	0.054058407	-0.07154808	-0.08480387	-0.14359371
-1.11388	1.1626477	-1.1921964	-1.1434796	1.2106022	1.1039801	1.1113966	-1.2087883	-1.2404448	-1.1218276	1.1650668	-1.1574829	1.1482898	-1.143273	-1.119646	-1.1957747
0.09110615	-0.03958808	0.049628288	0.07978481	-0.14913905	-0.06551414	-0.12843631	0.06679334	0.106528424	0.037431646	-0.08699456	0.06661315	-0.10145569	0.13277045	0.095447265	0.06456708
-0.7821342	0.8673036	-0.96002424	-0.9007384	0.98128074	0.86302334	0.95063573	-0.94690436	-1.0051916	-0.91827965	0.95633924	-0.9737556	0.9269695	-0.9347442	-0.9388123	-1.0160652
-0.60151714	0.6533017	-0.6611523	-0.7143796	0.7205824	0.6910241	0.703907	-0.6874763	-0.75616646	-0.7344841	0.70842	-0.74745655	0.705624	-0.7166037	-0.6832045	-0.6982651
0.34340206	-0.46601263	0.42202505	0.4014268	-0.50055265	-0.42177948	-0.41782078	0.4206993	0.4681496	0.4625313	-0.45204583	0.4112195	-0.45978868	0.45559105	0.3780529	0.4444752
-0.008451967	-0.088063665	-0.010568607	0.08969973	-0.07351126	-0.07647565	-0.060678083	0.037615173	0.06658594	0.053208426	-0.03921211	0.10885111	-0.04860497	0.07235524	0.012076344	0.045140978
-0.6643436	0.6539596	-0.71989816	-0.67919725	0.6767261	0.68038243	0.65836287	-0.61126316	-0.74447185	-0.70187426	0.6949939	-0.6619699	0.6428972	-0.71618134	-0.6406178	-0.6986239
0.94179	-1.006913	0.9899164	1.0428386	-1.0578115	-1.0088962	-1.00222	0.9749597	1.0537665	1.0289425	-0.98217344	1.0434914	-0.956374	1.0005964	1.0057596	1.1005592
-0.2972845	0.47052202	-0.5298555	-0.52074665	0.49715823	0.44047415	0.37001568	-0.4923056	-0.4918515	-0.40916058	0.48097205	-0.5290965	0.49746588	-0.47229326	-0.48228526	-0.5184174
-0.6468119	0.63961357	-0.69717985	-0.6810758	0.70389897	0.6953955	0.6599414	-0.6391265	-0.74492484	-0.62986535	0.7171434	-0.6846971	0.71834034	-0.6468855	-0.6636194	-0.6568984
-0.3408233	0.3352619	-0.3905983	-0.40695187	0.4000083	0.31825963	0.4217485	-0.31566533	-0.4010711	-0.4022697	0.3626076	-0.36693537	0.39058566	-0.38676617	-0.36293423	-0.4391497
0.23735477	-0.25453427	0.27790338	0.32020837	-0.3158719	-0.2465242	-0.3028724	0.247088	0.32855856	0.30362517	-0.30148757	0.29504418	-0.23060966	0.22638193	0.20691264	0.33591697
0.5533114	-0.53455955	0.64535654	0.53316087	-0.55738044	-0.5841113	-0.5989	0.61414504	0.59882796	0.5825673	-0.58921105	0.65229625	-0.5837295	0.62658286	0.5670297	0.6008418
-1.0029522	1.0289311	-1.0853038	-1.117871	1.087993	1.0555449	1.0146858	-1.0978104	-1.1360648	-1.0382023	1.0867538	-1.0794787	1.0656554	-1.0705516	-1.0698038	-1.1485643
0.472827	-0.4106911	0.43718085	0.4376417	-0.48042738	-0.4398776	-0.41391894	0.37297335	0.4184576	0.48637646	-0.46876106	0.45677862	-0.39462188	0.40814134	0.4161802	0.4559594
0.030127034	0.02635836	-0.033595398	-0.035534434	0.0018434965	-0.0030275357	-0.007177224	-0.052283585	0.0059954817	-0.029574739	0.012911493	-0.016769897	-0.023791855	0.034202587	-0.014263178	-0.04005243
0.017737206	-0.014724496	-0.0041555963	-0.046839535	-0.008348814	-0.036378138	0.010004156	-0.04746589	0.0026463117	-0.040436007	0.049823042	0.015866244	-0.025890585	0.02885448	0.03935385	0.031592023
0.36575052	-0.34227446	0.42997012	0.34913817	-0.3342444	-0.40561727	-0.355411	0.4036848	0.34941515	0.2981424	-0.28563687	0.3606952	-0.29976463	0.3582823	0.33480057	0.3745635
-0.062318083	0.039909497	-0.015803248	-0.051447693	0.057790883	0.019505572	-0.030107483	-0.009882674	-0.027430352	-0.04807494	0.006210869	0.014135204	0.030201185	-0.048467822	0.0002525822	0.022134658
0.11154337	-0.15271156	0.19716275	0.07349423	-0.1369304	-0.093684725	-0.11427277	0.16217169	0.13979343	0.08610554	-0.07970676	0.12800649	-0.14827807	0.15725903	0.15279604	0.15493438
0.2200616	-0.19141558	0.17066589	0.12637454	-0.18777233	-0.14556967	-0.1502978	0.19538374	0.14960895	0.19470686	-0.13791338	0.15139084	-0.18733698	0.20481643	0.11421441	0.13530017
0.85075784	-0.7465462	0.8171379	0.80455434	-0.8003384	-0.80914295	-0.849331	0.84915227	0.8754686	0.77509207	-0.8330314	0.7899256	-0.7689465	0.84280914	0.83783245	0.8414668
0.06394476	-0.0019744926	0.08183598	-0.01690333	-0.055397302	0.015307167	-0.056700036	-0.062769935	0.058835004	0.039790697	-0.044854354	-0.014935161	-0.052362252	0.03271529	-0.012024588	0.020766223
0.37068117	-0.34105518	0.34452567	0.30438665	-0.32608187	-0.33919263	-0.3496661	0.3206109	0.39007646	0.33066612	-0.31566367	0.4101931	-0.35757628	0.40354878	0.33327124	0.40345055
-0.3729484	0.40360403	-0.4141908	-0.3485107	0.4137402	0.42098272	0.4421353	-0.33887237	-0.4681266	-0.35998163	0.37851346	-0.38121384	0.35724986	-0.4159111	-0.3598941	-0.4049521
-0.30611053	0.3760914	-0.27145785	-0.3398877	0.37633404	0.4298577	0.42273495	-0.33141664	-0.3910525	-0.36194304	0.37647608	-0.3969336	0.3058408	-0.35449806	-0.36548153	-0.3521975
0.18367177	-0.1715298	0.16338563	0.20924708	-0.20319979	-0.13665497	-0.13227285	0.1897669	0.16426662	0.19786838	-0.20750213	0.12761797	-0.17640604	0.19211234	0.13211927	0.131638
1.0552833	-1.1018926	1.052894	1.1326387	-1.1767344	-1.0899523	-1.1452343	1.0686147	1.1699215	1.1210985	-1.0751351	1.1480802	-1.0650079	1.1442873	1.0913913	1.1504991
-0.9115386	0.94181216	-1.0535069	-0.976793	1.0052798	0.9463045	0.9951451	-1.0018948	-1.0571007	-1.0023814	1.006358	-0.98444	0.94552624	-0.9684771	-0.9361105	-1.0511854
-0.26510602	0.294806	-0.31425196	-0.30183044	0.31408748	0.3002563	0.2995145	-0.3531586	-0.3488299	-0.33962446	0.26418027	-0.3164191	0.2730087	-0.28728792	-0.30421713	-0.28666118
0.45603698	-0.39237034	0.45058572	0.43282565	-0.45509338	-0.41224694	-0.42293617	0.45970866	0.43876553	0.39523095	-0.46503577	0.4100179	-0.4297443	0.38276634	0.41936806	0.4470251
0.80579394	-0.7610253	0.79377216	0.7818971	-0.7652132	-0.7323248	-0.7231979	0.76303965	0.8316369	0.7960192	-0.8175365	0.79085344	-0.7691254	0.7347708	0.75346	0.7910532
-1.9124618e-05	-0.08522463	-0.027951673	0.096230075	-0.10482272	0.0024408295	-0.02072468	0.0010450025	0.09294493	0.076062456	-0.060036317	0.0999132	-0.11237703	0.026497452	0.027299685	0.034285884
-0.51247734	0.5590455	-0.63343567	-0.57579064	0.51395637	0.52452224	0.5972199	-0.55839276	-0.5391762	-0.58593076	0.5028901	-0.5589989	0.53631645	-0.59850246	-0.5409551	-0.5169446
0.62138164	-0.66741705	0.5899533	0.64880437	-0.6617556	-0.66699255	-0.6620062	0.5804661	0.73653895	0.6821302	-0.61850756	0.67774993	-0.65332943	0.6911257	0.5984308	0.6417589
0.28483954	-0.32004452	0.35067484	0.40420547	-0.38842458	-0.31139615	-0.41002706	0.3030317	0.4218088	0.34057456	-0.41709292	0.43030635	-0.34298998	0.3465605	0.29967386	0.4224487
-0.25258246	0.2843824	-0.28207842	-0.25798002	0.34844634	0.2542985	0.28264675	-0.28251454	-0.313961	-0.26998255	0.31701988	-0.28961253	0.2529981	-0.32380354	-0.2592882	-0.2691647
0.37062803	-0.41788116	0.44624713	0.44793808	-0.47225377	-0.42855063	-0.4857512	0.4238181	0.45116186	0.4292415	-0.4517412	0.4544025	-0.41685855	0.4129765	0.41332254	0.50287557
0.17982867	-0.13198309	0.19818892	0.13496289	-0.18663907	-0.16648206	-0.12485744	0.19384535	0.21577336	0.124564946	-0.20340529	0.13535808	-0.113363445	0.16985492	0.16012155	0.1228722
-0.21986157	0.30919477	-0.29857242	-0.25987402	0.26960298	0.2906461	0.28676245	-0.29123098	-0.28847128	-0.23535697	0.28571084	-0.24394186	0.26097995	-0.31455848	-0.24545653	-0.2575305
0.8493337	-0.8964729	0.9129212	0.8405551	-0.9584851	-0.8569411	-0.87882	0.83744746	0.97419995	0.9105435	-0.8712882	0.93314856	-0.88988394	0.85094273	0.89026725	0.9100363
-0.58964396	0.74353653	-0.72502834	-0.7430265	0.74654835	0.7160831	0.7203897	-0.80047673	-0.7854946	-0.7551955	0.73495644	-0.7703309	0.7434421	-0.74770886	-0.7104986	-0.7837068
-0.2255095	0.27455258	-0.26813546	-0.2645467	0.20181768	0.25921315	0.255494	-0.2046498	-0.21432224	-0.27063563	0.20228998	-0.2851046	0.20157397	-0.27892047	-0.27673933	-0.2877651
-0.04591114	0.06205438	-0.09186488	-0.03665488	0.04307401	0.042847198	0.109788425	-0.07194501	-0.092234656	-0.037910163	0.12256178	-0.11692409	0.092618994	-0.04214156	-0.11390155	-0.06266487
0.75926095	-0.81499386	0.82207024	0.81993574	-0.9013993	-0.83452	-0.8457807	0.81628746	0.9048573	0.80891013	-0.8295099	0.8982356	-0.84025764	0.83906	0.80731916	0.83705056
-0.4604911	0.4550848	-0.4889112	-0.41625464	0.43310755	0.44947192	0.45162573	-0.44346344	-0.4358994	-0.4640599	0.48332727	-0.45077586	0.48095864	-0.43540192	-0.48390982	-0.50206757
0.27945682	-0.33052778	0.26131046	0.3245533	-0.34134656	-0.31416795	-0.2580682	0.3124426	0.32319322	0.2654549	-0.30628854	0.3252668	-0.3379668	0.27589023	0.25294423	0.33247238
-0.4046502	0.46771848	-0.4487423	-0.42691237	0.4596434	0.44543102	0.45731884	-0.46089983	-0.5218521	-0.47945115	0.44094366	-0.44719708	0.4366936	-0.45363328	-0.4509153	-0.52212733
0.99417424	-1.0497159	1.0234493	0.9883531	-1.136493	-1.07011	-1.0441539	1.0520943	1.1033108	1.1001384	-1.0825455	1.1200758	-1.0482199	1.0338796	1.0542984	1.1378567
-0.19350156	0.22838755	-0.17204794	-0.22439611	0.20802653	0.23342252	0.19054936	-0.20038025	-0.22930631	-0.16397288	0.1728491	-0.2449966	0.18665603	-0.18913257	-0.20072934	-0.21090594
-0.03214091	-0.0014494148	-0.071273215	0.004286243	0.028438786	-0.0023557662	0.0056048343	-0.04579408	-0.020934004	-0.027580108	-0.0025825258	-0.019145418	0.05919809	-0.07390929	-0.010010963	-0.001487876
-1.1341335	1.1278265	-1.1657052	-1.2075092	1.1864524	1.1751701	1.1375377	-1.1590862	-1.2380061	-1.1620502	1.1792469	-1.1910803	1.1124644	-1.1662887	-1.1465766	-1.2060484
0.24030465	-0.27069226	0.21040605	0.27795094	-0.19933853	-0.21294937	-0.24451882	0.14340827	0.29855952	0.2666902	-0.25136074	0.2279498	-0.21879274	0.2752551	0.2583655	0.20891398
-0.4070453	0.4787191	-0.40537718	-0.4645578	0.42577514	0.39572608	0.40380868	-0.4319866	-0.443786	-0.47666985	0.4247627	-0.43151498	0.43127635	-0.47072792	-0.45718625	-0.46955958
-0.31527984	0.2925604	-0.27423877	-0.2944599	0.29056874	0.3034419	0.28839707	-0.3213661	-0.31028202	-0.24690372	0.24399759	-0.27887437	0.28897965	-0.3144938	-0.28488463	-0.30601603
-0.6699065	0.8493109	-0.7522728	-0.8322067	0.85340357	0.7783893	0.8117834	-0.796297	-0.90991205	-0.8266125	0.82436574	-0.8389561	0.8242813	-0.76991135	-0.8161031	-0.90668696
-0.87688434	0.8937599	-1.0082082	-0.9373565	0.9578634	0.91632956	0.95941633	-0.9395986	-0.99309576	-0.951104	0.9631872	-0.9166169	0.93590206	-0.9146369	-0.890771	-1.0174029
-0.15181896	0.1120062	-0.18951094	-0.10821245	0.11804103	0.1779563	0.15161514	-0.108455375	-0.10893499	-0.10051078	0.102015406	-0.07184756	0.11534262	-0.09182545	-0.13870709	-0.10073991
0.07530772	-0.10486902	0.057015695	0.12799652	-0.0996327	-0.08580403	-0.14278159	0.07303033	0.14657989	0.10018863	-0.1425675	0.112783514	-0.122553855	0.14345253	0.10073316	0.16996078
0.32552314	-0.29109526	0.26275042	0.20719285	-0.26191065	-0.26052538	-0.27077007	0.22934805	0.24534567	0.22479561	-0.25608185	0.29841286	-0.24775471	0.29012313	0.28049797	0.28081316
0.02632238	-0.050023727	0.055903804	0.011592855	0.030409332	-0.06804291	-0.022429816	0.047391713	-0.025639648	0.051770337	-0.010379343	0.027537525	0.012937952	0.0024507148	-0.021429215	0.017193925
-0.41707024	0.48410395	-0.4179373	-0.44712478	0.4962033	0.48826346	0.45791653	-0.4350929	-0.506633	-0.48478574	0.50615156	-0.4885387	0.50771135	-0.4648773	-0.42921552	-0.44598794
-0.21187447	0.28352258	-0.18644664	-0.20241867	0.28661674	0.22839513	0.23759304	-0.21115406	-0.28530592	-0.19182469	0.2690936	-0.29354912	0.2563595	-0.27099064	-0.2302057	-0.26774564
0.15799661	-0.21890092	0.08125616	0.2052962	-0.1392341	-0.16401792	-0.12422339	0.12417815	0.18641938	0.20629837	-0.17105526	0.19539757	-0.12094013	0.17816296	0.1951113	0.12522367
-0.33376542	0.36213923	-0.3320431	-0.4090398	0.35141543	0.30752298	0.32611662	-0.36434153	-0.42822686	-0.3894721	0.3944108	-0.3357295	0.40989143	-0.40956372	-0.33097196	-0.3885581
0.06321148	-0.046411257	0.14110602	0.092143424	-0.14152081	-0.074653104	-0.116997726	0.06265063	0.06975121	0.048940018	-0.124694064	0.05504666	-0.11700351	0.1239161	0.04387453	0.14234194
0.08646523	-0.09763911	0.08537975	0.1253814	-0.10975196	-0.13228294	-0.11355492	0.12999132	0.0741714	0.13537146	-0.13525519	0.1166341	-0.074170135	0.13286033	0.087272026	0.13265254
0.5447875	-0.46265605	0.5217966	0.4476384	-0.44678992	-0.4998788	-0.5287076	0.5270956	0.49016234	0.5094644	-0.44982058	0.53314835	-0.53227216	0.4981566	0.55282044	0.48001698
0.3434779	-0.36352858	0.3162364	0.39600703	-0.35944897	-0.3360743	-0.372502	0.37140563	0.38484964	0.3322402	-0.42524654	0.36157694	-0.4240804	0.4082903	0.39901397	0.36526605
0.30274263	-0.2920439	0.2767293	0.318671	-0.25700024	-0.28430212	-0.22878648	0.24883577	0.26179257	0.26512268	-0.27116767	0.2671433	-0.22542165	0.3096914	0.3052628	0.31855246
-0.17527378	0.17481539	-0.15728213	-0.12871899	0.15527149	0.14283672	0.17358518	-0.116872616	-0.13261487	-0.17500514	0.13688385	-0.16534454	0.12482174	-0.159517	-0.14248565	-0.18940164
-0.2082648	0.18546541	-0.12945704	-0.23765677	0.21627943	0.17848222	0.24747321	-0.22377567	-0.1899068	-0.18093404	0.19394971	-0.17745642	0.19638819	-0.24079034	-0.19906358	-0.26025632
-0.5387953	0.6376949	-0.62685984	-0.66659445	0.6176561	0.62226486	0.671517	-0.5779535	-0.71176803	-0.6119012	0.6725617	-0.6662767	0.6474353	-0.6433439	-0.6375833	-0.70049965
-0.52375	0.5450549	-0.57034737	-0.5352695	0.55366075	0.5695802	0.5526978	-0.5917737	-0.6199799	-0.5877813	0.5621777	-0.5530103	0.5559262	-0.52644575	-0.5484397	-0.61695224
-0.19543822	0.21069536	-0.23595007	-0.16879338	0.14144303	0.1325331	0.14592203	-0.21899003	-0.19898777	-0.19769074	0.21427569	-0.17359917	0.1681508	-0.17449057	-0.19038424	-0.18536274
-0.035642564	0.10988567	0.013349399	-0.08982532	0.024562554	0.021787805	0.035913613	-0.07688308	-0.09251397	-0.08997081	0.038111996	-0.09923135	0.08821064	0.0012530263	-0.024878884	-0.09546706
-0.56833977	0.5477427	-0.666473	-0.5643254	0.5479353	0.5822587	0.5685698	-0.5239635	-0.5553315	-0.5803873	0.5814523	-0.5804493	0.54358834	-0.5645345	-0.5251434	-0.59907013
1.0352949	-1.0689875	1.0517137	1.0827794	-1.0607616	-1.0837449	-1.0523442	1.0089633	1.1061432	1.0885327	-1.0703329	1.0929955	-1.0693784	1.0570003	1.0715641	1.0743505
0.25659254	-0.32405743	0.20556198	0.29313692	-0.29936367	-0.30395317	-0.25372773	0.2194616	0.30831867	0.29866222	-0.2780286	0.24006948	-0.22930172	0.27631202	0.2673425	0.32572755
0.5027504	-0.52928174	0.5400988	0.5269386	-0.6291237	-0.51471275	-0.565978	0.57037014	0.5932796	0.56344426	-0.57807755	0.5883038	-0.59674585	0.52424085	0.5049634	0.5960844
-0.14759344	0.23856686	-0.34571874	-0.2709289	0.35337755	0.20712407	0.2866456	-0.34034112	-0.3752341	-0.28361976	0.34621218	-0.35433847	0.27968052	-0.28576738	-0.24388093	-0.35830405
0.5548959	-0.532504	0.54767495	0.54422283	-0.5996564	-0.59854925	-0.51356417	0.51607925	0.57971376	0.56636244	-0.56188315	0.58066267	-0.517492	0.5060305	0.55080634	0.5691753
-0.4589487	0.46800005	-0.52914494	-0.38580132	0.4986829	0.48621958	0.39883304	-0.46724963	-0.50078624	-0.47577134	0.43499348	-0.47547218	0.37839305	-0.47719067	-0.4065804	-0.47905517
0.61006916	-0.6626279	0.6719832	0.65378946	-0.6672464	-0.6454798	-0.6519247	0.63795036	0.63764375	0.65919596	-0.5798276	0.6179399	-0.566723	0.5812973	0.63800335	0.6345216
0.29673967	-0.27367464	0.26313117	0.2737638	-0.26018217	-0.29833654	-0.2651192	0.27033436	0.24407692	0.2740162	-0.31051219	0.2748009	-0.21228671	0.22741286	0.2637147	0.3145215
-0.74664694	0.80186427	-0.70714486	-0.7687791	0.7854286	0.7718599	0.7212859	-0.7427201	-0.73651105	-0.71774244	0.7422079	-0.72839314	0.7153223	-0.7817935	-0.76750696	-0.753891
0.53130394	-0.6902233	0.59622747	0.63766974	-0.63895655	-0.5962384	-0.6305175	0.6099637	0.6449284	0.63121164	-0.6447024	0.6217383	-0.65661085	0.6317184	0.6408635	0.6352506
-0.52968967	0.62068677	-0.5654689	-0.60600173	0.5933559	0.6101107	0.5959486	-0.5752613	-0.58051115	-0.56765836	0.6060872	-0.5368705	0.5540557	-0.5504923	-0.55670756	-0.55828816
0.32484442	-0.38436055	0.23835707	0.33956397	-0.34862515	-0.37084427	-0.2991423	0.29669657	0.37748626	0.33514747	-0.37163207	0.34990692	-0.32670063	0.3458255	0.2921279	0.31249937
-0.17920972	0.17174341	-0.22678143	-0.21340702	0.1617807	0.22002909	0.20934919	-0.16833082	-0.19195035	-0.13647199	0.16655563	-0.20469707	0.17334656	-0.16930683	-0.21868171	-0.23824108
-0.16240512	0.15189576	-0.119937696	-0.16679713	0.172666	0.18227889	0.12734605	-0.11299119	-0.13091089	-0.14097819	0.17864965	-0.16716506	0.12152785	-0.15105967	-0.15776964	-0.1404509
0.83527786	-0.8861745	0.83172613	0.9037008	-0.89384764	-0.83462185	-0.8727797	0.7992076	0.94735765	0.91348475	-0.8943136	0.87489456	-0.8563683	0.8371628	0.8330473	0.96951103
0.5504223	-0.6065683	0.5853729	0.51298183	-0.54595417	-0.5870637	-0.5424831	0.579473	0.60618705	0.5911777	-0.5417483	0.54991245	-0.582074	0.6157325	0.6193159	0.58469105
-0.43911722	0.40420455	-0.39040434	-0.43737105	0.46056697	0.37056726	0.37437978	-0.4384699	-0.4072009	-0.46158385	0.43187788	-0.42586997	0.37173983	-0.3846768	-0.41905332	-0.45901585
0.3074642	-0.36517528	0.37819284	0.36760852	-0.34024352	-0.32436082	-0.3823475	0.373288	0.35368073	0.29990843	-0.357816	0.35808763	-0.29563352	0.3479193	0.37363225	0.39739674
-0.024039352	0.041715786	-0.057554275	-0.05914339	0.040696792	0.0833596	0.052422397	-0.06770536	-0.103920005	-0.06787359	0.0757918	-0.07909725	0.10780954	-0.047247007	-0.049691036	-0.040711425
-0.6058712	0.69113207	-0.6600806	-0.63404757	0.64499146	0.6072364	0.6481467	-0.6322142	-0.70035076	-0.66032296	0.63492125	-0.61773413	0.6948124	-0.6204651	-0.6189865	-0.6544861
0.77006495	-0.7497107	0.78735876	0.7521835	-0.74644834	-0.8097767	-0.7605551	0.8102561	0.7980678	0.7458863	-0.7822533	0.8270291	-0.72772	0.8067856	0.811142	0.80548984
-0.2272829	0.3059274	-0.2606361	-0.23543105	0.3095992	0.20381686	0.29093745	-0.22344056	-0.28316197	-0.27636313	0.3080073	-0.29718128	0.30907792	-0.2223609	-0.21666151	-0.3089521
-0.7924457	0.8060912	-0.86384314	-0.86299026	0.8188484	0.84691465	0.78550106	-0.822323	-0.83194584	-0.82886267	0.8081885	-0.7956386	0.80674845	-0.8092394	-0.7828891	-0.8370663
-0.048985593	0.04241229	-0.027685795	-0.075025074	0.09901766	0.08226127	0.077637866	-0.04306649	-0.013646517	-0.012685808	0.0872925	-0.031956878	0.04964557	-0.015035848	-0.05375014	-0.08344877
0.6120447	-0.5644803	0.64572155	0.53866816	-0.5648456	-0.60874456	-0.585079	0.5922229	0.6504162	0.5680358	-0.61370105	0.6343777	-0.61609757	0.5549739	0.53869957	0.5880136
0.44867593	-0.51811314	0.5405413	0.52523386	-0.53625333	-0.5166886	-0.4701329	0.46318704	0.54639107	0.5239229	-0.47268614	0.4712593	-0.45704296	0.52088946	0.5215173	0.4987027
-0.06285653	0.049421344	-0.06691719	0.008338451	0.030267186	-0.009563113	-0.019194184	-0.08285972	-0.003919992	-0.009217433	-0.022904139	0.030552065	-0.020013409	0.011190153	-0.04138925	-0.0389548
-0.3002237	0.35523766	-0.27720162	-0.35914874	0.32796422	0.30269265	0.34487617	-0.3218599	-0.33932534	-0.37315083	0.38455302	-0.30965793	0.34468293	-0.32451203	-0.32678923	-0.35392258
-0.50824594	0.4977879	-0.51999366	-0.49680057	0.5046793	0.47234523	0.4762976	-0.5186691	-0.4816494	-0.48095223	0.50488704	-0.47018874	0.53084946	-0.49984047	-0.5419753	-0.5365944
0.4885225	-0.401298	0.45934445	0.4082793	-0.45217508	-0.4725541	-0.41368088	0.39863148	0.4739116	0.44365746	-0.409654	0.481221	-0.46482053	0.4765721	0.4416178	0.4217258
0.60548353	-0.75616413	0.6363814	0.68525267	-0.72102207	-0.63049	-0.70244926	0.6991723	0.7648377	0.7192954	-0.76140475	0.71217716	-0.6763024	0.7213625	0.6594224	0.7527113
0.3655466	-0.45810267	0.37388608	0.41423225	-0.43364158	-0.3507495	-0.39364386	0.37778285	0.44370455	0.41403762	-0.39289835	0.41431898	-0.43233356	0.43436518	0.39974067	0.40125325
0.5896479	-0.6122302	0.65356326	0.58356994	-0.566324	-0.6186104	-0.5689975	0.6258009	0.6333776	0.59394574	-0.550764	0.54275393	-0.5849209	0.6035605	0.5162988	0.59102696
-0.18779124	0.2636177	-0.21158086	-0.31127626	0.3172682	0.21917893	0.31893456	-0.23845336	-0.3134618	-0.2715028	0.33587828	-0.30917856	0.25050968	-0.22904697	-0.28405565	-0.32146233
0.27022094	-0.32794312	0.28466773	0.27906707	-0.2744948	-0.31176132	-0.28478137	0.30993593	0.37349463	0.3329871	-0.25220817	0.3080222	-0.33694765	0.31429222	0.2530829	0.27249745
0.4553173	-0.4386959	0.4689851	0.4493199	-0.39262107	-0.3920192	-0.41813624	0.44614792	0.42367232	0.4070429	-0.40354186	0.4337643	-0.42711747	0.4653404	0.46072227	0.45384514
0.15160878	-0.073635645	0.09957962	0.13604364	-0.09710703	-0.11236296	-0.13952483	0.069799006	0.14746131	0.14264219	-0.11030625	0.13440442	-0.07704983	0.13680513	0.097103246	0.07564163
-0.22822972	0.08774369	-0.2357425	-0.1500867	0.13400902	0.16316274	0.12420382	-0.1407863	-0.08454814	-0.17239684	0.08889167	-0.08840613	0.16456582	-0.10812073	-0.1801614	-0.103000656
-0.9331605	1.0420415	-1.0244906	-1.0572693	1.0437278	0.97487736	1.0342984	-1.048781	-1.1260641	-1.0622433	1.0297588	-1.0171335	1.0018712	-0.980302	-0.9694313	-1.1105297
0.90868515	-1.01869	1.0035203	0.94320047	-1.0633789	-1.0068744	-0.93827045	0.9590943	1.0818876	0.9391263	-0.97766626	1.0447676	-0.9861976	0.98972994	0.94064814	1.0354072
0.22304627	-0.187477	0.18250445	0.2141268	-0.21609911	-0.16647144	-0.20961419	0.23678003	0.16737695	0.23297085	-0.2332702	0.20305914	-0.2101454	0.16566437	0.18922584	0.19623546
0.7610262	-0.713373	0.6961431	0.6952755	-0.708456	-0.7162539	-0.6714361	0.69945055	0.7986305	0.77417254	-0.68632287	0.76831245	-0.6706116	0.73886013	0.70762324	0.7875594
0.19419472	-0.13973165	0.1596502	0.062190905	-0.07307497	-0.17552729	-0.15690209	0.1666861	0.038772505	0.15210573	-0.0701303	0.118630126	-0.16019654	0.09039329	0.15851101	0.118680894
0.845697	-0.9129182	0.8874631	0.92216957	-0.92551637	-0.8799357	-0.9343689	0.89448583	1.0040922	0.877443	-0.92620224	0.93415415	-0.9384598	0.8675703	0.92478377	0.96622056
0.43702444	-0.43015906	0.44914448	0.4853015	-0.46670175	-0.49063346	-0.4106934	0.37617812	0.46314692	0.4971085	-0.50802916	0.5153609	-0.49313292	0.44905955	0.39787897	0.50367504
0.010291639	0.023996567	-0.059000783	-0.060154334	0.074533045	0.04255243	0.018860975	-0.070483506	-0.06094355	-0.07833745	0.09985745	-0.03188489	0.026086096	-0.019985393	-0.022826245	-0.049688723
-0.24313816	0.2400209	-0.3227108	-0.27740645	0.30274445	0.25213236	0.2553172	-0.26593608	-0.2821319	-0.28075442	0.2563371	-0.34940684	0.30691507	-0.29166105	-0.33802456	-0.27434152
-0.2388867	0.22648014	-0.29165062	-0.2549543	0.2294082	0.2995909	0.23517212	-0.3094525	-0.27655962	-0.25970367	0.22006477	-0.21696824	0.20264816	-0.28038073	-0.22014737	-0.2309819
0.2266841	-0.32596648	0.29325494	0.27367	-0.3209919	-0.27274615	-0.27931333	0.2412216	0.34287933	0.28610447	-0.27170765	0.29619706	-0.30464318	0.32146567	0.2337186	0.30260307
-0.08334983	0.095053464	-0.11518814	-0.105825394	0.11597435	0.072779216	0.093222894	-0.12325325	-0.100411505	-0.15917847	0.098818384	-0.103966706	0.09598861	-0.09444346	-0.15314882	-0.102795176
-0.1455988	0.13769534	-0.20233029	-0.14132993	0.19115993	0.18454956	0.13411011	-0.18487681	-0.17263015	-0.11513689	0.14280882	-0.15448153	0.14199422	-0.10291908	-0.18320511	-0.14484985
0.6700967	-0.6912215	0.76278484	0.7084349	-0.8051724	-0.73726803	-0.70917434	0.71969	0.8255264	0.78060484	-0.7976867	0.7883726	-0.7047471	0.7205682	0.687363	0.76214397
0.26638958	-0.37600836	0.33033773	0.39217144	-0.34211668	-0.27618667	-0.30846524	0.3376085	0.33208328	0.33394414	-0.36633146	0.39677012	-0.35364732	0.3159619	0.31913584	0.37776452
-0.19183874	0.12029602	-0.22700545	-0.16092028	0.12510352	0.18498138	0.18271308	-0.13589373	-0.15963069	-0.12658322	0.16248551	-0.15379888	0.18420401	-0.17076857	-0.14086394	-0.11630111
0.16002968	-0.10932036	0.08180469	0.114367604	-0.14769138	-0.08617462	-0.13597213	0.13403848	0.12671521	0.12673143	-0.14729157	0.1390362	-0.16474065	0.14599556	0.09615563	0.16930221
-0.046170264	-0.016399816	-0.0437545	-0.0798697	0.014740389	0.01643406	0.048913866	-0.080618046	0.018536627	-0.052533798	0.064254984	-0.009756814	0.03887471	0.0010877256	-0.02637527	-0.04260687
0.52937526	-0.44935015	0.45489007	0.4947218	-0.5342153	-0.45972818	-0.43412074	0.52964205	0.47237694	0.49839115	-0.4402727	0.51095724	-0.48321676	0.5269585	0.50167227	0.51001763
0.9600543	-0.9863901	0.98958945	1.0470338	-1.0560215	-0.949938	-1.0454665	1.0106511	1.0562291	1.047163	-0.9926839	1.0022638	-1.041572	1.0414925	1.0016526	1.0805436
-0.4506961	0.503144	-0.46555418	-0.49148393	0.46378657	0.47637305	0.4807782	-0.46637592	-0.46054527	-0.4960842	0.44976798	-0.52159727	0.44041604	-0.4420334	-0.449741	-0.47148496
-0.050161105	0.028710272	-0.07821326	-0.07161573	0.06252869	0.07254956	0.0008244717	-0.08099598	-0.07453563	-0.060681272	0.010922245	-0.06998252	0.04255994	-0.050626073	-0.029708054	-0.05135958
-0.80127126	0.8547129	-0.92162365	-0.80885446	0.84310406	0.78176063	0.8731109	-0.85941154	-0.88326967	-0.8506079	0.8530719	-0.8949765	0.8456362	-0.8577025	-0.85242635	-0.93053335
0.8927804	-0.833562	0.91305554	0.87544245	-0.8829033	-0.895375	-0.9066645	0.8704363	0.9329956	0.8293398	-0.91520923	0.8821657	-0.8062178	0.8823326	0.8119065	0.85658807
-0.6557034	0.7085223	-0.7160332	-0.70793474	0.67575294	0.7009549	0.6543265	-0.6437704	-0.6988286	-0.68878174	0.6584267	-0.64309734	0.63837045	-0.65274346	-0.69409955	-0.7574105
0.010045989	0.101140104	-0.037866153	-0.04758902	0.024969824	0.06694549	0.054306984	-0.041470222	-0.07032041	-0.0800546	0.06625267	-0.02141539	0.054110453	-0.007677531	-0.018688153	-0.0086619
-0.26593545	0.20130825	-0.19727181	-0.2634339	0.212643	0.2867936	0.19926816	-0.28666106	-0.25195232	-0.28674605	0.2665661	-0.2222057	0.2647571	-0.19489884	-0.24741982	-0.23666808
0.1181434	-0.09690972	0.058558397	0.056317333	-0.13074502	-0.044775814	-0.06757697	0.15662867	0.122485146	0.06909836	-0.12831411	0.09575094	-0.062204275	0.07187953	0.054096214	0.08864544
-0.3655964	0.2727237	-0.33209357	-0.25885233	0.31032792	0.27522728	0.28292075	-0.2919278	-0.2563824	-0.30325782	0.27390164	-0.33382863	0.2793945	-0.3429146	-0.34459245	-0.33574203
0.5397703	-0.54148024	0.5703205	0.48154062	-0.5366407	-0.4856501	-0.5497711	0.5593552	0.5807446	0.4995006	-0.56045485	0.58681387	-0.54917437	0.582268	0.57900476	0.51796216
0.06692927	-0.021342395	0.08264887	0.09835941	-0.012867138	-0.0026346191	-0.058701966	0.09148942	0.021542529	0.053799856	-0.059766065	0.066014305	-0.07946355	0.012685349	0.026522584	-0.011343615
-0.21679929	0.33153152	-0.2833839	-0.33409292	0.317	0.33117366	0.27800775	-0.29014334	-0.32203752	-0.3165114	0.3328054	-0.3066693	0.30287722	-0.2816839	-0.31959322	-0.3257066
0.11697382	-0.09510691	0.16094042	0.1338266	-0.064141944	-0.074926265	-0.08678556	0.0870627	0.11558774	0.07111178	-0.07292692	0.09041336	-0.15649317	0.081836335	0.1526895	0.16328894
0.843198	-0.9093505	0.89894736	0.89994395	-0.9579666	-0.9009577	-0.8957438	0.9072028	1.010917	0.88102806	-0.9084853	0.9159296	-0.8854921	0.8682615	0.8521931	0.8948441
-0.3843484	0.47586396	-0.43707687	-0.46478483	0.49743176	0.41736728	0.44455433	-0.38887733	-0.4860463	-0.4311419	0.49004674	-0.47815192	0.42536184	-0.44807035	-0.43432143	-0.49648562
-0.13915592	0.055747613	-0.11592077	-0.084256224	0.10976124	0.1397784	0.05509099	-0.13891554	-0.10775238	-0.06753428	0.05957241	-0.056168344	0.0641809	-0.12931263	-0.13450375	-0.109315805
-0.57746476	0.5429623	-0.5297582	-0.48739558	0.5098483	0.52252096	0.49976382	-0.53481364	-0.58396214	-0.5427996	0.48500994	-0.5402176	0.5562484	-0.47567236	-0.49630603	-0.506356
-0.5223657	0.59033024	-0.6102193	-0.60182905	0.5680829	0.56249774	0.5787257	-0.57985425	-0.58997965	-0.5425159	0.5622561	-0.5677034	0.58751094	-0.55909723	-0.57340604	-0.56852543
0.26061124	-0.29948956	0.26602587	0.30750233	-0.34034893	-0.29656497	-0.29925844	0.25608596	0.35014	0.32422853	-0.28023314	0.29900354	-0.24733861	0.27646744	0.27604726	0.29720405
-0.047786046	0.085428014	-0.041460354	-0.05396656	0.031216651	0.08756376	0.09456171	-0.10250524	-0.086790346	-0.06182019	0.021954376	-0.100947745	0.12737852	-0.025903432	-0.052800883	-0.09872615
0.27199557	-0.34533775	0.21512003	0.2455869	-0.2614541	-0.30921373	-0.27394226	0.322706	0.35174993	0.30547732	-0.32135916	0.32752594	-0.30679262	0.2659577	0.24735214	0.28814158
0.6850837	-0.66649956	0.6830852	0.586499	-0.5952624	-0.62350184	-0.6591352	0.65374666	0.6678404	0.59112316	-0.5994788	0.6785929	-0.6267425	0.61163765	0.5907199	0.6680329
-0.01184248	0.0014288743	-0.005930724	-0.09177554	0.025603645	0.055571668	0.013958407	-0.010179413	-0.07974121	-0.05361856	0.009095039	-0.03866641	0.021028185	-0.044353697	-0.023444163	-0.017674148
0.055099927	-0.053710904	0.07080945	0.11232214	-0.102245115	-0.057699043	-0.07942162	0.053499825	0.08788513	0.08987341	-0.12704693	0.093255624	-0.057677444	0.07185759	0.06928507	0.098796114
0.3126576	-0.34350866	0.31206864	0.2729783	-0.3235686	-0.29425374	-0.2539335	0.2485144	0.36225128	0.32631302	-0.34279513	0.30670002	-0.34156188	0.2500959	0.24765567	0.2850359
-0.75748587	0.78208745	-0.82081014	-0.75652283	0.77678245	0.74111617	0.78294104	-0.79915136	-0.85665935	-0.821727	0.81142974	-0.79983056	0.7332217	-0.75361735	-0.8060905	-0.76161236
0.2828312	-0.32839522	0.29888642	0.34961218	-0.34234717	-0.3516862	-0.3198266	0.34970653	0.40366822	0.37259072	-0.3420555	0.34932283	-0.32881805	0.35349193	0.3177734	0.33649746
0.35424465	-0.28767592	0.25531182	0.25251806	-0.2745314	-0.33276427	-0.2592879	0.36020166	0.27527314	0.27500477	-0.25376645	0.31444976	-0.32039472	0.32399008	0.3315084	0.2699123
-0.040211383	0.07526165	-0.1365424	-0.054876916	0.103324726	0.08459728	0.10030875	-0.010455026	-0.07839504	-0.03019452	0.035255507	-0.069893666	0.05310336	-0.0018861996	-0.067186646	-0.019154951
-0.061670016	0.11901738	-0.07957044	-0.11083478	0.047890924	0.012819633	0.06275501	-0.09131461	-0.10816952	-0.069016084	0.09294059	-0.083131686	0.054666195	-0.09348414	-0.06369369	-0.04991675
0.15371644	-0.2223721	0.16884662	0.12837663	-0.21012652	-0.13750993	-0.15758656	0.13268243	0.1867018	0.16108456	-0.18285382	0.21327513	-0.18612418	0.21744041	0.15055963	0.2335672
0.97230417	-0.947397	0.9930739	0.92865604	-0.9435426	-0.96970147	-0.92955655	0.9016433	0.94705826	0.9170428	-0.9597612	0.95895606	-0.9549296	0.93912446	0.9306013	0.95160896
0.85451615	-0.9048374	0.8481683	0.87556463	-0.8966933	-0.8353227	-0.84182084	0.8866929	0.9575927	0.8575119	-0.87581086	0.8885694	-0.832941	0.9121865	0.8837294	0.9267352
1.0153477	-1.093161	1.0096866	1.0769718	-1.0805779	-1.0824344	-1.0282862	1.065839	1.140239	1.1039116	-1.0776668	1.0995171	-1.0613344	1.0485634	1.0493401	1.0676
0.41877654	-0.43711978	0.42364773	0.42468074	-0.36149824	-0.37310866	-0.42480376	0.38803387	0.42476887	0.37816194	-0.3564832	0.3733409	-0.4208829	0.43034476	0.36464182	0.3866851
-0.6514841	0.65587556	-0.7566221	-0.71131945	0.6766082	0.65325385	0.67223233	-0.7195914	-0.6883862	-0.68624943	0.72450435	-0.6679514	0.6390759	-0.6513134	-0.6949872	-0.69650435
0.13848989	-0.12138929	0.07002715	0.1311809	-0.07103945	-0.06700842	-0.063163854	0.091853715	0.11440139	0.12072902	-0.07319961	0.09774231	-0.11160465	0.05998774	0.069761656	0.09912756
0.10751443	-0.1897395	0.20112762	0.23507808	-0.20390202	-0.19212775	-0.1862453	0.19572508	0.24770461	0.17667933	-0.18569493	0.2256191	-0.20939517	0.2055311	0.22833446	0.24121282
0.35880685	-0.36088347	0.44920126	0.4107596	-0.39236873	-0.320801	-0.29904592	0.32659018	0.36156482	0.33353326	-0.30777895	0.36587042	-0.37889814	0.39881635	0.3554769	0.31153327
0.13747466	-0.14629535	0.13450605	0.16777834	-0.19313656	-0.11958176	-0.16378166	0.19606777	0.2109807	0.1691686	-0.13980806	0.18799332	-0.19567971	0.21539146	0.1173191	0.14420594
0.09981725	-0.103160866	0.10902149	0.09138736	-0.07398745	-0.04903943	-0.12390479	0.06461572	0.079902	0.057218518	-0.07290435	0.10786525	-0.09988431	0.10920181	0.13858552	0.12820531
0.3858602	-0.40795508	0.41213602	0.3735798	-0.3765803	-0.38005736	-0.36968783	0.39546204	0.4514636	0.35912195	-0.3834504	0.36625916	-0.3426404	0.39597872	0.38762572	0.43550482
-0.01568332	0.01380664	-0.04445432	0.0034529835	0.079090305	-0.009024224	0.017875168	-0.05161775	-0.037857212	-0.049586672	0.0018277838	-0.019589303	0.05722869	-0.0677067	-0.012671286	-0.058755595
-0.059696615	-0.033564337	-0.120405905	-0.031090843	0.0012833372	0.024936168	0.06774415	-0.006828315	-0.014677948	-0.0010305187	-0.037246685	0.029668014	0.044863965	-0.03608774	-0.027818874	-0.048051823
0.95194215	-0.9968163	0.9702458	1.0280612	-1.0076929	-0.9764184	-1.0143402	0.97869986	1.0914131	0.98738116	-0.98584884	1.0039358	-1.0175786	1.0021057	0.97544736	0.99320143
0.97241944	-0.9734801	1.0007619	0.9035512	-1.008035	-0.9098385	-0.9241779	0.8962751	0.9897651	0.9794689	-0.9469343	0.9692301	-0.92604685	0.9460987	0.8865556	0.9792843
0.28179258	-0.31445923	0.29091978	0.2339663	-0.25699016	-0.30148613	-0.30673966	0.2734973	0.2636421	0.26001278	-0.29303262	0.25575605	-0.30585575	0.29132357	0.3185204	0.3128956
0.3473719	-0.32669485	0.41846055	0.3897281	-0.4157301	-0.390629	-0.3833831	0.34181714	0.3606698	0.41250175	-0.34479815	0.37899554	-0.33690533	0.32371473	0.3171414	0.4038748
-0.5451002	0.48052713	-0.5571448	-0.44989422	0.488555	0.52937156	0.47749606	-0.4308331	-0.5686352	-0.5269279	0.4974769	-0.51715225	0.48157355	-0.5307872	-0.46005642	-0.5149762
0.53587985	-0.48859623	0.4957657	0.57349986	-0.5325208	-0.52619016	-0.52329874	0.49298003	0.6186247	0.51877254	-0.53948486	0.5384805	-0.48489663	0.5682458	0.4876742	0.55266917
-0.30285966	0.23222233	-0.32694983	-0.2678012	0.27075052	0.24989825	0.23238367	-0.2456002	-0.29464266	-0.2500708	0.31516415	-0.26767147	0.23109666	-0.27862778	-0.22683182	-0.30980054
-0.24742632	0.27688798	-0.3034471	-0.20588891	0.28466514	0.2659644	0.22098853	-0.24344552	-0.25505856	-0.2914483	0.28616542	-0.21905419	0.20230907	-0.2701937	-0.27254918	-0.30952787
-0.1805892	0.17830016	-0.2948394	-0.20644379	0.18413386	0.16511407	0.23471537	-0.20693026	-0.16556701	-0.16866285	0.24707694	-0.15471427	0.2373931	-0.22378756	-0.17833097	-0.24449214
-0.9407354	0.9841864	-0.99399155	-0.9109222	0.9147624	0.9128274	0.89047277	-0.90215987	-1.0009438	-0.9288186	0.9613026	-0.9451267	0.8928656	-0.91754496	-0.9468149	-0.95028114
-0.13297802	0.16905	-0.10724569	-0.13379954	0.084358215	0.095587	0.13216162	-0.17676674	-0.15093939	-0.108304866	0.10347706	-0.10399656	0.12879933	-0.09815385	-0.17920664	-0.16959694
0.31794238	-0.3763931	0.3435335	0.31698135	-0.30552602	-0.35987622	-0.29560998	0.36591735	0.3302342	0.36778843	-0.39401805	0.34453887	-0.39180347	0.28976068	0.34563777	0.39078483
-0.3294534	0.17757669	-0.08643216	-0.057027034	0.1515782	0.15296617	0.189089	-0.09059271	-0.15793799	-0.20477842	0.16795601	-0.108140655	0.083528526	-0.125064	-0.19021502	-0.15489417
-0.5152619	0.50584203	-0.5131467	-0.48610848	0.5104067	0.4964788	0.5290216	-0.5452191	-0.49829164	-0.51306754	0.54669535	-0.49359983	0.51970005	-0.46014538	-0.5313911	-0.49016857
-0.9043786	0.96738917	-0.99625635	-0.9953501	1.0264843	0.8990869	0.9345124	-0.96543473	-0.9699268	-0.95511425	1.0011876	-0.9368916	0.95782906	-0.90546936	-0.93608266	-1.0409917
0.6362959	-0.6827306	0.6148436	0.66954935	-0.6171546	-0.62788236	-0.6048631	0.6109358	0.6584226	0.6529203	-0.6140387	0.6370974	-0.61919636	0.6278435	0.5949482	0.7294377
0.1849507	-0.1897984	0.18076187	0.21873821	-0.17122757	-0.1361572	-0.17914411	0.18359126	0.19987516	0.13708599	-0.13425183	0.14292198	-0.2189002	0.13243519	0.16742106	0.17703404
0.21743515	-0.25508508	0.25495636	0.19482382	-0.25396925	-0.22750604	-0.25575882	0.22626929	0.19513722	0.21285677	-0.28188264	0.188355	-0.2089796	0.22301513	0.20701239	0.27712354
-0.21815056	0.2553241	-0.21313348	-0.19938815	0.24215288	0.22713761	0.26484376	-0.2536266	-0.2521583	-0.201989	0.2547611	-0.21798292	0.23407686	-0.23145925	-0.20218582	-0.21499431
0.21126346	-0.23113537	0.14149955	0.13074481	-0.21088904	-0.23169813	-0.2040131	0.2348975	0.25607565	0.21386066	-0.17804387	0.22094834	-0.2122423	0.17587748	0.22136183	0.17129369
-0.7425426	0.8214391	-0.83278555	-0.7752009	0.77525604	0.83307445	0.8233382	-0.78969914	-0.87356	-0.81708145	0.8024435	-0.807582	0.79056585	-0.7843832	-0.79220396	-0.8230753
-0.36657208	0.33345574	-0.2895131	-0.29012206	0.32793	0.31328326	0.32542622	-0.4021401	-0.30906585	-0.28570443	0.27348077	-0.28242588	0.28453806	-0.34439278	-0.30068135	-0.31550953
-0.66649985	0.6681808	-0.70284694	-0.6222739	0.6943121	0.6510658	0.6824148	-0.65222776	-0.6668569	-0.6811615	0.6747054	-0.66219074	0.63652146	-0.6732491	-0.70993376	-0.746923
-0.12578638	0.09809934	-0.14282146	-0.18227334	0.18493553	0.091610074	0.09904676	-0.119177245	-0.13273652	-0.16530499	0.11213258	-0.10823791	0.13298051	-0.15293346	-0.18378124	-0.15815483
-0.40983632	0.4634108	-0.45023772	-0.3944632	0.49682316	0.43187365	0.39451036	-0.44035837	-0.42482492	-0.38938406	0.4717041	-0.4392949	0.42055577	-0.39096805	-0.45713627	-0.4325383
-0.1784559	0.1991764	-0.19749463	-0.20818183	0.19938427	0.1797102	0.17014073	-0.15868358	-0.22128731	-0.18371198	0.14267778	-0.22250639	0.22844644	-0.1496533	-0.17849	-0.17953561
0.67437804	-0.696559	0.6568811	0.68768466	-0.7352792	-0.6825776	-0.7236015	0.6867408	0.70113224	0.7349345	-0.68426716	0.7282672	-0.68169063	0.6778422	0.69950026	0.68867606
-0.1908782	0.24411646	-0.20730081	-0.24485722	0.23910928	0.24572831	0.22411324	-0.20156078	-0.2592609	-0.19401385	0.24583544	-0.23734993	0.2673702	-0.1801284	-0.25471318	-0.1978424
0.56606334	-0.6410497	0.580923	0.68968576	-0.7087549	-0.6399465	-0.6998759	0.66554344	0.761608	0.61320084	-0.66982335	0.65279007	-0.7086398	0.660843	0.6079335	0.66375804
0.36022136	-0.39692596	0.33343765	0.37913078	-0.3253747	-0.3555438	-0.37597626	0.36967522	0.42599204	0.3938327	-0.31581298	0.33708906	-0.37574482	0.35756868	0.34368947	0.37552157
-0.8368365	0.87199336	-0.92995924	-0.86119086	0.8718731	0.89795494	0.84918576	-0.88282245	-0.9225712	-0.89408463	0.8992308	-0.9370458	0.88665986	-0.9119637	-0.93104887	-0.9091975
0.24527833	-0.27608094	0.25550643	0.3256687	-0.3211853	-0.26629978	-0.291441	0.24465996	0.26138175	0.2549582	-0.23922251	0.2622947	-0.23392047	0.2383616	0.2589946	0.31489176
-0.728151	0.68515867	-0.70980316	-0.69166285	0.75947464	0.68384075	0.75287586	-0.76084054	-0.71605635	-0.70069087	0.7145436	-0.7174928	0.7350804	-0.7030767	-0.69757694	-0.70235723
-0.27028534	0.19456615	-0.21613204	-0.2667017	0.24117543	0.25627467	0.27504402	-0.27485624	-0.2276169	-0.24091049	0.21476994	-0.24495363	0.28210655	-0.1988592	-0.2756503	-0.21066833
0.17815325	-0.19942658	0.16181137	0.14616843	-0.20497578	-0.16113554	-0.17320451	0.18371138	0.22516353	0.15891908	-0.19793026	0.20649195	-0.2068493	0.12917632	0.19456331	0.23990326
0.27495006	-0.30551046	0.37653926	0.29228562	-0.2535578	-0.27389473	-0.31965232	0.32489893	0.3044144	0.31442678	-0.26309785	0.29408318	-0.27417207	0.31781566	0.24558432	0.3277793
-0.6272382	0.65197974	-0.5921452	-0.66849303	0.630866	0.60664153	0.6429355	-0.6196444	-0.6301908	-0.6323995	0.66417456	-0.6437646	0.59326714	-0.5869888	-0.57034844	-0.636083
0.054447852	-0.041857176	0.028152563	0.04930282	-0.10008316	-0.068399124	-0.05682587	0.078223415	0.07193932	0.075097635	-0.032567244	0.0491321	-0.09141332	0.07778085	0.10996073	0.011966877
-0.3978154	0.37901583	-0.4023348	-0.390261	0.40668455	0.4392904	0.4371015	-0.44043106	-0.43187228	-0.4561209	0.42428747	-0.37694988	0.43825686	-0.44250953	-0.40027556	-0.41752082
-0.51217073	0.5252314	-0.5222056	-0.50457263	0.45110202	0.4531128	0.47034252	-0.49255762	-0.50349534	-0.48597628	0.4182178	-0.47795716	0.43326372	-0.4537354	-0.5049433	-0.46935713
-0.3263682	0.40310624	-0.38560748	-0.33575788	0.40995273	0.3526965	0.3667943	-0.41169643	-0.4292522	-0.3951275	0.34383318	-0.38542613	0.35600722	-0.36394355	-0.40579945	-0.35543564
0.7942793	-0.86772764	0.8173508	0.8827663	-0.86136955	-0.8414856	-0.8901084	0.87347245	0.87343764	0.87353414	-0.8335002	0.84934145	-0.85333717	0.815529	0.84120387	0.8725314
-0.2536746	0.35790896	-0.25773886	-0.35113662	0.3157928	0.29381338	0.33946517	-0.25112933	-0.36168873	-0.2878799	0.33309144	-0.33198813	0.30753705	-0.33724603	-0.30161774	-0.34283864
-1.0623354	1.0703532	-1.1666456	-1.0941958	1.0971314	1.1242284	1.056078	-1.128135	-1.1904666	-1.1199963	1.0878701	-1.1032573	1.1283542	-1.1429918	-1.0447742	-1.2146535
-0.5442716	0.6553926	-0.60560256	-0.65592027	0.60338855	0.5930482	0.57933533	-0.60103065	-0.66704124	-0.57725203	0.6699715	-0.5898215	0.623789	-0.5697699	-0.61786664	-0.64530045
0.55453765	-0.64326376	0.54496753	0.65011406	-0.6407453	-0.56642056	-0.6199576	0.6031158	0.61202896	0.567165	-0.57340896	0.62137705	-0.64057153	0.63219565	0.5583729	0.6252015
-0.072122134	0.030728929	-0.1156757	-0.0850417	0.11074937	0.025238538	0.07426078	-0.099596396	-0.07521925	-0.10488082	0.0696153	-0.037807565	0.071386985	-0.116131015	-0.04097127	-0.09617034
-0.4979003	0.53362477	-0.54112047	-0.5126346	0.5277081	0.541075	0.5391309	-0.49006224	-0.57056	-0.5987772	0.52166027	-0.57215875	0.5477411	-0.5028849	-0.586131	-0.57071006
-0.38763106	0.34864023	-0.36269936	-0.31507334	0.3843652	0.34778333	0.33687064	-0.3429036	-0.35262793	-0.30509168	0.30899543	-0.32025823	0.30463323	-0.32362318	-0.3441378	-0.31678534
0.13165575	-0.1439278	0.043860726	0.09604609	-0.15497352	-0.057441477	-0.1280885	0.053823262	0.118139096	0.15114777	-0.16466634	0.08250293	-0.15629612	0.13646418	0.15251544	0.10023518
-0.6177951	0.6527622	-0.7364555	-0.6385796	0.64165837	0.6972305	0.7144147	-0.6941454	-0.6925445	-0.6535425	0.6448623	-0.7290384	0.6501564	-0.62196124	-0.6351725	-0.67599297
-0.76551944	0.775482	-0.7636933	-0.7556236	0.799939	0.73140746	0.71799344	-0.7153745	-0.7941596	-0.75607127	0.7265368	-0.72958153	0.7467141	-0.7412115	-0.7611906	-0.8097066
0.27107143	-0.31834486	0.2829717	0.26800475	-0.23468491	-0.25325626	-0.26270497	0.29395518	0.26965448	0.25211105	-0.2863016	0.2959994	-0.23836075	0.25223356	0.2395446	0.23895739
0.27106586	-0.19725852	0.25142312	0.26143843	-0.22126402	-0.19176912	-0.23739004	0.25538117	0.27582833	0.21231966	-0.27498934	0.21789315	-0.26826036	0.2619701	0.2683414	0.26428154
-0.11633366	0.06117388	-0.071756616	-0.046520073	0.089447156	0.09632195	0.07295245	-0.1347867	-0.014824939	-0.0980091	0.05644428	-0.015448814	0.01627582	-0.08494494	-0.10220041	-0.06978088
0.43439814	-0.44047195	0.44486466	0.37561306	-0.43368185	-0.3768935	-0.46183488	0.43256065	0.41510692	0.45100963	-0.4214484	0.42395613	-0.3995087	0.37050948	0.3626908	0.46771958
0.016735597	-0.07154005	0.01630283	0.023500238	-0.032639388	-0.030898856	-0.065245055	0.06976701	0.03333725	0.05875982	-0.0026113302	0.022324033	-0.024121583	0.06350607	0.07518379	-0.019920668
0.8926656	-1.0284404	1.0243657	1.0314512	-1.0194789	-0.9768567	-1.0256798	0.960732	1.1239306	0.9729829	-1.0634536	1.0048395	-0.9689985	1.0331651	1.0143985	1.125253
0.45003527	-0.49813464	0.43590903	0.46042997	-0.5280799	-0.4924157	-0.4605275	0.46770632	0.4743916	0.45895922	-0.4890289	0.4908973	-0.46710572	0.5046947	0.48422542	0.48133782
-0.06986528	0.08009057	-0.038486682	-0.09137419	0.09099216	0.038997263	0.086083114	-0.03681934	-0.10522031	-0.06746726	0.03149597	-0.034531645	0.05709373	-0.045808338	-0.043414254	-0.061303206
0.30723813	-0.27521887	0.33996665	0.3151523	-0.23389572	-0.23326704	-0.31072193	0.2540745	0.2642637	0.28408328	-0.2730733	0.26074615	-0.25496182	0.22479653	0.29618534	0.25044057
-0.4953923	0.5179061	-0.51418823	-0.45716655	0.48080882	0.47857195	0.5221286	-0.53735894	-0.5363	-0.5023397	0.46991646	-0.48419684	0.5584404	-0.53140646	-0.57418543	-0.558344
-0.32013628	0.2941961	-0.27010047	-0.25925928	0.35603315	0.27111575	0.27203918	-0.31893465	-0.37440884	-0.31884208	0.28758073	-0.33074912	0.28853	-0.29874814	-0.33197632	-0.3699519
0.3412082	-0.33544198	0.3208965	0.33508542	-0.31432238	-0.35412362	-0.3171477	0.34345838	0.33422622	0.34098604	-0.3286027	0.29861477	-0.35712776	0.31658757	0.29647082	0.3371812
0.30493772	-0.33581987	0.35673904	0.35694742	-0.37328318	-0.3630806	-0.33125794	0.35975665	0.30819958	0.34520236	-0.2892556	0.342856	-0.33485386	0.27798414	0.34617525	0.34105247
0.29601938	-0.26424804	0.3263285	0.3560936	-0.31679264	-0.2991884	-0.28911716	0.28178704	0.30833572	0.3071963	-0.28514183	0.32588047	-0.32557142	0.34595558	0.31008676	0.30599508
1.1720425	-1.1368328	1.1719284	1.179146	-1.1864891	-1.1373289	-1.1593237	1.1224341	1.2946458	1.1440442	-1.2292371	1.1811047	-1.1829342	1.1936938	1.1702713	1.2222291
-0.32414955	0.34661242	-0.44019154	-0.43430433	0.4432012	0.36080414	0.43949413	-0.396682	-0.46057618	-0.4307168	0.35593918	-0.40467954	0.4414775	-0.3867943	-0.4376576	-0.41489393
0.036300045	0.051210888	-0.017324455	-0.061149243	0.03328041	0.006473789	-0.020267637	0.010613089	-0.01000078	0.0053647943	-0.013910421	-0.030323066	-0.028454982	0.027400903	-0.02263837	-0.008589354
0.5881198	-0.62537223	0.60099834	0.584607	-0.552999	-0.5925747	-0.64694864	0.5345967	0.6147779	0.5434037	-0.5907954	0.60999084	-0.48076573	0.57377017	0.62841225	0.63187164
0.82909524	-0.85832846	0.81742436	0.89625514	-0.90192425	-0.853207	-0.864333	0.84032506	0.9785814	0.8287877	-0.8942194	0.8892197	-0.80719835	0.87652785	0.8696466	0.94399405
-0.37904152	0.40377477	-0.3133952	-0.37271944	0.42045346	0.4254297	0.39397746	-0.4446323	-0.4439113	-0.36501327	0.40537235	-0.4441771	0.3707159	-0.36359	-0.4147657	-0.38561633
-0.9425382	1.0631976	-1.0302997	-1.0316361	1.0441159	0.9440483	1.024523	-1.083665	-1.1202941	-0.9656036	0.99709624	-1.0195751	1.0079706	-1.0204682	-0.9864174	-1.0420091
-0.3017717	0.34181845	-0.37546936	-0.326319	0.38932386	0.3822753	0.334212	-0.40544784	-0.3772951	-0.39464754	0.3579371	-0.35478407	0.3864437	-0.35704198	-0.37927458	-0.34179157
-0.9576435	1.0439558	-1.0770248	-1.0487397	1.051825	1.0599995	0.9943745	-1.0417212	-1.1317909	-1.0163444	1.0053363	-1.1090353	1.0178201	-1.0782642	-1.0600227	-1.1144433
-0.19827677	0.11790013	-0.13064462	-0.13435088	0.10869949	0.09504389	0.07108922	-0.12330773	-0.05918694	-0.12936239	0.12526731	-0.11097506	0.14349861	-0.108571045	-0.07479533	-0.08209459
0.4472038	-0.34135857	0.39429063	0.352579	-0.37236875	-0.38608363	-0.42345622	0.3517776	0.34645295	0.32305035	-0.3332913	0.40494105	-0.35206866	0.3771952	0.39453524	0.40853184
0.29832	-0.2752527	0.3438186	0.23706898	-0.20804864	-0.30459422	-0.29174364	0.32449162	0.24027616	0.23537776	-0.26246172	0.21964072	-0.19735712	0.25181103	0.2255876	0.26422137
0.3662165	-0.30953562	0.3672884	0.27468038	-0.24615946	-0.30046797	-0.30634114	0.26686335	0.24841513	0.2731685	-0.2786622	0.24384777	-0.2548783	0.25189644	0.3211574	0.33756268
0.76850325	-0.8484396	0.80807465	0.85401237	-0.9262025	-0.8762013	-0.8579193	0.776581	0.9305466	0.85657483	-0.81895566	0.8871739	-0.84471583	0.85262215	0.8000202	0.86956364
-0.781394	0.8197138	-0.88488543	-0.8195513	0.8854247	0.89572924	0.8279629	-0.90715444	-0.9072256	-0.8918538	0.8411353	-0.85595983	0.9017931	-0.8102883	-0.88404006	-0.8784985
-0.44745442	0.45387644	-0.5139379	-0.55662215	0.5534846	0.5161372	0.46584016	-0.5126508	-0.5049025	-0.4582356	0.55216163	-0.555378	0.45903108	-0.54435396	-0.44641572	-0.5127529
-0.20784383	0.22288369	-0.2547683	-0.27202615	0.296072	0.24159686	0.30340096	-0.30122983	-0.25212884	-0.23606107	0.21777683	-0.238293	0.2443774	-0.25160456	-0.28711697	-0.3240674
0.79646087	-0.8697357	0.80004877	0.85386175	-0.90522134	-0.8140782	-0.86420125	0.8726829	0.9274655	0.81972194	-0.89743847	0.88510805	-0.81394017	0.83423203	0.868294	0.958057
0.06043556	-0.05705842	0.036895026	0.08872212	-0.12514244	-0.07916491	-0.04858116	0.10592192	0.04916882	0.13025524	-0.08061156	0.09174304	-0.038709506	0.04020364	0.091579184	0.114195526
0.69364834	-0.80832726	0.75014186	0.72224224	-0.7940565	-0.70498836	-0.7179835	0.7221229	0.8006621	0.786431	-0.77397126	0.8146044	-0.74615115	0.77547354	0.75727123	0.8302733
-0.8848913	0.9921679	-1.0185518	-0.9596301	0.9993969	0.9184748	0.9959255	-0.9590269	-1.066826	-0.9790014	0.94182336	-0.96022755	0.9209705	-0.97220224	-0.9892604	-1.0366645
-0.31435707	0.28717393	-0.2512131	-0.27788782	0.3160257	0.3074378	0.30318078	-0.2822488	-0.33477962	-0.3376865	0.27363536	-0.2507384	0.27401188	-0.25708905	-0.24443308	-0.33818355
-0.5050299	0.61099684	-0.5833956	-0.6239671	0.6132165	0.6106622	0.605763	-0.64812547	-0.6990309	-0.62040913	0.60110784	-0.64964706	0.57195187	-0.6187157	-0.6117893	-0.606814
-0.12083365	0.10157197	-0.09985504	-0.08091226	0.10351228	0.09706475	0.10025899	-0.09989311	-0.16625878	-0.08169075	0.12315203	-0.13487904	0.121663146	-0.15191251	-0.16479751	-0.10700226
0.6461683	-0.65537655	0.6502571	0.6190849	-0.578941	-0.5937506	-0.60802364	0.6116437	0.58827657	0.6124616	-0.59310645	0.5936421	-0.65741116	0.6032988	0.58955705	0.6731288
0.6941949	-0.70085317	0.73526883	0.75191545	-0.742897	-0.7428267	-0.760876	0.7651362	0.7642355	0.74160975	-0.77936995	0.76442826	-0.696318	0.71527886	0.7071539	0.79661274
0.61638993	-0.65166247	0.6130326	0.6439889	-0.65384215	-0.6168895	-0.65705305	0.6325249	0.6496117	0.66177636	-0.581227	0.6716901	-0.60576147	0.6330149	0.60028297	0.6343738
-0.6992127	0.78728217	-0.78756297	-0.79579914	0.79750866	0.7002639	0.7601535	-0.78601366	-0.7630866	-0.73406017	0.7390798	-0.77750903	0.72194266	-0.7914221	-0.75872034	-0.80976325
0.4152675	-0.2823107	0.40346354	0.2649331	-0.27000895	-0.34900934	-0.33096555	0.34532446	0.35329697	0.28650472	-0.30675307	0.31238398	-0.30607	0.29179013	0.34453094	0.28956884
-0.05871474	0.040096868	-0.08307354	-0.05428581	0.04998057	-0.018690838	-0.011227137	0.022086494	-0.050232425	-0.03613509	0.0075710765	-0.003654268	0.0213693	0.00902394	0.03658761	-0.019323027
0.08921972	-0.10026653	0.04710076	0.052565414	-0.16588691	-0.07113794	-0.1353701	0.11833585	0.14500804	0.09470978	-0.1078203	0.11431339	-0.09181951	0.12865297	0.10136095	0.13517235
-0.038584318	-0.019906439	-0.0007977075	-0.026802422	0.016435651	0.016844677	-0.024026057	-0.049474183	-0.015298574	0.005396457	0.060282957	-0.04871317	0.034796067	0.00015853942	-0.028554872	-0.03649644
-0.49206942	0.41815877	-0.51490897	-0.40751523	0.43233815	0.4977344	0.42063624	-0.48433232	-0.5046218	-0.4611453	0.45961866	-0.43101695	0.44001877	-0.4576936	-0.50982827	-0.42418692
0.23180504	-0.2393816	0.17577314	0.18746468	-0.24630427	-0.20569697	-0.23563915	0.14143984	0.24784333	0.26311064	-0.29498124	0.21073772	-0.20767727	0.19254096	0.17986628	0.28922012
-0.6452539	0.70527476	-0.7745104	-0.6846176	0.7313217	0.6757816	0.6851702	-0.6983097	-0.7467082	-0.7346092	0.716242	-0.7204664	0.7782624	-0.65999997	-0.728616	-0.77291876
0.5084453	-0.61533344	0.54336965	0.61426055	-0.5664959	-0.5209989	-0.5770745	0.5914896	0.6243774	0.61185974	-0.5523668	0.6199478	-0.619373	0.58979726	0.55617815	0.58543944
0.58626354	-0.6895833	0.6494912	0.7029617	-0.7213968	-0.63687223	-0.67066914	0.62421685	0.6647888	0.6092188	-0.71699214	0.66145694	-0.6483621	0.6952515	0.66956526	0.72586673
-0.20940551	0.25926283	-0.21826817	-0.28094134	0.2464597	0.2343557	0.25001222	-0.24227963	-0.3161426	-0.20096567	0.23347843	-0.236266	0.25715998	-0.23588681	-0.28367916	-0.30264634
0.093264505	-0.10638988	0.08622662	0.13348486	-0.06440203	-0.14640757	-0.07391386	0.1621644	0.048980266	0.08717389	-0.07315883	0.056404825	-0.13737848	0.090443835	0.108687565	0.06640619
0.6470389	-0.70755625	0.70530087	0.7360067	-0.69407284	-0.696698	-0.74446	0.69439715	0.76035005	0.759982	-0.6790109	0.75874084	-0.7041668	0.7605436	0.7137582	0.77585846
0.20025465	-0.14319567	0.21440345	0.15712586	-0.130555	-0.1880819	-0.1710538	0.11122148	0.14907104	0.0812184	-0.12732431	0.16431636	-0.10448557	0.1545582	0.15896109	0.12743652
0.41908854	-0.31049293	0.38181755	0.30440044	-0.3749659	-0.3868624	-0.32065418	0.36162248	0.35041812	0.31165785	-0.33372784	0.33962128	-0.33653545	0.37967128	0.3216943	0.37125722
-0.10022398	0.15141921	-0.118696004	-0.09781181	0.13889264	0.15112092	0.16916126	-0.16186297	-0.10322371	-0.08313973	0.11935976	-0.16271581	0.07738682	-0.1321017	-0.08534006	-0.08930535
0.29422158	-0.2660598	0.2207195	0.25372317	-0.20955528	-0.23841752	-0.29230154	0.27860776	0.20599756	0.2214118	-0.23463617	0.23706204	-0.27357617	0.26158458	0.21205816	0.27674088
-0.34122598	0.26951766	-0.3144231	-0.31499082	0.2340731	0.32580635	0.27448514	-0.26875815	-0.23287065	-0.24019997	0.30319092	-0.24355419	0.2607744	-0.2891335	-0.29281527	-0.2880681
0.3431559	-0.31138602	0.32422617	0.2574295	-0.27110532	-0.31163886	-0.32111803	0.23853575	0.31443694	0.3200093	-0.278104	0.26039553	-0.26827338	0.22898893	0.28950432	0.29849154
-0.87711185	0.91954756	-0.9759965	-0.9394945	0.95085716	0.89590067	0.9154071	-0.97798723	-0.98761857	-0.8914927	1.0008523	-0.9929667	0.9648147	-0.9393756	-0.9668778	-0.9841137
0.19277057	-0.22497353	0.24317273	0.1537557	-0.19458883	-0.24560583	-0.15732074	0.1686506	0.17195413	0.19802591	-0.16543095	0.15373772	-0.15651211	0.22244021	0.22753641	0.1665478
0.31906125	-0.3076437	0.290925	0.2837298	-0.28366914	-0.27805358	-0.35328063	0.28541496	0.29906407	0.28425696	-0.33021435	0.3016277	-0.3009494	0.3420358	0.30132	0.30585283
0.10704667	-0.02576387	0.09255312	0.03536609	-0.028828897	-0.07940221	-0.04436923	0.09694989	0.059828497	0.049859233	-0.09274748	0.10272558	-0.10086433	0.043213386	0.016326211	0.07910548
-0.39982992	0.34676114	-0.35520962	-0.32226378	0.29666612	0.34320927	0.33318028	-0.27818632	-0.36337316	-0.314149	0.3672752	-0.2862759	0.33472228	-0.28236172	-0.31155232	-0.28821334
-0.62511986	0.6441852	-0.67237043	-0.5892153	0.61806756	0.5736529	0.6195029	-0.62975544	-0.57729924	-0.5627191	0.5611438	-0.58225876	0.6088883	-0.6473471	-0.60905653	-0.59257776
0.7212806	-0.77670425	0.7588668	0.7820874	-0.79593986	-0.7926559	-0.8226294	0.7029704	0.86816263	0.8320989	-0.83774245	0.7765223	-0.75843364	0.75364745	0.80146205	0.8508005
-0.83693355	0.91936487	-0.9446617	-0.889275	0.9367158	0.8492	0.925307	-0.98277634	-0.9749786	-0.9067571	0.94838095	-0.94564164	0.9065528	-0.92695093	-0.89219314	-0.92685395
-0.40762204	0.5183859	-0.5656114	-0.5990921	0.621519	0.50068253	0.54783577	-0.5354032	-0.6172313	-0.54204005	0.5394732	-0.5605917	0.52217746	-0.5514119	-0.5577836	-0.53549665
-0.94784904	1.0223951	-1.0254327	-0.9836325	1.055359	1.0178351	0.99587697	-1.0509318	-1.0744798	-0.97915983	1.0198917	-1.0741644	1.0332379	-0.9848793	-1.0046868	-1.0770767
-0.31308421	0.29150197	-0.31004676	-0.32157454	0.2264848	0.27695996	0.24133655	-0.26654047	-0.32078665	-0.23714489	0.29088888	-0.31050682	0.28978178	-0.25731164	-0.29349855	-0.26225725
-0.32746047	0.39808398	-0.35358188	-0.31236666	0.41941002	0.3756258	0.3812988	-0.24727997	-0.40528587	-0.3992573	0.41274208	-0.3299549	0.37336752	-0.3262149	-0.36840415	-0.39635712
-0.00066272926	0.013061025	-0.018071933	-0.014871879	0.026324516	0.060163345	0.04376517	-0.016547909	-0.021814883	-0.027892502	0.03777218	-0.0801678	0.03655347	-0.0721087	-0.04089332	-0.06950478
-0.3715492	0.4380924	-0.47896367	-0.42208344	0.39268893	0.43675706	0.45130974	-0.44658047	-0.4706614	-0.38477573	0.3782906	-0.43299872	0.45717868	-0.41814238	-0.38330007	-0.43458214
0.49099845	-0.47254327	0.5005489	0.52340025	-0.47751772	-0.43387598	-0.4725358	0.45455277	0.49213138	0.4762101	-0.4453026	0.4651754	-0.48771146	0.48328656	0.49209657	0.4683747
0.95903057	-0.968775	0.95134825	0.9013146	-0.9419715	-0.95509017	-0.9797145	0.91438246	1.0011028	0.9774557	-0.91964763	1.014505	-0.95869476	0.98157007	0.9616146	0.95011127
0.29872993	-0.30360007	0.3178285	0.38703167	-0.33523226	-0.3786439	-0.32026616	0.33644375	0.3507761	0.35177034	-0.37145826	0.38029277	-0.38257065	0.33936203	0.38086823	0.39512685
-0.71387845	0.76914746	-0.714697	-0.6709287	0.72834295	0.6993331	0.7252786	-0.6791248	-0.7442491	-0.74805653	0.67913586	-0.734507	0.70502186	-0.7257578	-0.74990964	-0.7084677
-0.3442177	0.4149148	-0.42757514	-0.38646686	0.42699215	0.41462433	0.33951542	-0.42572904	-0.41555575	-0.39916283	0.4327528	-0.36121893	0.426042	-0.412471	-0.41504207	-0.38920894
0.19800901	-0.30708614	0.28035232	0.26119265	-0.29072452	-0.23839685	-0.27043822	0.22354713	0.26501697	0.2298979	-0.22583954	0.2617969	-0.24003063	0.25024557	0.29461005	0.26545107
0.91478914	-0.92380923	0.8948064	0.9714409	-0.9740898	-0.90634084	-0.99393296	0.9269956	0.99417704	0.9322734	-0.9865245	0.9637013	-0.90690017	0.9538826	0.96495765	0.97842556
0.10276387	-0.09048041	0.15906478	0.13697547	-0.06568374	-0.12390122	-0.1378141	0.0759612	0.14242	0.107812844	-0.104735516	0.09783527	-0.14878881	0.12794055	0.13350743	0.07078016
0.119956456	-0.058238056	0.06304977	0.008582326	-0.03590191	-0.08609067	-0.10126497	0.059544146	0.117930576	0.10930318	-0.08676039	0.09810834	-0.10371318	0.037937	0.09418915	0.06524822
-0.44936734	0.54547125	-0.5540723	-0.6463222	0.61214495	0.55300635	0.60338795	-0.66536707	-0.60288906	-0.58376366	0.63611645	-0.6017544	0.623649	-0.5700622	-0.5677841	-0.58653706
0.25530106	-0.25830403	0.22322118	0.22060841	-0.25091317	-0.25081405	-0.19329388	0.24861479	0.31938067	0.27475297	-0.21264638	0.25503865	-0.22806302	0.2609296	0.24297151	0.26064155
0.21053535	-0.20826145	0.19928946	0.15340072	-0.15561976	-0.16293885	-0.15686193	0.19097126	0.1419263	0.20769712	-0.15597723	0.21959451	-0.168525	0.159545	0.17599565	0.2333618
0.7195663	-0.79237396	0.6901819	0.7787351	-0.8228162	-0.7126963	-0.8060427	0.7175383	0.8015958	0.8126636	-0.73984677	0.7799908	-0.7839831	0.7766662	0.76540506	0.76696557
0.119776115	-0.13656685	0.11504059	0.16254373	-0.18292508	-0.19388425	-0.2001187	0.16052295	0.20316815	0.122853	-0.18605101	0.17430827	-0.11161784	0.13132761	0.16939063	0.2096305
0.7005451	-0.87000453	0.79202986	0.8143385	-0.8687073	-0.79482466	-0.8027207	0.7926779	0.92525053	0.84976274	-0.82347345	0.8018621	-0.7955283	0.80338997	0.77053654	0.9076184
0.4584816	-0.49668652	0.52253854	0.566204	-0.5561596	-0.5388846	-0.5447942	0.4655913	0.52729553	0.52808946	-0.5411563	0.56607676	-0.5071806	0.49995863	0.51971364	0.59596246
-0.14210322	0.1365607	-0.17177129	-0.1324825	0.117866844	0.22534354	0.18956883	-0.23333813	-0.1646423	-0.16181728	0.17796807	-0.20506068	0.15316439	-0.18801858	-0.18847972	-0.1305299
0.83749723	-0.897759	0.8899392	0.89281917	-0.9155831	-0.89891654	-0.9235045	0.8438745	0.88959855	0.89508414	-0.89871347	0.9302788	-0.84662354	0.859623	0.88725823	0.9245277
-1.190119	1.212459	-1.3128487	-1.2088975	1.2710168	1.1808543	1.253528	-1.2646832	-1.2480075	-1.2033024	1.2728451	-1.2939368	1.262605	-1.2744095	-1.2291943	-1.295797
-0.7445831	0.8973178	-0.89103216	-0.8120625	0.8949987	0.82170177	0.8874092	-0.8248302	-0.8903019	-0.8720303	0.8453624	-0.8862317	0.87001103	-0.8749181	-0.82440114	-0.85058993
-0.09599336	0.19497463	-0.24899174	-0.25614753	0.24847485	0.14891315	0.22878848	-0.18038562	-0.2488239	-0.2083326	0.21947868	-0.23507854	0.22212192	-0.21582903	-0.23311962	-0.20536749
0.8259857	-0.86276424	0.9294318	0.8786795	-0.96617186	-0.90901434	-0.88131464	0.83429056	0.95626837	0.86750585	-0.85600024	0.8637557	-0.83601797	0.8455784	0.89987767	0.9386378
-0.9122644	0.8921238	-0.9585545	-0.92640275	0.89299434	0.8953596	0.85174936	-0.9649534	-0.9183048	-0.9583082	0.9108991	-0.897274	0.8703185	-0.8845385	-0.90192235	-0.9529399
0.29816103	-0.2613306	0.3492173	0.32217047	-0.31550273	-0.29804927	-0.28445163	0.3348288	0.3083707	0.29838273	-0.30680826	0.30900222	-0.32103142	0.36292836	0.3202666	0.3815634
-0.6942666	0.74088115	-0.74610376	-0.6971419	0.7216303	0.7056766	0.6408678	-0.7300636	-0.73604	-0.6531732	0.69724077	-0.6539938	0.64559937	-0.7111299	-0.7327093	-0.67205036
-0.03112338	0.09060149	0.04310185	-0.056052834	0.008873994	0.04078563	0.0409395	-0.016020799	-0.010162989	0.0142657915	-0.007924379	-0.08053027	0.023608515	-0.041470785	-0.04602666	0.013757492
0.17278324	-0.21871477	0.11412912	0.1623364	-0.17111368	-0.1301207	-0.20906116	0.13515577	0.24143252	0.21483488	-0.19072428	0.23100294	-0.18984848	0.13699353	0.21282727	0.19999641
-0.24607117	0.21344662	-0.24954112	-0.16107617	0.19379322	0.1460423	0.15265666	-0.15475084	-0.15490493	-0.18186878	0.14896992	-0.12931757	0.16869475	-0.15101261	-0.1869692	-0.1300905
0.312884	-0.26307622	0.25508007	0.27447218	-0.3065616	-0.28082073	-0.2620574	0.30841368	0.30685943	0.27390662	-0.29440275	0.24787585	-0.2417009	0.28479192	0.2269485	0.21357879
0.64224255	-0.69965386	0.68193775	0.65628767	-0.6509521	-0.68333524	-0.7046738	0.636938	0.6599658	0.70443684	-0.6776923	0.6297091	-0.62703836	0.6139353	0.61761224	0.71218926
0.0072743217	-0.031677067	0.07041617	-0.0043502604	-0.016578965	0.016934358	0.011261298	-0.010578642	-0.04509164	0.01788043	-0.0060830554	-0.007924961	0.043023877	-0.017181877	0.04617057	-0.043006446
0.34947792	-0.37296677	0.42394984	0.36633664	-0.40453058	-0.39276782	-0.4456841	0.3598227	0.3908963	0.4278991	-0.45175868	0.4006148	-0.37129268	0.35616606	0.3780344	0.3805194
0.74346006	-0.65964586	0.7182727	0.708246	-0.6446878	-0.6898874	-0.7034784	0.7116372	0.68670756	0.6580654	-0.7006137	0.66329783	-0.69363683	0.6274397	0.6803415	0.71552444
-0.015116487	-0.0013033632	-0.029013744	-0.08092059	0.07203913	0.048670925	0.024918301	-0.09064878	-0.018827822	-0.08304872	0.027007109	0.00026794223	0.038256146	-0.05230059	-0.0030844042	-0.012696482
-0.83383644	0.8625279	-0.99393743	-0.93026364	0.979058	0.84895843	0.85250074	-0.89996845	-1.0056137	-0.9622669	0.9075377	-0.9794741	0.92290497	-0.914841	-0.8823346	-0.9681441
-0.0081488015	-0.04958572	-0.04183354	-0.020557744	-0.048911035	0.02063146	-0.055036385	-0.04900093	-0.01897426	-0.026809447	-0.015693063	0.022007156	-0.054596793	0.019602211	0.02376589	0.05929573
0.7049268	-0.6678559	0.6292088	0.73199594	-0.7221661	-0.7061332	-0.6857324	0.7005722	0.7385925	0.72898	-0.74553674	0.66436344	-0.70424	0.6641707	0.6896927	0.7267079
-0.51920885	0.4328941	-0.45226327	-0.4638344	0.4601833	0.45330903	0.41760704	-0.49098435	-0.44791704	-0.49791044	0.48511243	-0.44132325	0.4920607	-0.47492093	-0.47151425	-0.47461477
0.90894526	-1.0076003	1.0162464	0.977723	-1.0183326	-0.9237417	-0.94080025	0.9412783	1.0451136	0.9767204	-0.93467546	1.0013802	-0.9164053	0.9499957	0.9658563	1.0064833
-0.7879376	0.8148974	-0.8772629	-0.8072195	0.88163424	0.859502	0.8270115	-0.7911482	-0.9254771	-0.8881951	0.86859614	-0.8367788	0.8669741	-0.800899	-0.814075	-0.86286485
0.47825232	-0.38346237	0.4563746	0.42656556	-0.43063256	-0.45595005	-0.4289211	0.40057606	0.40941298	0.4141205	-0.45066404	0.3992614	-0.43620676	0.38576776	0.47221905	0.44009098
0.34280047	-0.33209494	0.3712779	0.31571054	-0.36431	-0.3601431	-0.29291627	0.2885312	0.3797104	0.32660696	-0.358724	0.30961123	-0.30005562	0.35146686	0.29207218	0.32015792
-0.62189454	0.68419087	-0.6832695	-0.63068056	0.67905563	0.67125034	0.65573615	-0.6830264	-0.69623905	-0.61193436	0.6367984	-0.6454937	0.6861788	-0.60961264	-0.6723707	-0.6449296
0.91230893	-0.8730753	0.87272173	0.86088073	-0.8564918	-0.8627268	-0.87846816	0.8405736	0.94238895	0.8141396	-0.89709204	0.89929163	-0.8661759	0.8373155	0.8110811	0.87833524
0.49420413	-0.4936406	0.5547131	0.49964294	-0.5253506	-0.4731492	-0.53778994	0.46132722	0.47360903	0.4504176	-0.44514954	0.5259757	-0.52012837	0.49277103	0.50526506	0.49840736
-0.33295584	0.33196163	-0.30205107	-0.2865896	0.3107605	0.35194167	0.38498965	-0.2892968	-0.3359604	-0.35709074	0.30168957	-0.38280058	0.3654544	-0.34006897	-0.29911938	-0.34070513
0.17886966	-0.1877411	0.19458166	0.24440968	-0.2550774	-0.21127751	-0.22778454	0.21198335	0.2493304	0.21444759	-0.19701296	0.18957794	-0.23383838	0.16702174	0.19252634	0.2664818
-0.09479145	0.043725993	-0.11603986	-0.07554352	0.0821287	0.12983361	0.054067608	-0.10297936	-0.10099171	-0.091862686	0.059814304	-0.08321077	0.06489432	-0.06208851	-0.09569055	-0.13694689
-0.25613272	0.3026161	-0.3685907	-0.25448918	0.3028674	0.2869165	0.30725756	-0.32401934	-0.29374298	-0.2646526	0.27377978	-0.23385897	0.24516818	-0.2828102	-0.31480086	-0.32761356
-0.37140623	0.35503754	-0.44134358	-0.3670235	0.40731794	0.41795734	0.3374774	-0.31062263	-0.38810226	-0.3616674	0.40680653	-0.40654388	0.34585312	-0.365831	-0.4027528	-0.34779403
-0.24585086	0.19300264	-0.24627115	-0.27859432	0.28649104	0.18531191	0.18484029	-0.24234073	-0.23029527	-0.20422961	0.26645297	-0.25974426	0.22746405	-0.21392113	-0.23764741	-0.21431793
-0.25995246	0.23386663	-0.23088974	-0.26656568	0.28218612	0.24622415	0.21966761	-0.25989583	-0.2741274	-0.25629008	0.3166491	-0.28157935	0.25304157	-0.23752747	-0.25744182	-0.2800712
-0.08798561	0.08639946	-0.11103997	-0.12092438	0.05247428	0.07509488	0.11027507	-0.12473593	-0.06263381	-0.10585037	0.080118604	-0.077856705	0.06459478	-0.027109405	-0.034484584	-0.09994313
0.8633045	-0.9638094	0.98770314	0.9749921	-0.9610563	-0.9105987	-0.9052561	0.93086684	1.0979071	0.99188375	-0.9942754	1.0205483	-0.91780204	0.9516958	0.93712854	1.0290189
-0.28174534	0.15749228	-0.20756325	-0.21187615	0.16138664	0.19382128	0.2491992	-0.2619371	-0.23474193	-0.18077743	0.23463964	-0.15140301	0.2510235	-0.23699991	-0.21521223	-0.24681005
-0.14476527	0.17523679	-0.2461291	-0.22564204	0.26428652	0.18556133	0.234003	-0.19851252	-0.21921545	-0.23231347	0.21716362	-0.17703213	0.19798146	-0.2514883	-0.22244696	-0.26579973
0.81399924	-0.85882974	0.84544796	0.8114881	-0.89794207	-0.81003344	-0.86834544	0.84803104	0.90279543	0.8120881	-0.7906392	0.8365338	-0.83875275	0.8023055	0.787595	0.88988703
0.16635387	-0.10949917	0.17832972	0.113625415	-0.08162995	-0.1411933	-0.166697	0.12147814	0.10445512	0.14976072	-0.12064722	0.16589418	-0.10912023	0.13039027	0.17533134	0.078306
-0.4921111	0.43280077	-0.5096761	-0.45479918	0.5105249	0.40469065	0.42144367	-0.4777795	-0.528815	-0.46309802	0.48468602	-0.43973786	0.42585057	-0.40497053	-0.4902804	-0.43298236
0.30583444	-0.28423572	0.3245486	0.31249994	-0.3644642	-0.34734493	-0.32306215	0.28054208	0.3474828	0.2957315	-0.31259122	0.2795197	-0.291719	0.29734036	0.3100248	0.3690244
-0.1877421	0.22061488	-0.24154525	-0.16538776	0.24216254	0.17207055	0.15376537	-0.2753033	-0.21313144	-0.16998358	0.24447398	-0.21143433	0.19405642	-0.2383235	-0.24762782	-0.17454375
-0.42749983	0.4692022	-0.41684908	-0.49699327	0.50539434	0.5092283	0.4829693	-0.56558645	-0.5317535	-0.5198309	0.5483128	-0.4832089	0.51296234	-0.5214311	-0.55519336	-0.5029336
-0.49156222	0.49130112	-0.5018842	-0.47482342	0.4511582	0.47104785	0.48742822	-0.4500106	-0.53848886	-0.5069569	0.5149706	-0.4920269	0.44893342	-0.52796704	-0.43621138	-0.47149557
0.27585143	-0.24078679	0.23204112	0.28032842	-0.27157396	-0.21001524	-0.26629254	0.2632658	0.23365653	0.22101887	-0.2756871	0.24174668	-0.20523703	0.2095448	0.2815716	0.23196688
0.060504768	0.40426642	-0.5084345	-0.47228053	0.4769121	0.30282232	0.31940633	-0.53971034	-0.4821982	-0.4123006	0.49826768	-0.507429	0.54425675	-0.3291908	-0.4214503	-0.471015
-0.55806637	0.56377155	-0.62591213	-0.6180529	0.5798627	0.5875675	0.588274	-0.60315305	-0.6625765	-0.6482369	0.57921225	-0.59727997	0.6065795	-0.58897096	-0.5777271	-0.63341844
-0.57988226	0.6192896	-0.6048141	-0.68216485	0.651635	0.6146288	0.5802355	-0.66779697	-0.71956056	-0.6564354	0.6758471	-0.6203136	0.58712256	-0.60027647	-0.630798	-0.6145534
-0.6738313	0.73064667	-0.68976754	-0.65468466	0.7134209	0.6783983	0.71589524	-0.70159256	-0.7560164	-0.7001407	0.73046833	-0.6918769	0.65840524	-0.7309425	-0.6693278	-0.7720903
0.5008742	-0.578521	0.49467525	0.49482533	-0.5458949	-0.58041507	-0.51534355	0.5426011	0.5580892	0.53684664	-0.54512143	0.5358156	-0.5197673	0.4936319	0.4940474	0.55616844
-0.33566788	0.36902866	-0.3652515	-0.34033787	0.3861493	0.35534585	0.32995185	-0.3773237	-0.43761095	-0.34941658	0.41123462	-0.4049355	0.425595	-0.3325339	-0.3315588	-0.42360932
-0.29597315	0.2152138	-0.30093637	-0.21399765	0.28954008	0.22819778	0.224657	-0.2762694	-0.23302764	-0.24525459	0.2585568	-0.20305912	0.21618299	-0.28840476	-0.23738241	-0.20356941
-0.21233949	0.17731468	-0.15778169	-0.21517693	0.21665512	0.23286225	0.15895301	-0.19441931	-0.15693295	-0.22307806	0.21165013	-0.17312822	0.18922172	-0.20543694	-0.24544398	-0.1849692
-0.3408513	0.4683388	-0.35081875	-0.43661273	0.46650565	0.4501212	0.4197518	-0.39509425	-0.4209201	-0.4265637	0.39229867	-0.42362705	0.44447917	-0.4430067	-0.412244	-0.44144094
-0.22234744	0.20368066	-0.27038175	-0.24426708	0.3002314	0.24705374	0.2278989	-0.24990682	-0.24395874	-0.23390171	0.21884017	-0.2739444	0.26601252	-0.23872903	-0.19197229	-0.24912417
1.159843	-1.1282811	1.1386155	1.1777	-1.1495858	-1.192074	-1.17542	1.2040852	1.2088535	1.1417915	-1.143618	1.2138429	-1.1238929	1.2146633	1.1159552	1.2248102
0.2610803	-0.24148045	0.28340545	0.1694098	-0.18080786	-0.25848687	-0.2133088	0.23975793	0.23376043	0.27005142	-0.20180623	0.23732208	-0.2023324	0.22761418	0.25608075	0.20275943
-0.25640383	0.25009164	-0.27756014	-0.19788757	0.20166513	0.2467732	0.16429211	-0.235021	-0.23210357	-0.1843915	0.21736102	-0.17559981	0.21564701	-0.21859702	-0.17688394	-0.20280546
0.73271877	-0.8520066	0.81961113	0.8182655	-0.90401113	-0.7383189	-0.8169361	0.82531255	0.8762948	0.7795202	-0.8382419	0.8082167	-0.8037312	0.830084	0.83495146	0.92004734
0.35545737	-0.3233568	0.3798657	0.33032823	-0.40931475	-0.3624915	-0.34427103	0.3676499	0.35940242	0.39310664	-0.38342783	0.33238092	-0.35683012	0.40651122	0.38828713	0.3983366
-0.8712574	0.8211586	-0.85882926	-0.8449782	0.8876873	0.8484707	0.8176658	-0.8105606	-0.9276082	-0.8751791	0.89717185	-0.92418545	0.86100835	-0.85653055	-0.8791464	-0.93718046
0.88898355	-0.9194274	0.95499593	0.9344715	-0.90246916	-0.9046674	-0.8688144	0.8520661	1.0166444	0.8698536	-0.94227135	0.93211	-0.86079353	0.8802985	0.9235526	0.91734684
-0.22546074	0.23366313	-0.23932031	-0.27447417	0.2190709	0.24564229	0.21905434	-0.19329664	-0.23278445	-0.17540668	0.20662431	-0.21807346	0.24844062	-0.17916507	-0.23456836	-0.19130096
-0.81381845	0.8243262	-0.8759468	-0.8332622	0.87480026	0.8470034	0.8826337	-0.81441987	-0.8775091	-0.8611513	0.87509257	-0.84806556	0.8540531	-0.8160747	-0.8201272	-0.86889386
-0.31916788	0.3887298	-0.3760963	-0.32704946	0.39785084	0.38920218	0.39018908	-0.34232566	-0.3599124	-0.3564663	0.4188714	-0.37841564	0.37927872	-0.41337386	-0.3644258	-0.41072688
0.52971244	-0.51938814	0.5027839	0.54478174	-0.5107856	-0.47909757	-0.5126919	0.46499705	0.47873724	0.51186323	-0.5279689	0.5388722	-0.53387684	0.507556	0.54613656	0.5620436
-0.68110836	0.7123509	-0.6946437	-0.68955606	0.760963	0.750515	0.76850677	-0.67636347	-0.80582786	-0.67742497	0.71494627	-0.77483225	0.7033656	-0.71834874	-0.7475903	-0.76442647
0.007685666	0.062098943	0.0040084873	-0.061825424	0.062500514	0.016045209	0.07914041	-0.06452218	-0.041983526	-0.035856184	0.011063347	-0.026856238	0.056365035	-0.03269365	-0.09084303	-0.05836039
-0.58133805	0.5661926	-0.68224573	-0.655096	0.6259921	0.59837615	0.5972288	-0.58089	-0.6536201	-0.6323317	0.6030191	-0.6410649	0.59125143	-0.5905074	-0.6158804	-0.60653573
0.49363947	-0.5023011	0.5613349	0.49927863	-0.53167784	-0.48052317	-0.49806467	0.4937155	0.5511006	0.4801872	-0.5017723	0.45712784	-0.43668598	0.48627758	0.48505723	0.49144354
-0.18567203	0.19853128	-0.25945032	-0.23046352	0.20758627	0.24257275	0.25432855	-0.2344029	-0.19058743	-0.27631956	0.19657625	-0.279478	0.20577335	-0.21963277	-0.21896014	-0.2781333
0.29966828	-0.246304	0.30673507	0.30602944	-0.26033515	-0.25717202	-0.23566002	0.29011086	0.2650854	0.2281666	-0.25665444	0.30074587	-0.28936476	0.24558325	0.24574882	0.29009718
0.5150875	-0.58283484	0.5525677	0.55838853	-0.6186192	-0.6094385	-0.5571816	0.50524724	0.6102404	0.549737	-0.5936749	0.5732459	-0.5195212	0.59248835	0.52884537	0.54477745
-0.7570858	0.794744	-0.7722036	-0.85152537	0.87034994	0.77938914	0.843588	-0.8188775	-0.81848925	-0.86182153	0.840119	-0.7883542	0.81667143	-0.77343476	-0.7571519	-0.81889063
0.56375444	-0.6591917	0.6056613	0.6160652	-0.69187623	-0.59759235	-0.6179039	0.5848589	0.715805	0.68501073	-0.61085594	0.66914994	-0.6614761	0.5952912	0.6033475	0.7090282
1.0185031	-1.0105541	1.0116732	0.99509287	-0.95543814	-0.98169255	-0.9298557	0.9756826	1.0290704	0.993275	-0.9312835	0.9862663	-0.9991246	1.0271032	1.0027206	1.0219858
-0.77054465	0.90677637	-0.8858573	-0.8211165	0.91938573	0.7974565	0.8174385	-0.82758445	-0.8932562	-0.8216662	0.84197724	-0.8357857	0.80863315	-0.8577267	-0.81016487	-0.87366784
-0.5409559	0.5980742	-0.57440436	-0.54659635	0.6165675	0.5423106	0.58451146	-0.5086911	-0.61077994	-0.5921823	0.5947077	-0.59741527	0.5653181	-0.55353534	-0.5134905	-0.63074523
-0.6570476	0.7304845	-0.6894276	-0.6892861	0.72764856	0.72697175	0.69501674	-0.69280434	-0.7530594	-0.72740257	0.6448103	-0.645301	0.6460609	-0.71364087	-0.70634604	-0.744716
-0.025400324	-0.013895752	-0.013483816	0.023658948	-0.073913194	-0.03803983	-0.08567673	0.05065727	0.06388831	0.07435646	-0.027647335	0.07414336	-0.045485433	0.04572744	0.07930649	0.054128043
-0.17885473	0.21463938	-0.14270286	-0.24166746	0.19165756	0.19354367	0.19910827	-0.14746638	-0.25485897	-0.20795548	0.227704	-0.18075548	0.24571054	-0.23694415	-0.23380959	-0.17031357
-0.16259716	0.17606218	-0.17524931	-0.24548495	0.18781142	0.1728086	0.22593838	-0.23005316	-0.2623608	-0.22390805	0.18097436	-0.17568105	0.19400607	-0.13555874	-0.2206994	-0.18181974
-0.01665235	-0.04769039	-0.03014744	0.027684523	-0.030687872	0.025948733	0.0008178598	-0.048456874	0.023712566	-0.03970565	0.016138164	0.04199862	0.058313336	-0.027867844	-0.06654653	-0.015135415
-0.2924158	0.252962	-0.2804521	-0.22426097	0.23346274	0.21291529	0.2414408	-0.21833585	-0.27721837	-0.18807507	0.20335208	-0.19399202	0.21114734	-0.21221551	-0.200964	-0.20599337
0.42912105	-0.4912076	0.45622984	0.4757414	-0.47333878	-0.5004779	-0.4899193	0.44245496	0.5224088	0.41246107	-0.46480146	0.4648629	-0.40242535	0.40398377	0.4080233	0.4804612
0.4776575	-0.56430954	0.50666296	0.54841	-0.50420254	-0.5004039	-0.5410156	0.4925852	0.5994953	0.5371816	-0.50448495	0.52081656	-0.5278475	0.5555202	0.51302296	0.5168674
0.35895175	-0.44313335	0.332411	0.34580886	-0.44363266	-0.34018114	-0.37066826	0.37516445	0.44054174	0.43233424	-0.4217758	0.42442942	-0.42281082	0.42730978	0.39101312	0.39242408
0.10919254	-0.067434445	0.12036143	0.098799445	-0.07183797	-0.052418683	-0.041176267	0.1037623	0.004399222	0.048993938	-0.06100269	0.05498912	-0.09420258	0.105579555	0.04825971	0.10993915
-0.38589227	0.50109446	-0.39682558	-0.44751585	0.48473713	0.42970908	0.4608316	-0.46818826	-0.5040254	-0.46392488	0.45756778	-0.4447116	0.41582173	-0.41007286	-0.4566772	-0.4636346
0.19868441	-0.19548076	0.22734345	0.21850584	-0.15571606	-0.17186731	-0.24746242	0.14012988	0.18830802	0.20114695	-0.16920121	0.22355421	-0.16519606	0.19468339	0.21260443	0.15270352
0.83236504	-0.96469706	0.9651695	0.95474994	-0.96164405	-0.97706217	-0.9693777	0.89123833	1.0015228	0.9934963	-0.9421343	1.0198478	-0.9801503	0.9748349	0.9124615	0.97388476
-0.7421107	0.9077154	-0.84998316	-0.81945145	0.8460681	0.8058114	0.843183	-0.8914218	-0.8713537	-0.8307936	0.8919433	-0.84813803	0.88350666	-0.80297935	-0.845456	-0.84937733
0.90375155	-0.9798986	0.94684136	0.93681854	-1.0083549	-0.96031326	-0.960653	0.91752964	1.0077764	1.0206783	-0.9378482	1.0321971	-0.99738204	0.9247475	0.97732854	1.0035893
-0.23126763	0.20608743	-0.3123853	-0.25304568	0.2158787	0.20993361	0.24074286	-0.18946598	-0.27925485	-0.23166195	0.22416197	-0.29752234	0.2736968	-0.29468614	-0.24611989	-0.23524356
-0.8307527	0.9438332	-0.9637804	-0.95357066	0.9350626	0.8313978	0.9025223	-0.95264906	-1.0439271	-0.89703953	0.93147355	-0.9147193	0.892914	-0.8632782	-0.8624123	-0.9888877
-0.083527885	0.07065915	-0.045211267	-0.09091899	0.051213093	0.054303102	-0.0002057473	-0.07961672	-0.04027153	-0.08756809	0.085779205	-0.072722666	0.027403593	-0.107158504	-0.115057185	-0.0034125934
-1.1064334	1.069752	-1.1086223	-1.1176032	1.0717883	1.1026504	1.1241145	-1.0480679	-1.1862577	-1.0433805	1.1085166	-1.1207256	1.107333	-1.0710291	-1.028831	-1.1220585
1.0076768	-1.0002081	0.9604971	0.95203066	-1.0226939	-1.0150845	-0.9942815	0.9514833	1.0266787	1.0492117	-1.0665146	0.97826385	-0.9877562	1.016917	0.94919354	1.030099
-0.8623804	0.89508796	-0.8640053	-0.80990803	0.8727343	0.8549225	0.88129014	-0.8272674	-0.9098629	-0.8554034	0.87020445	-0.8931881	0.8308212	-0.877161	-0.8770878	-0.8907604
-0.8107008	0.87846303	-0.9026887	-0.79229546	0.8169297	0.8329953	0.78482825	-0.7828765	-0.9259997	-0.7924092	0.8195007	-0.847002	0.8115879	-0.82756704	-0.78057116	-0.9068994
-0.41090634	0.38207877	-0.46257824	-0.3828271	0.4027468	0.3925334	0.38403434	-0.36774275	-0.41992295	-0.40534472	0.4578187	-0.406739	0.40780494	-0.3886691	-0.42798373	-0.3833544
-0.9649986	1.0299946	-0.99390966	-0.9356983	0.9874211	0.9300155	0.9781592	-0.982479	-1.0382416	-0.9498143	0.9686353	-1.0350549	0.92964643	-1.0065755	-0.92914176	-1.0496368
0.09441735	-0.056654636	0.12285609	0.056302894	-0.072514355	-0.033692278	-0.099942036	0.07092158	0.008953008	0.0628684	-0.019925172	0.057695165	-0.08132464	0.07858819	0.030419352	0.040679883
0.4134275	-0.35559273	0.4816855	0.38909566	-0.3621826	-0.44433007	-0.4014615	0.41537425	0.38638398	0.39161888	-0.4145465	0.41454378	-0.37769797	0.4421877	0.366345	0.39567634
-0.20163268	0.29195914	-0.21306376	-0.30472475	0.2952689	0.18969296	0.29191172	-0.27959427	-0.31463	-0.23053688	0.27982605	-0.28848994	0.28024626	-0.2753636	-0.20135231	-0.25074115
0.25032026	-0.23122585	0.23028827	0.16756943	-0.2022222	-0.2554081	-0.18111286	0.21872464	0.17178705	0.20965002	-0.19462828	0.20960179	-0.18620934	0.22660305	0.22209895	0.21647127
-0.5537053	0.51507634	-0.58193624	-0.5877616	0.52533364	0.54233235	0.59497774	-0.48002118	-0.58524126	-0.5755839	0.58983254	-0.5901875	0.51233906	-0.55746025	-0.5947193	-0.5524238
-0.59056735	0.6335252	-0.67985153	-0.5973374	0.5722973	0.57983595	0.56109697	-0.6280508	-0.5817551	-0.60235137	0.62350976	-0.60004324	0.5499087	-0.6122549	-0.64817375	-0.57849896
-0.6731014	0.7486034	-0.78031296	-0.7387719	0.8011023	0.7490327	0.76223785	-0.77691406	-0.8023272	-0.75818557	0.79737383	-0.769884	0.7755313	-0.72597206	-0.78216213	-0.8055163
-0.24875847	0.21072651	-0.23409985	-0.26172647	0.21110617	0.27675134	0.23591389	-0.22801392	-0.2746838	-0.27075693	0.2592555	-0.21333928	0.25135204	-0.21613677	-0.24030781	-0.2782456
-0.2295662	0.18977524	-0.2533772	-0.24823192	0.24505611	0.24204692	0.19682653	-0.24975246	-0.22545414	-0.20884109	0.2155665	-0.19506882	0.21724269	-0.20674229	-0.25360987	-0.21702829
0.003594021	0.02287469	0.012420904	0.031718377	-0.034859747	-0.0035466482	-0.047901727	-0.020939354	0.002898537	0.018712623	-0.06333302	0.053542048	-0.0076869437	0.0033673423	-0.0014040126	0.06326246
0.12741177	-0.15958378	0.1516361	0.112164706	-0.1292815	-0.16572379	-0.14692079	0.03517867	0.15902942	0.12735787	-0.15763956	0.1195511	-0.08794472	0.1521869	0.11599762	0.13910528
-0.81911093	0.92220086	-0.9342368	-0.8504809	0.89298344	0.892572	0.86337185	-0.90457416	-0.9643842	-0.92211777	0.9279413	-0.85253	0.86371297	-0.8666099	-0.8722465	-0.9608319
0.20013382	-0.35813943	0.27951738	0.27075902	-0.30006576	-0.29339013	-0.25403252	0.29509625	0.3052101	0.2785977	-0.25825152	0.34320942	-0.2678377	0.23435536	0.2392613	0.27416664
-0.91520315	0.91937137	-0.9325167	-0.92513514	0.9980158	0.90517366	0.95478976	-0.9123896	-0.96042913	-0.9330561	0.89517874	-0.94232947	0.9198678	-0.92120546	-0.937075	-0.95383203
-0.63675505	0.58806723	-0.63521063	-0.5900381	0.5813928	0.63834876	0.62745327	-0.62255543	-0.5709426	-0.6208146	0.5675284	-0.56604743	0.56834185	-0.5704853	-0.55853146	-0.61829066
-0.7894174	0.8123257	-0.7577737	-0.8213032	0.7895379	0.8440178	0.76413804	-0.84192157	-0.8498117	-0.82384074	0.77804154	-0.7861259	0.84178233	-0.7828951	-0.757911	-0.7952154
-0.20027345	0.18496078	-0.2204611	-0.17369062	0.1177216	0.14004867	0.13600042	-0.15409245	-0.10285921	-0.1915549	0.15166639	-0.102648936	0.19293734	-0.11146301	-0.16230418	-0.16055179
-0.105616875	0.0927009	-0.06186002	-0.12580775	0.113510035	0.08719308	0.066614985	-0.11533193	-0.102838166	-0.05122068	0.07270224	-0.04100406	0.124510944	-0.100000344	-0.04607429	-0.08489879
-0.3476235	0.34916237	-0.28192887	-0.33532402	0.38594088	0.31139928	0.3055976	-0.35440493	-0.3771437	-0.29293483	0.3769031	-0.3423441	0.29815054	-0.334858	-0.3287476	-0.35090718
0.67047286	-0.6851711	0.7021051	0.7329051	-0.7165048	-0.68946046	-0.74203235	0.63541645	0.7555418	0.733156	-0.6798258	0.77038085	-0.70239186	0.7240258	0.73702574	0.72758335
0.01152295	0.0984029	-0.0321758	-0.040177956	0.024868218	0.018327277	0.05239025	-0.076753415	-0.03242321	-0.1116404	0.111260824	-0.04309407	0.1112844	-0.037784643	-0.05843739	-0.09007703
-0.13313599	0.13372545	-0.15775493	-0.15667577	0.19487244	0.1300489	0.14566904	-0.17713982	-0.153578	-0.1580598	0.20069599	-0.21087763	0.1945499	-0.17384054	-0.1317538	-0.18962164
-0.788	0.78267574	-0.794175	-0.767483	0.77458894	0.7336134	0.80126226	-0.809172	-0.8454727	-0.7672368	0.82547206	-0.79796463	0.78697026	-0.77496713	-0.81997603	-0.8337919
0.3326381	-0.32636485	0.34326786	0.40984017	-0.4218428	-0.34818524	-0.39198238	0.36969647	0.43207023	0.37525648	-0.3650903	0.38373917	-0.3822004	0.3522263	0.33457407	0.3935831
-0.24884914	0.22493623	-0.33278438	-0.21909915	0.29763353	0.222198	0.28889403	-0.30317917	-0.24662778	-0.2554739	0.282086	-0.24037203	0.27538207	-0.26185915	-0.27433857	-0.3015166
-0.8105495	0.8303059	-0.8482506	-0.79260355	0.7844833	0.76549965	0.7901758	-0.79095536	-0.84367704	-0.8056901	0.8450453	-0.79979676	0.78885347	-0.8134833	-0.82966775	-0.8161673
-0.22332603	0.149188	-0.18486668	-0.15476908	0.18954077	0.19896135	0.20788667	-0.13725673	-0.11911415	-0.16205496	0.20630896	-0.17124397	0.1251226	-0.2258766	-0.1589556	-0.20121048
0.10768639	-0.12420913	0.122018404	0.13169181	-0.17896065	-0.13994628	-0.15292163	0.10813382	0.12651722	0.16518283	-0.1705689	0.12007184	-0.10505182	0.14507927	0.18517101	0.20726289
-0.55804545	0.482392	-0.5391633	-0.48863137	0.49878603	0.53654605	0.48192534	-0.5114436	-0.52347934	-0.50006706	0.4991182	-0.5401817	0.50547355	-0.56837296	-0.472145	-0.58865786
-0.27082476	0.29620594	-0.28004935	-0.2832201	0.35004812	0.28770664	0.34014338	-0.2640033	-0.33202025	-0.28829005	0.3553853	-0.2986072	0.29619673	-0.25120062	-0.25096187	-0.30019447
-0.5157151	0.57372934	-0.5247051	-0.53678566	0.5145263	0.48940083	0.5083913	-0.5492808	-0.6131207	-0.5012431	0.56091166	-0.56387514	0.5555842	-0.52642834	-0.5182987	-0.54242736
0.6050258	-0.78644115	0.6868	0.7144005	-0.8271383	-0.72469556	-0.738127	0.6800365	0.91082203	0.7264233	-0.7865303	0.75246954	-0.65094304	0.7711493	0.7297792	0.835985
-0.2861857	0.34893703	-0.31836584	-0.27883655	0.3630909	0.28564885	0.2564059	-0.2945171	-0.31570882	-0.32717535	0.3164369	-0.34985632	0.29174528	-0.27117178	-0.26586047	-0.29908
0.7374259	-0.83461815	0.7534364	0.8551983	-0.82774097	-0.79362833	-0.8543291	0.7724846	0.92397135	0.8283406	-0.79997426	0.90298414	-0.84471667	0.8378084	0.77050304	0.8794119
-0.50462705	0.5667421	-0.53588223	-0.49979448	0.5650907	0.49606994	0.5459188	-0.5119676	-0.60074484	-0.5769367	0.5811855	-0.55121523	0.5448985	-0.51258874	-0.5362972	-0.5637336
0.7235694	-0.7814466	0.73078823	0.7754811	-0.8041074	-0.78999907	-0.7472887	0.7782952	0.8278941	0.7581293	-0.82180625	0.84793895	-0.77878374	0.7954375	0.7909026	0.82271713
-0.24989213	0.25372082	-0.2774967	-0.22299036	0.24460799	0.18874906	0.22055088	-0.2787151	-0.22741151	-0.20214526	0.2913459	-0.25153273	0.21658212	-0.28021204	-0.1986282	-0.24760808
0.7700195	-0.75781345	0.73581326	0.80045897	-0.82153255	-0.79656374	-0.77794105	0.79700726	0.8433791	0.8134994	-0.7503868	0.74415505	-0.7493551	0.7808213	0.7422806	0.78684604
-0.21354929	0.25971657	-0.23496486	-0.3146417	0.2602734	0.21801107	0.23218653	-0.29640174	-0.31803432	-0.31459516	0.32175058	-0.30665347	0.3202098	-0.24020728	-0.29699185	-0.30003643
0.5561979	-0.46401325	0.52446634	0.5442697	-0.5102043	-0.497302	-0.49689096	0.53323245	0.5401013	0.5533783	-0.5261182	0.49103397	-0.45972463	0.5521723	0.5137397	0.53110814
0.29053304	-0.21800023	0.26599622	0.23626608	-0.30879018	-0.24292317	-0.23193517	0.29311505	0.22958675	0.2624385	-0.2153146	0.28512844	-0.27766517	0.24947602	0.27314872	0.3066686
0.66065216	-0.62674266	0.6548799	0.6828773	-0.6762568	-0.59968156	-0.6598502	0.568497	0.7283471	0.61577165	-0.6273476	0.6279941	-0.68984526	0.64015716	0.6694513	0.6667693
0.53107756	-0.441976	0.4821726	0.44132587	-0.48044997	-0.46523258	-0.43685168	0.52301174	0.51326543	0.48083946	-0.49176377	0.4267969	-0.49323243	0.43715984	0.5005976	0.4807152
0.4734853	-0.44818133	0.4782209	0.4914374	-0.5378	-0.43580604	-0.4911187	0.44894844	0.47485262	0.47762647	-0.45071355	0.5196241	-0.47246358	0.5140964	0.47970822	0.4518189
-0.45386302	0.5281965	-0.4725649	-0.49206117	0.50927377	0.4724578	0.47025087	-0.5338528	-0.53255516	-0.5113409	0.4994923	-0.5292407	0.54491246	-0.47260863	-0.516626	-0.5463386
-1.0339226	1.0552052	-1.1138439	-1.0832738	1.1538966	1.0941278	1.1101588	-1.1106949	-1.1445081	-1.0991997	1.0946732	-1.1407622	1.1257981	-1.1259149	-1.0415295	-1.1430526
0.14930762	-0.103584304	0.19923912	0.16157188	-0.14314385	-0.180629	-0.1613944	0.18477786	0.1458789	0.18476829	-0.12520047	0.18271719	-0.18372008	0.2007046	0.11014038	0.182407
-0.7395982	0.86251986	-0.8609332	-0.8982457	0.90671164	0.8108401	0.7863962	-0.80923545	-0.9113214	-0.8555417	0.87492955	-0.8861901	0.8910539	-0.7950616	-0.81646	-0.8838586
-0.14388408	0.049274683	-0.06955547	-0.046173718	0.06187825	0.07975839	0.054097936	-0.07216903	-0.026192667	-0.044401847	0.07273722	-0.018498596	0.08086937	-0.06414748	-0.055842385	-0.09330925
0.68712026	-0.7165451	0.7431379	0.7261219	-0.7907679	-0.7844888	-0.7448286	0.7188605	0.7783052	0.74542695	-0.759232	0.79760975	-0.7902105	0.742553	0.7096667	0.8079421
0.7553299	-0.76138675	0.72962636	0.77182925	-0.81864107	-0.8046632	-0.7626096	0.79047555	0.8402495	0.7497199	-0.823039	0.7652429	-0.7783822	0.79216397	0.76982063	0.83432776
0.2737037	-0.23961602	0.26472524	0.24394102	-0.2741663	-0.28464484	-0.28264615	0.24051349	0.29125354	0.24166042	-0.29601827	0.3149049	-0.30438244	0.28284118	0.3107043	0.32339966
0.0031026502	0.019773807	-0.060312387	-0.057494473	0.10506111	0.05164786	0.06445989	-0.11096423	-0.094048336	-0.09721548	0.0125748245	-0.08843326	0.10895586	-0.061019987	-0.047555607	-0.056860957
-0.5783816	0.8569543	-0.9121233	-0.8477547	0.9230648	0.8157796	0.79437405	-0.825761	-0.9136554	-0.77391267	0.834826	-0.8935899	0.8903601	-0.79424095	-0.7960991	-0.89535415
0.31375432	-0.23357852	0.34631804	0.283764	-0.3081007	-0.33586407	-0.27554986	0.32350144	0.30891073	0.23293725	-0.28848332	0.2906709	-0.28100452	0.25098452	0.26349717	0.28365967
-0.1997449	0.20899871	-0.26111218	-0.1818521	0.1956335	0.20202488	0.26413587	-0.2046952	-0.25886172	-0.22275686	0.21684563	-0.22199343	0.1907865	-0.19080032	-0.2211912	-0.27478182
-0.6933964	0.6211237	-0.67127395	-0.68309134	0.6129874	0.6719176	0.67947227	-0.62409955	-0.6196089	-0.67176	0.6608173	-0.6161175	0.5852867	-0.6068041	-0.6087088	-0.6173916
0.18402652	-0.13967206	0.09128313	0.0698849	-0.14652197	-0.15272383	-0.1054736	0.06195344	0.09631558	0.08638239	-0.13353744	0.071865596	-0.13489941	0.06896004	0.16048466	0.05861881
-0.7225848	0.8463109	-0.9072824	-0.82552177	0.8752998	0.8160362	0.87664	-0.8730449	-0.86961925	-0.84837335	0.8135054	-0.85911477	0.82653254	-0.8183556	-0.79246885	-0.8991489
0.8888832	-0.8360651	0.9575277	0.8533284	-0.8235115	-0.8539921	-0.8293838	0.909659	0.8969252	0.869878	-0.8175194	0.8658642	-0.8009568	0.9127556	0.90131277	0.91805273
-0.20729207	0.8106511	-0.8861491	-0.9346039	0.9791113	0.63969475	0.72519284	-0.9866426	-1.131573	-0.81982607	0.99143344	-0.9543916	0.9470369	-0.7866512	-0.8661539	-1.0437644
0.48279577	-0.41933113	0.45928153	0.4999277	-0.48634368	-0.4080653	-0.47794914	0.38755327	0.4898991	0.45383206	-0.41790223	0.4249848	-0.4486421	0.4594284	0.44076616	0.49102166
-0.08680039	0.06286217	-0.058584426	-0.04679867	0.052674092	0.071631014	0.0032383455	-0.013854865	-0.04489392	-0.059678715	0.011852937	-0.023231506	0.03255314	-0.030095361	-0.009673205	0.009646411
-0.3542474	0.32622212	-0.36690345	-0.35342845	0.31990176	0.39176574	0.40102378	-0.38823217	-0.3796442	-0.33496696	0.38691235	-0.3116162	0.3153101	-0.40681687	-0.32884178	-0.37876788
0.32229653	-0.33411077	0.35616988	0.3791307	-0.3807436	-0.3385887	-0.37491837	0.27029917	0.38386115	0.34642965	-0.38497278	0.2905908	-0.32539618	0.3435848	0.29697576	0.32658112
0.8567648	-0.8880493	0.9132003	0.8883862	-0.8423319	-0.8126054	-0.8368175	0.8238634	0.9550301	0.83158755	-0.8695164	0.8532718	-0.89783126	0.83525145	0.82963115	0.91175246
0.26913908	-0.23664658	0.32961375	0.22910891	-0.31894627	-0.24647927	-0.32305625	0.28433344	0.29439092	0.2371191	-0.3275506	0.30716804	-0.25081676	0.32403073	0.2494424	0.26544595
-0.08076269	0.054624606	-0.08330698	-0.078765854	0.105382666	0.09732092	0.079129905	-0.046660826	-0.08485433	-0.10668345	0.08268194	-0.100064516	0.096860126	-0.048956405	-0.057782747	-0.05830282
0.93910015	-0.98069316	0.9834856	0.9478704	-0.9883536	-0.94979984	-0.9792676	0.9024454	1.0105374	0.95225704	-0.9144175	0.91606784	-0.97265166	0.9137981	0.9395534	0.96236855
0.3757291	-0.45450824	0.4086803	0.4157428	-0.40427005	-0.4251388	-0.4347328	0.42604923	0.42921638	0.45631513	-0.40450644	0.4168443	-0.45828384	0.44774497	0.37807098	0.4305018
-0.31541464	0.30997804	-0.36218947	-0.38506505	0.3384014	0.34817693	0.32865706	-0.35319808	-0.34254077	-0.30378693	0.37407067	-0.34016266	0.350378	-0.3375141	-0.2995562	-0.3409822
-0.747905	0.81868	-0.77183527	-0.76043427	0.8343415	0.7194479	0.798665	-0.7877751	-0.8334177	-0.79263836	0.7460812	-0.76068616	0.7466338	-0.75339663	-0.782133	-0.78084785
0.7875354	-0.8900673	0.8421815	0.8419827	-0.926265	-0.86821705	-0.91225153	0.83215624	0.9472876	0.8898189	-0.8734716	0.926181	-0.9042625	0.8496728	0.870502	0.92788047
-0.589431	0.8119708	-0.7839424	-0.78098696	0.7876905	0.7698548	0.79056174	-0.74595803	-0.82675207	-0.78102255	0.7860781	-0.84551483	0.7424122	-0.76254684	-0.7791943	-0.8187089
-0.29684246	0.34257972	-0.32585657	-0.35649282	0.3699242	0.28714886	0.297311	-0.34518313	-0.34482703	-0.330272	0.36292642	-0.34309536	0.36284345	-0.2734663	-0.32226506	-0.3934278
0.915861	-0.9621584	0.9725228	0.93561536	-0.96864307	-0.97045034	-0.9873842	0.95687604	1.0375907	0.9974638	-1.0115153	1.0235168	-0.98370045	0.9959583	0.999148	0.96880925
0.07809575	-0.10884032	0.052644577	0.03965419	-0.07148266	-0.0960865	-0.09206888	0.036999583	0.10509297	0.044581994	-0.07774086	0.083019055	-0.0986979	0.057590667	0.03172769	0.09247199
-0.18209581	0.294502	-0.30813652	-0.3191795	0.29705495	0.2622842	0.29544646	-0.29373533	-0.37646922	-0.31579122	0.30004594	-0.32258245	0.31691948	-0.23383164	-0.26395604	-0.2667612
-0.28126636	0.34246537	-0.36128667	-0.3454191	0.35793754	0.27821332	0.30514878	-0.31311044	-0.3599899	-0.35371533	0.32247505	-0.29970852	0.29783767	-0.32827008	-0.36315012	-0.28495988
0.65646476	-0.7776216	0.7115171	0.77986956	-0.76653236	-0.7351961	-0.80261034	0.76072323	0.866375	0.7295459	-0.7391203	0.8101343	-0.7823555	0.7421723	0.7282022	0.78735477
-0.31331804	0.3097934	-0.36575451	-0.39388284	0.3475539	0.31495383	0.3592137	-0.32695648	-0.3938189	-0.34017435	0.39854348	-0.3367631	0.300939	-0.38180462	-0.292486	-0.39233884
-0.43284371	0.51713634	-0.51448417	-0.47983697	0.5411458	0.52399313	0.4468511	-0.4980833	-0.51787585	-0.5203618	0.45961478	-0.5296761	0.5398736	-0.446824	-0.53004754	-0.5738095
0.04623841	-0.053373124	0.033867937	0.03610613	-0.034161422	-0.05827138	-0.034046024	0.07031855	0.03359967	0.03944835	-0.04142836	0.037285358	-0.003906547	0.07456258	0.045694143	0.00722621
0.121242896	-0.07468767	0.022203812	0.055334788	0.019229205	-0.09273566	-0.030189414	0.03301087	-0.014116355	0.07599523	-0.03853153	0.034538142	-0.0039198482	0.0033694112	0.03687947	0.0068903775
0.665426	-0.6836525	0.71390826	0.7488452	-0.7408976	-0.6821678	-0.7048458	0.7208719	0.77159977	0.7010033	-0.66929764	0.6976404	-0.71541727	0.7107169	0.73705494	0.7165468
0.14705075	-0.097226694	0.1057176	0.10720671	-0.1704748	-0.11840159	-0.09066819	0.14212428	0.1319484	0.07060706	-0.14170617	0.12930474	-0.08641728	0.1259442	0.16741988	0.1302469
0.3993223	-0.39647236	0.4017225	0.41063902	-0.45335227	-0.42688388	-0.41453174	0.3785361	0.49856105	0.47674662	-0.4456294	0.4404842	-0.37713328	0.3897508	0.3772282	0.43212444
-0.6853467	0.7795045	-0.6878975	-0.7058138	0.72245884	0.7365491	0.68017554	-0.666531	-0.75038975	-0.76387316	0.7305381	-0.7311308	0.75794655	-0.74474216	-0.6765743	-0.71715266
-0.13028535	0.16552533	-0.1874462	-0.21663381	0.13875462	0.17935419	0.16274665	-0.11972286	-0.17020959	-0.13683331	0.16315329	-0.18253262	0.17357253	-0.21441726	-0.13969831	-0.16135028
-0.23826702	0.2619813	-0.2251735	-0.3377983	0.3428048	0.23445967	0.2307637	-0.30117917	-0.32456106	-0.29656982	0.2634571	-0.2798116	0.28393272	-0.2516252	-0.27539366	-0.26084065
-0.20395812	0.1707526	-0.19520135	-0.13826615	0.15824045	0.21275443	0.17888331	-0.23499666	-0.23241492	-0.24726911	0.17991196	-0.19312283	0.17154354	-0.19563456	-0.25254264	-0.2076911
0.24663311	-0.23709561	0.22628634	0.265588	-0.25568914	-0.24260032	-0.22104283	0.23242086	0.2896648	0.24183108	-0.28543702	0.30374905	-0.28802928	0.24620347	0.30111098	0.24014162
0.17692438	-0.15700687	0.20311052	0.1487525	-0.20459954	-0.20915869	-0.1699839	0.19105132	0.22127855	0.19582364	-0.20606293	0.21635537	-0.18283539	0.16825548	0.22082311	0.19031726
-0.031878933	0.0477169	-0.11138845	-0.04254671	0.043505464	0.038277127	0.034535985	-0.06497062	-0.005447139	-0.01495056	0.007817782	-0.016368454	-0.00094310514	-0.06439998	-0.09274456	-0.042773444
0.05766718	-0.036099173	0.09179219	0.04890274	-0.05988863	0.0099572465	-0.028154392	0.058546606	0.03387665	0.07924496	-0.025386395	0.06569435	-0.09409126	0.0068304776	0.029527865	0.10208412
0.3704571	-0.4250369	0.41569978	0.3967878	-0.45624945	-0.40962687	-0.42446402	0.37441358	0.39845425	0.41008583	-0.37378109	0.45950893	-0.34283295	0.3913208	0.39117807	0.42494014
-0.27638295	0.20475478	-0.28577557	-0.17831369	0.20673156	0.20125778	0.20216218	-0.26019382	-0.207983	-0.23094346	0.23783077	-0.24795459	0.24917544	-0.23554604	-0.22588378	-0.15440004
-0.69028217	0.7799942	-0.7691994	-0.73957586	0.8125998	0.7487789	0.75184244	-0.69456637	-0.82123953	-0.76104146	0.76434344	-0.78822035	0.7307576	-0.78410774	-0.7524507	-0.759092
-1.0197773	1.0852671	-1.1088021	-1.1455046	1.1344442	1.0980657	1.0670037	-1.1623485	-1.2077837	-1.0660864	1.1247554	-1.1025869	1.0717862	-1.1071804	-1.1224884	-1.1757889
0.106733434	0.0052169682	-0.0012658112	-0.0024074183	-0.0012161642	-0.060492855	-0.041563302	0.04491071	0.009730123	-0.013292662	-0.03254014	-0.029889993	-0.050280795	0.011808899	0.009892357	0.059645806
0.050017208	-0.09091194	0.14603391	0.045384873	-0.050318845	-0.057155114	-0.040188234	0.030200059	0.0430242	0.08426694	-0.06617343	0.074033424	-0.09662567	0.031701073	0.057484787	0.060545634
-0.7354245	0.77260226	-0.78257644	-0.7696996	0.8690924	0.7678556	0.82504743	-0.8636458	-0.8331301	-0.82777643	0.7799779	-0.84574115	0.79304606	-0.81813395	-0.8452386	-0.8278036
0.5589552	-0.6084883	0.5830947	0.5597763	-0.5411603	-0.61349434	-0.5616893	0.5744949	0.5634694	0.59470654	-0.6034295	0.563279	-0.5101646	0.51473725	0.59227437	0.5662249
-0.6790661	0.7246775	-0.7112043	-0.6620134	0.6746197	0.66580105	0.68068457	-0.71374357	-0.68655187	-0.6755251	0.68716544	-0.694355	0.7153799	-0.65419924	-0.74101025	-0.70426714
0.35294282	-0.46847242	0.40619493	0.47686717	-0.49735358	-0.4574456	-0.42174566	0.41824493	0.51243764	0.45370442	-0.4309431	0.4581135	-0.48963585	0.436216	0.46292907	0.4961364
0.02015076	-0.010694816	0.011514895	-0.02906394	0.058087792	-0.001510833	0.059842844	-0.021833481	-0.03180578	-0.0194307	0.022437979	0.003208311	0.030257674	-0.038232755	-0.0070923036	-0.047566935
-0.13812968	0.10159085	-0.10896071	-0.119627215	0.14243922	0.119628556	0.1801006	-0.15180942	-0.13059764	-0.15845104	0.12437215	-0.16990916	0.14020605	-0.15711641	-0.12834345	-0.1530824
-0.23076457	0.23311673	-0.23623292	-0.21016878	0.22585754	0.2843066	0.22968338	-0.27780142	-0.31397864	-0.28961843	0.29873812	-0.22093867	0.21530953	-0.24257702	-0.30953	-0.2844354
0.45368862	-0.39484158	0.39987132	0.45611513	-0.4594614	-0.40025455	-0.36865973	0.38869166	0.45205194	0.37531552	-0.3670591	0.40615246	-0.43803236	0.45756873	0.40948048	0.40587065
-0.28073743	0.2763039	-0.2992409	-0.29849216	0.36056268	0.3060561	0.26698226	-0.24731691	-0.30135444	-0.25850034	0.28016043	-0.27891713	0.2686006	-0.27428737	-0.2794694	-0.3607549
0.7363122	-0.73316395	0.7099001	0.7527216	-0.71263546	-0.72325987	-0.76580507	0.73616046	0.81712395	0.7711475	-0.7332021	0.7088375	-0.66701746	0.7145698	0.75353515	0.7277192
-0.6947881	0.750481	-0.75448024	-0.7377686	0.7539969	0.64845085	0.7126563	-0.7112708	-0.74820054	-0.660996	0.71703494	-0.7539665	0.7400233	-0.7202334	-0.732595	-0.6978013
0.052126482	-0.009258433	-0.041438516	-0.0082213525	0.032137543	-0.036258504	0.009702766	-0.0021718822	0.00030011463	-0.016362784	0.037175715	-0.02258271	-0.012096503	-0.0013155723	0.03564369	0.037300136
0.12636784	-0.17926174	0.068880595	0.2021025	-0.14025159	-0.1681833	-0.1518799	0.13132824	0.14635216	0.20650476	-0.18385042	0.16116472	-0.20055719	0.16078445	0.15935771	0.14039779
-0.5212812	0.758636	-0.679243	-0.76299906	0.78245145	0.61726576	0.69774175	-0.7364897	-0.78218746	-0.6890259	0.7679545	-0.7437739	0.74728775	-0.6597564	-0.7058878	-0.7732575
0.1486247	-0.13331504	0.10258217	0.18467218	-0.14454389	-0.19254297	-0.110739656	0.16269839	0.1911269	0.11501018	-0.15817475	0.1403969	-0.19375712	0.116577156	0.1148898	0.15151256
0.40515316	-0.3536286	0.35801855	0.4287389	-0.4410551	-0.33159286	-0.34934	0.34775677	0.43989432	0.4156564	-0.363967	0.42236385	-0.40227878	0.40575722	0.3458279	0.3633012
0.56937474	-0.63643473	0.62694937	0.57739234	-0.66482663	-0.64152265	-0.6065639	0.6318346	0.6440935	0.636744	-0.61242306	0.6213653	-0.6081135	0.5582174	0.63595945	0.68318933
0.27479076	-0.13261646	0.12744096	0.08323676	-0.1024045	-0.15211271	-0.1772017	0.17394356	0.12369351	0.1770591	-0.1524422	0.12591274	-0.079468064	0.15766643	0.22277051	0.11671485
0.6514767	-0.57274806	0.6219446	0.637854	-0.56399566	-0.5980775	-0.57135326	0.5820345	0.6092171	0.6111051	-0.5807385	0.6606698	-0.5702397	0.6264989	0.5728579	0.63944453
0.9054147	-1.0166978	0.94618046	0.9826806	-1.0100766	-0.9824368	-0.97900957	0.9972567	1.0838221	0.95736796	-1.0399059	0.99966407	-1.0081403	0.9953293	0.99721915	1.0854052
0.3320361	-0.43923613	0.3132215	0.3668159	-0.41194612	-0.36007607	-0.3926767	0.38040537	0.49513522	0.42055413	-0.40428796	0.45952937	-0.37910083	0.40169823	0.36279902	0.4225449
-0.6290749	0.6453917	-0.6512317	-0.65654504	0.69962245	0.65490913	0.6321297	-0.6546734	-0.7256556	-0.69434386	0.66680646	-0.6554869	0.6720857	-0.65140265	-0.6929434	-0.6629932
0.90669453	-0.91667444	0.9322086	0.9620821	-0.9597309	-0.88583976	-0.9647692	0.9654798	0.99602175	0.9323985	-0.92328256	0.9709179	-0.8943857	0.93828756	0.90469956	0.9456316
0.3547576	-0.37420437	0.41826382	0.40305424	-0.40606225	-0.39969745	-0.34492785	0.33223745	0.39016896	0.34230763	-0.4179182	0.41467634	-0.36599714	0.3337623	0.33444047	0.39315268
0.42299783	-0.34145153	0.38956717	0.43457252	-0.35985374	-0.42692065	-0.35036486	0.3998117	0.4041165	0.38248873	-0.40497157	0.35117957	-0.42649776	0.4221481	0.42535475	0.35994032
0.54639983	-0.46544755	0.54561394	0.5361325	-0.4760035	-0.50956	-0.46662888	0.53756756	0.46249372	0.48892805	-0.44400796	0.46293902	-0.46825883	0.4886909	0.50856507	0.5191243
-0.34008923	0.23369542	-0.39125678	-0.30658862	0.26406226	0.32893375	0.28586745	-0.34913078	-0.31795305	-0.30843067	0.3264799	-0.33211574	0.27188578	-0.23852779	-0.25632975	-0.29290155
-0.006858899	0.034396797	-0.07734596	-0.06419712	0.017395427	0.095475994	0.044459864	-0.06368349	-0.033871416	-0.04530328	0.07566049	-0.073044956	0.017328126	-0.035832357	-0.073738	-0.064660184
-0.6151734	0.900417	-0.95085025	-0.9264465	0.9864513	0.82741004	0.7850553	-0.8961651	-1.0425982	-0.9130727	0.9318304	-0.92959726	0.89482397	-0.9191686	-0.864329	-0.97316796
-1.0010394	1.0676287	-1.1738868	-1.0399617	1.1025509	1.0284289	1.1207689	-1.0635709	-1.1646057	-1.1082135	1.0947238	-1.0988235	1.0382955	-1.1208256	-1.0749593	-1.1204643
-0.07004722	0.11761893	-0.052197043	-0.13820094	0.092535324	0.11959036	0.030509947	-0.12529176	-0.08083462	-0.086551264	0.067994945	-0.032149743	0.044328727	-0.12187642	-0.09709504	-0.12607938
-0.3455274	0.36105353	-0.36430806	-0.37487307	0.31693065	0.29835847	0.3066781	-0.4212745	-0.34442094	-0.34290326	0.3090161	-0.3674444	0.3201477	-0.34304163	-0.32957503	-0.39284143
-0.50180954	0.5811473	-0.55968946	-0.59824383	0.61076194	0.54073	0.51945364	-0.58650833	-0.5721415	-0.5690245	0.54962146	-0.58386946	0.61030054	-0.5236438	-0.57572365	-0.6138496
-0.2317096	0.25331432	-0.18635653	-0.18196774	0.25357467	0.1766415	0.2565797	-0.19229676	-0.19812587	-0.1761156	0.26340583	-0.2236202	0.20037831	-0.18676995	-0.21273497	-0.24547882
0.53053087	-0.5494314	0.52083474	0.5639632	-0.574015	-0.6009943	-0.55924946	0.53554565	0.60168284	0.57613444	-0.6023727	0.6333897	-0.5830583	0.5981588	0.53367925	0.58172035
-0.79338	0.89081216	-0.9395657	-0.9641304	0.9361299	0.9077701	0.90845954	-0.9609519	-1.0051656	-0.88554776	0.9597291	-0.98691684	0.91815734	-0.96643686	-0.8677429	-0.99263734
-1.062982	1.1618313	-1.2020153	-1.1671319	1.151881	1.1737738	1.1511899	-1.139592	-1.1701494	-1.1698772	1.194055	-1.1823883	1.1367576	-1.1367608	-1.1758333	-1.1617006
-0.6936784	0.8268085	-0.83843786	-0.80831605	0.8390063	0.7689414	0.8439814	-0.85954034	-0.947788	-0.77552944	0.85948753	-0.87342507	0.87330705	-0.77520674	-0.8176771	-0.85023874
0.57558835	-0.61313486	0.6239114	0.5936967	-0.5806029	-0.5748033	-0.6551285	0.59693176	0.67696196	0.62273854	-0.6155246	0.63261634	-0.56957215	0.5729593	0.63993365	0.6003105
-0.27329114	0.28257862	-0.25221482	-0.26509142	0.27165645	0.27454457	0.2866593	-0.2743325	-0.22506763	-0.27553686	0.2522634	-0.22675957	0.22587107	-0.29442927	-0.323457	-0.27221537
0.8033876	-0.72160304	0.7345105	0.77115214	-0.7998902	-0.79493797	-0.7790632	0.717141	0.82349265	0.7607165	-0.78759444	0.7968023	-0.7249314	0.7718568	0.75997996	0.80027515
-0.7229632	0.7617	-0.80885875	-0.79850036	0.8555351	0.79248476	0.84727186	-0.8411822	-0.91189784	-0.8002111	0.82382476	-0.8536285	0.8265452	-0.8516526	-0.8182385	-0.86594844
-0.8675398	0.9116435	-0.87425387	-0.8990941	0.96998036	0.83564425	0.9133121	-0.87175983	-0.9687705	-0.8942301	0.95687765	-0.9473664	0.8637569	-0.93755764	-0.9104098	-0.92771053
0.69932276	-0.75427145	0.6787545	0.7391279	-0.74164414	-0.7589936	-0.6964733	0.6548829	0.79441667	0.69143826	-0.66636974	0.6675754	-0.6757281	0.74119616	0.64992887	0.6938005
0.46319705	-0.4905934	0.40479374	0.42544782	-0.42365462	-0.4703938	-0.40731585	0.40490013	0.4893435	0.4778327	-0.4627749	0.4880183	-0.44327605	0.4710383	0.44653666	0.41558293
0.9555198	-0.9609714	0.938108	0.9185543	-0.95378417	-0.97349554	-0.9475198	0.9221612	0.9575953	0.98854965	-0.99788743	0.9566436	-0.9630874	0.98359776	0.9735321	1.0141978
0.16904454	-0.0785677	0.13382185	0.086703494	-0.06719414	-0.15241839	-0.07009494	0.15040946	0.079991914	0.07519178	-0.13346286	0.14538974	-0.118763454	0.09482849	0.107781135	0.120299384
-0.21893205	0.25524554	-0.2199744	-0.27322346	0.32950747	0.29970005	0.2831288	-0.27950382	-0.3007265	-0.2860115	0.2715911	-0.24355567	0.30174997	-0.25359184	-0.3209385	-0.25890586
0.23222369	-0.21235397	0.14677076	0.15276392	-0.22853495	-0.24147633	-0.18556684	0.17488106	0.21717246	0.23532088	-0.20622748	0.17313343	-0.16394609	0.23458135	0.21095058	0.25226733
0.073392086	0.08269275	0.017663652	-0.1191525	0.11650362	-0.006805062	0.0068097375	-0.103409596	-0.12687023	-0.0725379	0.08748572	-0.05970988	0.068319894	-0.070184685	-0.08438935	-0.06233839
0.11924582	-0.112240545	0.07381556	0.07177955	-0.08813933	-0.04794456	-0.1140754	0.049115516	0.05308762	0.080874994	-0.08454997	0.07854324	-0.081316315	0.108975716	0.13517682	0.11263608
-0.63165766	0.65637183	-0.6085926	-0.6881765	0.6617892	0.677804	0.6217917	-0.6123341	-0.7034388	-0.6129119	0.651964	-0.6976344	0.6381075	-0.60335493	-0.6459746	-0.650616
0.21973193	-0.12165362	0.20673302	0.13790278	-0.18005376	-0.186248	-0.14574483	0.19512592	0.18006173	0.150733	-0.15197133	0.14908548	-0.21051213	0.21057445	0.21076609	0.13192159
-0.8278885	0.8447309	-0.8793338	-0.90513235	0.8546044	0.86110336	0.8450423	-0.8459854	-0.9160369	-0.8749976	0.8340007	-0.86693543	0.83522063	-0.8813516	-0.8314526	-0.847708
0.78479093	-0.8272486	0.833803	0.8282255	-0.7887916	-0.7824888	-0.7552506	0.73781556	0.9098384	0.79346037	-0.7633855	0.8449964	-0.73764	0.7755035	0.8274127	0.81654185
0.71141905	-0.7529766	0.85942715	0.75157666	-0.79665196	-0.7975266	-0.82743406	0.7289339	0.8433689	0.7977915	-0.7961655	0.858626	-0.82585484	0.7628327	0.82518923	0.86815554
0.7859202	-0.7666073	0.8127132	0.85448885	-0.8415861	-0.78390974	-0.77651495	0.75829756	0.8815564	0.8062501	-0.8012997	0.8361204	-0.763585	0.78595823	0.7744202	0.88939166
-0.73893607	0.6995118	-0.7586025	-0.6621697	0.66877925	0.7233974	0.6804803	-0.7064589	-0.69146705	-0.6620882	0.6305112	-0.68705505	0.66313523	-0.6303942	-0.7083247	-0.69624066
-0.07887865	0.1602664	-0.04742197	-0.09897449	0.17482932	0.16231203	0.13542895	-0.11451149	-0.17606941	-0.15427446	0.124148734	-0.18661661	0.11574302	-0.13030516	-0.09434513	-0.16732918
0.8250902	-0.823596	0.9128271	0.8177045	-0.90000373	-0.82001626	-0.85543233	0.7905265	0.9707308	0.86866075	-0.9113924	0.8370554	-0.83348525	0.87791437	0.80149287	0.9251797
-0.384608	0.49635202	-0.38638014	-0.4770948	0.46195436	0.42763302	0.48105267	-0.4413328	-0.45181268	-0.44352135	0.4082442	-0.40604538	0.45719624	-0.40015692	-0.43835783	-0.43511465
0.21766658	-0.20332347	0.25742704	0.14987841	-0.20092955	-0.22287388	-0.17469653	0.19359948	0.20007259	0.24153808	-0.15012859	0.22701773	-0.24160163	0.17412898	0.18049456	0.18085162
-0.0822528	0.048512243	-0.0332466	-0.03560248	0.111594714	0.12100228	0.049558662	-0.033901073	-0.10572698	-0.10233842	0.09856802	-0.07024342	0.07657976	-0.041093476	-0.06993362	-0.1344376
0.39398724	-0.44960582	0.42169088	0.3880219	-0.3854144	-0.35578454	-0.3964204	0.35294592	0.41079172	0.37813333	-0.43767086	0.46569756	-0.41777167	0.4241616	0.4077404	0.3742813
0.48842004	-0.5322553	0.5509745	0.5018994	-0.43991017	-0.51309353	-0.52578527	0.517754	0.5313283	0.4574133	-0.5308715	0.50759494	-0.48426914	0.53107196	0.4467536	0.51142335
-0.279311	0.22496064	-0.22855009	-0.24326435	0.1882466	0.23126179	0.19632709	-0.24710982	-0.2182006	-0.25150427	0.2577953	-0.2160445	0.23293152	-0.18220606	-0.19427156	-0.23008673
0.58404094	-0.65263164	0.56676507	0.58586943	-0.60165215	-0.5806222	-0.65056634	0.5526891	0.6421633	0.59547687	-0.6472565	0.5957942	-0.6216369	0.6227023	0.6185603	0.57651657
-0.7661259	0.8578211	-0.9397269	-0.8232857	0.9194466	0.8722831	0.81467557	-0.8982291	-0.8969947	-0.88377297	0.87124586	-0.91421306	0.87913907	-0.8691312	-0.8082986	-0.94280314
-0.30643666	0.30305	-0.3561671	-0.2644507	0.26913124	0.30362934	0.33699617	-0.2851174	-0.3351263	-0.32633027	0.3260562	-0.26696104	0.30082268	-0.31440324	-0.2698876	-0.2686305
0.14978527	-0.16004793	0.12102625	0.12286105	-0.16790009	-0.10593611	-0.11840814	0.17638662	0.19156243	0.17278911	-0.18283589	0.14438994	-0.12076437	0.11190801	0.07404769	0.16366473
-0.10287234	0.09823255	-0.15309687	-0.17782675	0.18881327	0.14655557	0.11903357	-0.16695277	-0.10293391	-0.130816	0.18941042	-0.15535699	0.14261828	-0.15621567	-0.13133991	-0.14251655
-0.0063599525	-0.019876866	-0.022716593	-0.025469312	0.06385787	0.024540816	-0.013848271	-0.05797263	-0.015694672	0.016141703	-0.0013472289	-0.073122635	0.069462426	-0.06703007	-0.068849385	-0.022855453
-1.0452389	1.1036682	-1.0591731	-1.1060022	1.1547061	1.115122	1.1052165	-1.0432683	-1.1505166	-1.0904956	1.0979192	-1.1484278	1.0925453	-1.0534217	-1.0404205	-1.0953752
0.08994162	-0.063595735	-0.01471045	0.09879246	-0.044651218	-0.03958655	-0.04076302	0.08644331	0.038717646	0.09819027	-0.09681627	0.10880076	-0.09011595	0.07423442	0.03079222	0.06551619
0.6290875	-0.5647236	0.5587232	0.5964999	-0.5849105	-0.5880988	-0.54096174	0.60866255	0.5783963	0.56181026	-0.61751986	0.5411672	-0.60637635	0.53795	0.5318206	0.61168283
-0.22121257	0.2233207	-0.24966456	-0.21227646	0.21016973	0.27467278	0.2090246	-0.2608946	-0.262096	-0.24565893	0.26535285	-0.22906075	0.20411158	-0.20711718	-0.2676511	-0.30922934
0.24543399	-0.211964	0.2798437	0.22488396	-0.20448378	-0.28842622	-0.28955466	0.24194072	0.25955564	0.2987905	-0.29047817	0.29144838	-0.17708091	0.2701452	0.2271751	0.29445964
0.20412879	-0.1389616	0.17297333	0.18177584	-0.20433734	-0.17217746	-0.2046739	0.20819946	0.18743514	0.2047506	-0.13329852	0.16582188	-0.14774679	0.14074801	0.20013641	0.18866459
-0.54042584	0.5633466	-0.5316736	-0.5604159	0.5899568	0.58990157	0.5524401	-0.5458114	-0.5657201	-0.61043483	0.6129408	-0.56358486	0.60105824	-0.52451533	-0.5914996	-0.55551374
-0.91322213	0.9219217	-0.9916216	-0.910611	0.9834173	0.9267086	0.96998394	-0.9373429	-1.037836	-0.9247981	0.9563645	-0.9348179	0.8981777	-0.9860841	-0.98226804	-1.0361332
0.49240837	-0.53958315	0.46146852	0.49700442	-0.56194013	-0.5024686	-0.53070873	0.44067627	0.5082805	0.49924967	-0.52116144	0.5025794	-0.52684265	0.47083503	0.469268	0.56271917
-0.5289755	0.43838528	-0.5011773	-0.51842135	0.5425462	0.4979029	0.48082915	-0.4696772	-0.4718516	-0.46508887	0.46719077	-0.52417547	0.52703744	-0.49332798	-0.50235254	-0.46382076
-1.0384916	1.0892957	-1.0607609	-1.0843714	1.0658741	1.1063437	1.0090535	-1.0409126	-1.1272426	-1.091814	1.1036704	-1.0457002	1.0739008	-1.0362521	-1.0110549	-1.0413852
0.016590273	0.007749557	-0.050379913	-0.024687573	0.04308131	0.021791112	0.011558492	-0.01933555	-0.08138202	-0.084694184	0.0077533456	-0.087113835	0.016084034	0.0014859627	0.009499853	-0.041154005
-0.7301488	0.7576737	-0.7553962	-0.826905	0.83736724	0.7758077	0.7754299	-0.71847075	-0.847555	-0.7799296	0.83709824	-0.81619924	0.7951713	-0.8137026	-0.73594093	-0.8125772
-0.5775405	0.5228645	-0.5973167	-0.60756606	0.599364	0.60792124	0.60761553	-0.5137872	-0.5318213	-0.5862393	0.57968795	-0.5219323	0.52421826	-0.6130446	-0.597229	-0.5630262
0.7063879	-0.6505615	0.7024126	0.6516742	-0.73658615	-0.6799133	-0.677015	0.6733905	0.7057708	0.7094103	-0.6768703	0.6748668	-0.6709591	0.6698594	0.7248421	0.74396425
0.05019575	0.0019336054	0.027952809	0.032008123	0.040330194	0.02714033	0.030323384	0.015226269	0.008408012	0.027517786	-0.027151102	0.012866924	0.034115843	0.002613499	0.033255115	0.042542294
0.2110879	-0.16631491	0.15341002	0.21539654	-0.17900996	-0.1867261	-0.15624101	0.21136974	0.2300779	0.25614282	-0.23270065	0.24503207	-0.23483469	0.24321735	0.20706758	0.2497651
-0.4604377	0.42078733	-0.4916146	-0.42537552	0.4580425	0.49037036	0.45608282	-0.5172296	-0.5248953	-0.42004707	0.42887184	-0.5049392	0.4178579	-0.46753573	-0.44156402	-0.48610583
-0.65440094	0.6341528	-0.7221482	-0.61582756	0.62408316	0.6719713	0.5738226	-0.62237567	-0.5880901	-0.60882545	0.57306194	-0.61359876	0.6453555	-0.5862092	-0.6235101	-0.6480465
0.8229321	-0.8594749	0.87052363	0.9209854	-0.8992719	-0.87499946	-0.927701	0.8560442	0.8952152	0.9391121	-0.87683004	0.88123727	-0.8815167	0.91064304	0.8652066	0.8807071
0.6589679	-0.7308811	0.6843161	0.65603685	-0.7524309	-0.6708663	-0.724154	0.70701605	0.7557111	0.72520506	-0.7106992	0.72807825	-0.7293246	0.66433954	0.74077064	0.70856166
-0.5225369	0.5405841	-0.59838736	-0.5415372	0.52479404	0.5628751	0.4995235	-0.6042583	-0.5843541	-0.504612	0.54679126	-0.50900143	0.55564654	-0.5276682	-0.5536129	-0.5349617
-0.40360427	0.50938416	-0.44136646	-0.44156694	0.52395874	0.45909745	0.43728063	-0.3891837	-0.46613753	-0.4818144	0.52215016	-0.43921238	0.49467966	-0.4744437	-0.43669415	-0.5005388
-0.71713585	0.73546296	-0.7657655	-0.7091307	0.77107906	0.72100055	0.6949779	-0.70791775	-0.77810353	-0.7481601	0.71490085	-0.7652711	0.6864321	-0.68000317	-0.69551563	-0.73603797
-0.7467204	0.8598264	-0.89683187	-0.90415514	0.91628313	0.8688269	0.8590471	-0.8949346	-1.0214335	-0.8730631	0.8809509	-0.92409503	0.9547909	-0.84937716	-0.8360837	-0.98057026
0.99028015	-0.98723185	1.0104071	0.992216	-1.0721538	-1.0460348	-1.0511231	1.0144343	1.1143419	1.0565705	-1.0000736	1.0707843	-1.0425571	1.0556021	1.0037508	1.1065042
0.19613045	-0.1930004	0.24298306	0.18554275	-0.16578951	-0.14135963	-0.14496876	0.22307564	0.23420538	0.16349831	-0.12394003	0.15996991	-0.13399065	0.20077302	0.22053836	0.16170837
0.17863114	-0.16785869	0.2057351	0.16041814	-0.1528028	-0.17671253	-0.13913012	0.17117167	0.17527537	0.16148117	-0.16806336	0.1204148	-0.093885586	0.19724026	0.20643246	0.10409137
-0.58333623	0.48700687	-0.58250076	-0.5185321	0.5000169	0.57225096	0.50418746	-0.57236594	-0.57470226	-0.56978804	0.52502704	-0.56927425	0.5545837	-0.57537425	-0.50615805	-0.5533747
0.95747954	-0.97293824	0.96974754	0.99704504	-1.053946	-0.9558649	-1.0327058	0.96097827	1.0653248	0.97057694	-0.9531021	0.9983834	-0.9324875	0.98724324	0.99395555	1.0410203
0.73495954	-0.85043544	0.7543766	0.77254826	-0.86794573	-0.78413254	-0.8387026	0.7507929	0.8359358	0.7676725	-0.8365239	0.7888788	-0.8133266	0.787241	0.78913844	0.89363104
-0.34958607	0.3314788	-0.29398832	-0.36670372	0.37177846	0.392286	0.2864708	-0.40665525	-0.367098	-0.32740697	0.36903536	-0.33987674	0.29508504	-0.31482995	-0.39524844	-0.37923896
-0.6322393	0.64652663	-0.70161927	-0.6584153	0.7327502	0.722102	0.67994237	-0.6273916	-0.7512765	-0.7130787	0.6832285	-0.7278502	0.7406263	-0.6745971	-0.65666187	-0.7375465
-0.1552618	0.15753824	-0.16175278	-0.23909721	0.21930353	0.24881312	0.20380604	-0.21877544	-0.20350242	-0.17185952	0.21469939	-0.20804493	0.15924728	-0.16485289	-0.1934079	-0.1659905
-0.09337705	0.112427555	-0.1643459	-0.15721203	0.116710745	0.07916304	0.1323599	-0.16238523	-0.10243929	-0.11218725	0.08691566	-0.14558063	0.08651403	-0.115624286	-0.12741788	-0.049795005
-0.12770453	0.07559895	-0.12321085	-0.031193746	0.11958029	0.070885435	0.052468088	-0.11082619	-0.08939383	-0.06815349	0.034139507	-0.12198564	0.09300418	-0.049066532	-0.067151524	-0.0796934
0.7303798	-0.75058365	0.7865391	0.75144	-0.81562614	-0.7684476	-0.7693233	0.77365184	0.792291	0.7084413	-0.73572475	0.7234654	-0.7252413	0.78130776	0.78089535	0.7767055
0.47958934	-0.5164118	0.5081617	0.47062847	-0.52884525	-0.46733364	-0.53051007	0.48949572	0.49331594	0.4792451	-0.48348784	0.4809046	-0.46013138	0.48978627	0.46330142	0.52882224
-0.9805753	0.9541025	-0.96427035	-0.93123204	0.94366777	0.9966677	0.9902618	-0.94361603	-1.0018092	-0.959784	0.9577304	-0.9871871	0.9052774	-1.0146178	-0.985533	-1.0274352
0.32041293	-0.30789593	0.28584412	0.3468211	-0.35444692	-0.30686343	-0.36178914	0.368558	0.37534338	0.39000365	-0.3702891	0.3269411	-0.33922482	0.30277827	0.3823319	0.397148
0.40864605	-0.32907498	0.3391763	0.37002233	-0.41141343	-0.35742438	-0.34631452	0.4106298	0.3711056	0.38829723	-0.41587594	0.38136077	-0.38374916	0.40328866	0.32628274	0.41571316
-0.15993382	0.15143228	-0.13353705	-0.11988944	0.10112802	0.15710498	0.1530845	-0.18238391	-0.10544336	-0.16670647	0.16069476	-0.19446224	0.15041304	-0.16214536	-0.1585889	-0.18168785
0.15919518	-0.14146987	0.19956121	0.12519078	-0.1639332	-0.117196865	-0.16094705	0.12148089	0.15003927	0.08650937	-0.16826037	0.110556774	-0.14670731	0.101285174	0.113280475	0.09425003
-0.8130836	0.8619915	-0.9263701	-0.82259786	0.85045534	0.86164975	0.81070906	-0.8312449	-0.83703697	-0.82460016	0.86214465	-0.8407243	0.766705	-0.80557674	-0.8186872	-0.85861087
-0.53543425	0.7667603	-0.73910284	-0.7178904	0.7261701	0.6594576	0.67783314	-0.7702719	-0.7913068	-0.7023736	0.74409497	-0.7703388	0.7446487	-0.67602044	-0.70579743	-0.8260936
-0.75190234	0.8811141	-0.9035486	-0.8234776	0.88121676	0.8470635	0.8767224	-0.8016152	-0.9199435	-0.86094433	0.8839524	-0.87988085	0.8072182	-0.8244846	-0.82497495	-0.84885305
0.041564565	0.005249069	0.071017675	-0.0247541	0.037753627	-0.021402018	-0.0127249565	-0.017517177	-0.006772054	-0.014815877	-0.052616857	-0.028035603	0.03718879	0.050609924	0.030030284	0.04127863
-0.19867508	0.29034337	-0.32171804	-0.22214743	0.21034133	0.22122405	0.2159529	-0.24787493	-0.26668006	-0.21783839	0.25962627	-0.29072517	0.26353943	-0.29255822	-0.21048947	-0.28349537
-0.65803546	0.6172928	-0.685294	-0.663984	0.6824551	0.679497	0.61484516	-0.6509649	-0.6478408	-0.6716043	0.69459796	-0.6693511	0.60464	-0.679112	-0.6401565	-0.6965172
0.14315523	-0.10960329	0.16252182	0.11932741	-0.12873423	-0.12422101	-0.12292924	0.17020595	0.15305121	0.1328735	-0.13112578	0.17401049	-0.13997486	0.110426545	0.12193359	0.12438844
1.0408545	-1.0626663	1.0769349	1.0467119	-1.1181124	-0.98694575	-1.0199047	1.0175446	1.0827113	1.0484	-1.0636169	1.0361652	-1.0257025	1.0626756	1.0117425	1.1229119
-0.7136094	0.8893018	-0.80351603	-0.85603005	0.8297196	0.82013905	0.83565366	-0.836865	-0.91158146	-0.8036313	0.837596	-0.84686583	0.8019718	-0.79618406	-0.78025484	-0.9213451
-0.5232708	0.5519441	-0.6127985	-0.6042221	0.57699776	0.571311	0.5552827	-0.5459029	-0.5550586	-0.53768635	0.58258575	-0.588518	0.5178992	-0.5154417	-0.558137	-0.55312896
-0.6532009	0.8798008	-0.90783954	-0.9619083	0.91877526	0.79333216	0.8308599	-0.9093854	-0.96073306	-0.8729389	0.9567062	-0.97743237	0.919889	-0.9108306	-0.89306694	-0.9312927
0.6460753	-0.74873126	0.60830903	0.66407824	-0.6904846	-0.6652037	-0.73445046	0.62135804	0.78491884	0.6643463	-0.73334736	0.69723386	-0.71961546	0.7058072	0.6896083	0.74601126
0.12564504	-0.16761121	0.15663567	0.14829725	-0.16347912	-0.17627567	-0.17922623	0.19310617	0.14880604	0.1391915	-0.13697861	0.1426794	-0.1888113	0.18771233	0.19389029	0.1709398
0.0100309765	0.07497363	-0.1803224	-0.16135311	0.1543262	0.026459986	0.091064006	-0.20355865	-0.15109137	-0.08024044	0.153651	-0.17812578	0.19467425	-0.08278216	-0.092063665	-0.11451165
1.0736948	-1.1760561	1.16501	1.094509	-1.2220901	-1.1343037	-1.1445937	1.1335022	1.1820818	1.1860691	-1.1272424	1.1229609	-1.1199467	1.1008332	1.0829058	1.1718092
-1.0905212	1.1111681	-1.0992987	-1.111305	1.0653385	1.0375096	1.1101562	-1.0891807	-1.1395645	-1.0732424	1.0923347	-1.0773282	1.1078972	-1.0634784	-1.0950114	-1.1610568
0.22949013	-0.23859666	0.18188001	0.23055623	-0.17980395	-0.2557712	-0.23801912	0.25525424	0.1701953	0.19335161	-0.23114935	0.24532093	-0.16259424	0.22287753	0.2548769	0.22981404
0.006339397	-0.015907023	-0.015572312	-0.03535922	0.022905005	0.06128147	-0.004592143	0.03150766	-0.07403039	-0.004306563	0.020456465	0.026270553	0.06459912	0.01506885	-0.018183723	-0.06475405
0.62780505	-0.60958076	0.637522	0.5698123	-0.60046345	-0.55550647	-0.56232786	0.6194463	0.6298079	0.5613966	-0.5694325	0.5689435	-0.5333679	0.5495473	0.632584	0.56877035
-0.074242294	0.12661844	-0.10132392	-0.17231311	0.13437945	0.076897986	0.10369739	-0.15302661	-0.124667145	-0.15872389	0.07598932	-0.1374477	0.14763921	-0.095011726	-0.122771	-0.117060654
0.18987462	-0.2070775	0.16474208	0.19905446	-0.17575032	-0.17842585	-0.17171104	0.18258384	0.22592595	0.21236464	-0.2182162	0.2142884	-0.21334209	0.24427748	0.15591149	0.22114018
-0.5883447	0.8264831	-0.8090782	-0.85226345	0.8630285	0.75146323	0.7782693	-0.82537574	-0.9006239	-0.76269716	0.812915	-0.8569625	0.8173723	-0.8075211	-0.8052837	-0.8399724
0.6514588	-0.6142574	0.7159164	0.68724495	-0.62466776	-0.6356649	-0.6290549	0.6430187	0.7046496	0.65150857	-0.6625629	0.6785724	-0.64100975	0.62199885	0.68192834	0.6606689
0.27185497	-0.3132574	0.20745087	0.27514467	-0.31838667	-0.2148795	-0.2124834	0.26024845	0.26884273	0.27708513	-0.2209504	0.3088585	-0.26567242	0.22151911	0.26274198	0.2824945
-0.053210516	0.028806223	-0.046539422	-0.06541034	0.08515714	0.075708404	0.068868786	-0.08165005	-0.110752076	-0.026681142	0.09142988	-0.079418644	0.09443365	-0.0107907895	-0.092151776	-0.051087175
-0.38772735	0.39097318	-0.36172304	-0.37919393	0.39720878	0.4219245	0.4408378	-0.43011266	-0.45403704	-0.3650979	0.37639555	-0.45043486	0.4402049	-0.3930016	-0.38477728	-0.41691455
-0.43536186	0.3337476	-0.3884024	-0.3866242	0.39218497	0.3796328	0.39165968	-0.34124687	-0.43612862	-0.36317137	0.40922168	-0.41838422	0.34576023	-0.3502753	-0.32672265	-0.3533539
-0.497711	0.5588713	-0.56178147	-0.54137737	0.5987733	0.61206365	0.614071	-0.52618074	-0.61461675	-0.6333218	0.552823	-0.56916595	0.6169301	-0.53953314	-0.5307658	-0.5680283
0.86831737	-0.8651644	0.89702576	0.89950323	-0.9230454	-0.9138113	-0.9100176	0.8401743	0.9423767	0.9147513	-0.9008851	0.90134	-0.84483147	0.9125192	0.9189521	0.9540756
-0.33758312	0.28856537	-0.33406594	-0.3490505	0.35104018	0.39113832	0.3782945	-0.36984468	-0.39086726	-0.32892847	0.34542298	-0.38312244	0.35843247	-0.33902255	-0.33614513	-0.37775785
-0.19518904	0.15595227	-0.23692186	-0.22914137	0.25625014	0.24542198	0.19043152	-0.190063	-0.21347001	-0.19396967	0.16055873	-0.16758399	0.2351895	-0.18297952	-0.2148472	-0.20813388
-0.54872906	0.6228309	-0.6198589	-0.57415754	0.6422273	0.57983446	0.6443793	-0.67047197	-0.69902074	-0.63408023	0.68046415	-0.67647725	0.6218718	-0.6540652	-0.6188003	-0.6809458
0.31020176	-0.23402007	0.26600474	0.24249946	-0.26275522	-0.3448854	-0.27951768	0.3432177	0.26001343	0.29176298	-0.21488051	0.23912397	-0.18730395	0.27024692	0.23658925	0.2614674
0.54181796	-0.6379618	0.6760676	0.68737495	-0.72645664	-0.5984641	-0.5980822	0.58344054	0.7105808	0.6246212	-0.7020715	0.64468056	-0.5877937	0.6160976	0.6473281	0.7237406
-0.20601551	0.29104763	-0.28993815	-0.25236833	0.24320492	0.21534345	0.23323315	-0.21594091	-0.24529248	-0.23075503	0.29289523	-0.28338343	0.2688522	-0.3094503	-0.29260123	-0.3010684
-0.65374684	0.6315068	-0.7528817	-0.6080418	0.68163514	0.611153	0.66989034	-0.67109257	-0.65288323	-0.6465826	0.65831375	-0.68712205	0.5933809	-0.69112575	-0.6129329	-0.61419475
0.7772611	-0.88859415	0.8892501	0.80181706	-0.87504303	-0.8671955	-0.86497456	0.81862956	0.888798	0.8960091	-0.90181446	0.8634288	-0.8252613	0.8991699	0.8437431	0.930053
0.77643347	-0.7681395	0.7740752	0.83234686	-0.83710855	-0.7717555	-0.7846861	0.8225021	0.8717837	0.8181776	-0.8668717	0.8202215	-0.7574738	0.8278458	0.8266223	0.80238277
0.47828546	-0.49570727	0.5367345	0.43634465	-0.5398269	-0.48932877	-0.5281183	0.49356946	0.54321057	0.52847177	-0.4910092	0.5606823	-0.48938566	0.53401643	0.4442689	0.47961432
0.24870783	-0.27890605	0.2671201	0.35823745	-0.33323854	-0.2846998	-0.30236658	0.24442498	0.41579914	0.35292163	-0.3206748	0.36317083	-0.30809584	0.3013271	0.27479237	0.37854654
-0.0045646643	0.059255682	-0.09911439	-0.061573513	0.07807908	0.059721522	0.04866486	-0.1265252	-0.120452575	-0.069677845	0.0625069	-0.07936604	0.0947672	-0.105465025	-0.11173946	-0.1295522
0.65187585	-0.6556725	0.643011	0.6418881	-0.68483096	-0.6480889	-0.6296734	0.6289576	0.6570149	0.6560674	-0.6541052	0.68910646	-0.6699381	0.60346633	0.6754398	0.69149107
0.21688166	-0.22114696	0.15562129	0.1942774	-0.17919624	-0.21822509	-0.19554594	0.21543364	0.17457429	0.1184739	-0.13004845	0.14636709	-0.19439664	0.19446431	0.116976224	0.14729819
0.14848723	-0.11341785	0.122157045	0.055464778	-0.035691675	-0.104446	-0.019873258	0.06063096	0.10291164	0.07486719	-0.01162473	0.07488268	-0.015985865	0.0877668	0.07901669	0.034368105
0.002948599	-0.006156908	-0.043943543	0.026358481	0.030859364	0.018523933	0.004824262	0.034959964	0.017656406	0.020933514	0.010332151	-0.035149362	0.008153807	-0.0059142495	0.012270524	-0.0075075063
0.48358124	-0.5173253	0.50634235	0.5650968	-0.58757824	-0.46611187	-0.5250042	0.5311625	0.58321065	0.5107765	-0.5164328	0.57310903	-0.56049025	0.5080914	0.5510073	0.5586096
0.06570584	0.027361095	0.013106163	0.011901279	-0.011627606	0.022716228	-0.025690965	0.026748506	0.007820979	0.0534811	0.029350104	0.0019198506	-0.038454812	-0.02353751	-0.011601549	0.04760008
0.53248686	-0.58567154	0.5517704	0.5034996	-0.56969154	-0.51680845	-0.55533415	0.5146947	0.621166	0.5533759	-0.53657204	0.5299729	-0.5350991	0.5453537	0.51126975	0.5955816
-0.30188897	0.22563906	-0.31936193	-0.18465818	0.2510079	0.21123372	0.22070344	-0.24182765	-0.22366057	-0.23329891	0.23242493	-0.19921897	0.2231879	-0.21885191	-0.2394994	-0.2685985
0.024138028	-0.023620138	0.0033438387	0.07578905	-0.07596801	-0.023581596	-0.07213697	0.03687863	0.06440304	-0.0046668826	-0.00886157	0.053849503	-0.013810412	0.0336541	0.05204331	0.090358324
0.78977245	-0.8889533	0.8401104	0.79822326	-0.82697856	-0.8517	-0.85227865	0.80670094	0.88617766	0.8335248	-0.8282207	0.8714686	-0.8305495	0.82811224	0.80301636	0.8346732
0.9642945	-0.93798256	0.9048843	0.9833466	-1.0165839	-0.9492638	-0.94300675	0.99365216	0.9919513	0.9719288	-0.9852324	0.94140804	-0.91386116	0.9312145	0.98953295	0.996086
-0.56996053	0.6111933	-0.61183506	-0.6013039	0.63960135	0.58548135	0.6064811	-0.63225317	-0.68877065	-0.60191214	0.61684376	-0.6279406	0.62938285	-0.5863505	-0.62528753	-0.6557222
-0.22139275	0.279389	-0.27794904	-0.2897589	0.30209136	0.27776662	0.3076745	-0.3184678	-0.3337809	-0.34141976	0.32557204	-0.33888432	0.28624696	-0.27775988	-0.26563668	-0.27676812
-0.6985553	0.6463064	-0.69230074	-0.6429901	0.70240396	0.71702653	0.6190862	-0.70796746	-0.7379516	-0.64637613	0.6307979	-0.639491	0.6062681	-0.63323826	-0.67633945	-0.6505336
-0.7675798	0.74723065	-0.8307334	-0.7863017	0.77597535	0.7511061	0.7268225	-0.78470343	-0.80207837	-0.8041046	0.81536275	-0.79638594	0.72576034	-0.7313629	-0.7480566	-0.7688046
0.12893318	-0.17174003	0.1830395	0.15051451	-0.13840133	-0.20783384	-0.16531801	0.18648736	0.120916754	0.18862148	-0.16759047	0.1527094	-0.16829674	0.114922784	0.19579682	0.12647441
-0.18636276	0.16025554	-0.24228777	-0.21394192	0.24630016	0.23066308	0.22623108	-0.24059875	-0.20577075	-0.21492074	0.23731998	-0.20821187	0.23409836	-0.24081405	-0.16572294	-0.22142206
0.12226896	-0.052440304	0.053998444	0.08548125	-0.097767	-0.107907735	-0.10065737	0.10486204	0.06753429	0.071180515	-0.09136285	0.08321696	-0.055171814	0.1236813	0.09991264	0.044828925
-0.92859894	0.99944144	-1.0351242	-1.0189112	1.0248137	0.97718054	1.0565256	-1.0699545	-1.1091642	-0.98884344	0.9987873	-1.0724428	1.040069	-1.0732912	-1.0012137	-1.1195002
-0.1773442	0.15190351	-0.26997325	-0.20428996	0.22038066	0.19019695	0.20420946	-0.20594312	-0.1351863	-0.13575128	0.14716507	-0.18345828	0.16061938	-0.1342835	-0.1653969	-0.12803778
0.5775889	-0.6682513	0.6100517	0.57306665	-0.63797593	-0.6289764	-0.60728824	0.5954983	0.6244309	0.59120816	-0.62448746	0.5957603	-0.6392542	0.6565721	0.62005603	0.6335885
0.17093201	-0.28661963	0.27961788	0.2402076	-0.26053533	-0.2789397	-0.2575038	0.20528017	0.26947743	0.29210433	-0.25927183	0.24969299	-0.22536887	0.19790943	0.19376497	0.27210295
0.924164	-0.9336429	0.9391865	0.9346146	-1.0114754	-0.92361766	-0.9563078	0.9798437	0.99409366	0.92176026	-1.0255749	0.97305584	-1.0073556	0.95268154	0.942823	0.96793646
0.17324753	-0.14217244	0.08759351	0.11713807	-0.11833444	-0.11930825	-0.17215595	0.10896167	0.13803573	0.11244161	-0.09097456	0.14032032	-0.1100559	0.09392059	0.10079961	0.12002896
-1.010531	1.0722163	-1.0747219	-1.0916703	1.1229627	1.02368	1.0978391	-1.0783144	-1.1344743	-1.0800484	1.0711584	-1.1492473	1.081528	-1.0337247	-1.1001557	-1.1612083
-0.43359894	0.4841356	-0.49541068	-0.49453604	0.45173037	0.4460629	0.47771725	-0.43720937	-0.44736436	-0.50725216	0.43997967	-0.46840832	0.42143917	-0.47481906	-0.5112112	-0.4232945
-0.27635148	0.32050908	-0.33906198	-0.3057065	0.2890816	0.25197655	0.24446046	-0.30751637	-0.32613063	-0.29660162	0.25964114	-0.27375406	0.3129754	-0.25777534	-0.28036037	-0.27455178
0.22332442	-0.29119936	0.21545035	0.26999435	-0.30450803	-0.2513901	-0.29686892	0.21512303	0.3065717	0.2992588	-0.20690317	0.30951828	-0.24153973	0.2600897	0.26882434	0.2208741
-0.4375954	0.3962817	-0.41038772	-0.48148313	0.47954175	0.43411237	0.4449936	-0.47903895	-0.48366177	-0.42544115	0.43949875	-0.3973166	0.45653898	-0.41267556	-0.43876362	-0.42451617
-0.26419875	0.29705647	-0.2117461	-0.2336663	0.25511098	0.2335178	0.29174122	-0.2549466	-0.23384288	-0.25250754	0.2318668	-0.22773147	0.2515615	-0.23227675	-0.23056653	-0.2898207
-0.1615923	0.17970239	-0.12933637	-0.10794762	0.16975595	0.16034849	0.10558716	-0.19687103	-0.1848629	-0.1292807	0.17296061	-0.15531948	0.10954537	-0.13255467	-0.12635902	-0.15844826
0.79221773	-0.8800728	0.85867333	0.8071432	-0.893806	-0.77433014	-0.8627951	0.80391604	0.92794806	0.8561277	-0.8647491	0.8622806	-0.797469	0.8307729	0.84561396	0.8895777
-0.29578406	0.27284887	-0.3168732	-0.32816184	0.30942422	0.33645412	0.34696138	-0.2700779	-0.36740002	-0.33374396	0.36725762	-0.35569048	0.2718743	-0.33443227	-0.34864238	-0.378085
0.23613995	-0.22771905	0.21254975	0.17460361	-0.22430386	-0.2694276	-0.27528322	0.20309834	0.2562454	0.18086301	-0.20108095	0.24196054	-0.22136019	0.26322192	0.22556306	0.274102
-0.33220744	0.64052325	-0.60983247	-0.6898617	0.65528166	0.50911963	0.60960406	-0.67908657	-0.7799238	-0.56267434	0.6434968	-0.7331997	0.64908653	-0.5883846	-0.5703327	-0.68800557
0.73554367	-0.79555184	0.8384165	0.86681384	-0.89759696	-0.77405417	-0.81319326	0.8128424	0.9060716	0.8862736	-0.87301934	0.855957	-0.826258	0.8780746	0.7862064	0.89097935
-0.00256306	0.05710154	-0.15365236	-0.09531776	0.06500524	0.079502665	0.10564958	-0.09511705	-0.061628334	-0.05599542	0.10063166	-0.03536257	0.08643051	-0.08687821	-0.08724129	-0.104233794
0.122791894	-0.065573946	0.16450217	0.13768464	-0.09786815	-0.10127176	-0.1403628	0.1293049	0.1127208	0.15451007	-0.06925846	0.06866312	-0.07770813	0.070281416	0.12354807	0.10961559
-0.815358	0.9127099	-0.95004016	-0.9264248	0.8804884	0.84488124	0.8585265	-0.8563366	-0.9931108	-0.8604125	0.93259865	-0.9088642	0.8251122	-0.8736265	-0.91865313	-0.88753176
-1.0435447	1.0833392	-1.1566712	-1.1324879	1.1078367	1.1120542	1.1479146	-1.1314783	-1.210913	-1.0812567	1.1566614	-1.128975	1.1370548	-1.0967078	-1.1008353	-1.136321
0.68310785	-0.803818	0.7111526	0.7988146	-0.7788712	-0.77281916	-0.80192095	0.77525073	0.8536643	0.7455133	-0.7834413	0.82062864	-0.7535652	0.7830232	0.74486303	0.8113011
-0.12860338	0.096469596	-0.08209725	-0.14378583	0.060102206	0.105389625	0.10465009	-0.14662592	-0.081445865	-0.114862196	0.0669877	-0.070605576	0.074327044	-0.09901174	-0.11460362	-0.14239193
0.06194054	-0.045360416	0.03212113	0.032128423	-0.014139009	-0.018252827	-0.027601685	-0.0354272	-0.05821273	0.008524131	0.050221786	-0.0456585	0.023124017	-0.03283644	-0.0046706526	0.008084811
0.6748586	-0.7987281	0.7478265	0.81538785	-0.8224107	-0.7479824	-0.73510164	0.8037478	0.87814826	0.7637417	-0.8366985	0.8484297	-0.7554781	0.82955277	0.79203564	0.81038207
-0.9139956	0.9808944	-0.9614857	-0.9942466	0.9654311	0.92872363	0.99154997	-0.9291856	-1.0204909	-1.0030438	0.9911103	-0.94938	0.94185376	-0.955653	-0.9446667	-0.96884686
0.7631306	-0.74725103	0.77050674	0.80288625	-0.83415985	-0.7404733	-0.7496442	0.74673176	0.8343418	0.739814	-0.8114131	0.81485695	-0.74729824	0.7648902	0.7606282	0.8112016
1.0186645	-1.0288107	1.0018867	1.005105	-1.0661322	-1.0054808	-1.0729938	0.9647934	1.0854253	1.0021594	-1.0355117	1.070715	-0.98354477	1.0809458	1.0586923	1.0962126
-0.29356435	0.34316632	-0.2771138	-0.34584254	0.32272455	0.33135417	0.3312348	-0.32466158	-0.32711822	-0.30434573	0.3322284	-0.3471516	0.2906335	-0.3048113	-0.2854383	-0.28953275
0.038035966	-0.080950595	0.09491505	0.09376028	-0.064657435	-0.033118967	-0.03785865	0.050320398	0.028687024	0.05564296	-0.05293076	0.02572731	-0.06677568	0.03979509	0.050163284	0.097318634
-0.18274833	0.17698441	-0.09627746	-0.1422794	0.14381704	0.17902407	0.10652535	-0.12704988	-0.10367082	-0.15255436	0.18935494	-0.11437894	0.094505906	-0.1383371	-0.11833015	-0.19696109
-0.741466	0.83795184	-0.79068846	-0.75060225	0.80160725	0.8018422	0.80325556	-0.7920132	-0.864078	-0.8333837	0.7958985	-0.8603613	0.76808363	-0.7571589	-0.8344238	-0.8352463
0.39061925	-0.3653484	0.40363735	0.4206272	-0.41765925	-0.43817577	-0.44565314	0.43702954	0.4125644	0.388921	-0.36402556	0.41283143	-0.410607	0.43953928	0.36385745	0.4104504
-0.074146606	0.007905232	-0.10666248	-0.057221208	0.06985731	0.048415877	0.051405963	-0.024811286	-0.07503743	-0.05728967	-0.011167939	0.0061780615	0.0738448	-0.06730577	-0.09124369	-0.04447728
0.007535696	0.001459068	0.0014398157	-0.025588699	0.04722579	0.016449038	0.029069493	0.020081941	-0.018563708	0.025479829	-0.0033869634	0.021996576	-0.037729435	-0.046226796	-0.020802079	-0.02067255
-0.2507266	0.358693	-0.2062655	-0.3453335	0.32810238	0.2659717	0.28072906	-0.28386632	-0.3118563	-0.32594246	0.26141542	-0.31650925	0.2521658	-0.25151727	-0.27922744	-0.32233948
0.3559546	-0.3613307	0.3643048	0.34703964	-0.37920237	-0.36754167	-0.37401387	0.30412468	0.41114447	0.37981185	-0.31332058	0.3443198	-0.34440717	0.3625178	0.31052825	0.35303226
0.7617979	-0.8202314	0.79077756	0.74566054	-0.7975232	-0.7322763	-0.76277494	0.7834766	0.87090504	0.83692634	-0.84488535	0.7662612	-0.7910792	0.78918743	0.7795275	0.81395674
0.09922025	-0.075483575	0.10648608	0.06188519	-0.06037317	-0.012424656	-0.06364477	0.02107752	0.07798751	0.03671292	-0.08419518	0.077769704	0.0035182952	0.039094444	0.05220682	0.04184198
-0.27293935	0.22374949	-0.29329777	-0.2670779	0.2429389	0.24142663	0.2203676	-0.22876123	-0.24534938	-0.24485385	0.2492254	-0.27714133	0.2581279	-0.28442606	-0.24010915	-0.2594917
0.3729805	-0.4187784	0.38453984	0.4788244	-0.5047071	-0.44444937	-0.4855357	0.48856735	0.44588223	0.4609756	-0.44607586	0.42126206	-0.47455359	0.4893827	0.4712159	0.51854306
0.19317053	-0.14737952	0.13709387	0.15337001	-0.09942706	-0.1403864	-0.16279814	0.07226099	0.07238778	0.14607345	-0.07803373	0.14020059	-0.13916528	0.13812263	0.094975464	0.12751348
-0.8371081	0.89743835	-0.9717212	-0.8942046	0.8340183	0.86757755	0.8763106	-0.84727824	-0.92851967	-0.8650975	0.86725265	-0.9131033	0.86450666	-0.92739516	-0.8887831	-0.8558965
0.121013515	-0.12167343	0.043242402	0.121239014	-0.15478705	-0.10561613	-0.14440359	0.1054707	0.121908225	0.11795185	-0.087777175	0.10226023	-0.10889058	0.15668663	0.111130826	0.17790651
-0.6773548	0.7113651	-0.6381364	-0.69494873	0.6410262	0.6856881	0.6607676	-0.651911	-0.7324186	-0.7018547	0.66062224	-0.65981925	0.6923306	-0.64075273	-0.6437466	-0.66209644
-0.8501121	0.8274837	-0.88050777	-0.79989785	0.86399204	0.8683311	0.8892034	-0.83711886	-0.9475859	-0.8632909	0.865255	-0.8475397	0.8852459	-0.82876617	-0.88418645	-0.8511668
0.29336312	-0.33453116	0.3550117	0.30028015	-0.38821647	-0.27432045	-0.33775124	0.26776507	0.33280787	0.35693341	-0.35870478	0.30282032	-0.37734994	0.29641742	0.33198637	0.38869864
-0.2242596	0.2866045	-0.2941371	-0.20824878	0.2077082	0.23711975	0.2954888	-0.30496258	-0.22179605	-0.277156	0.27477142	-0.25118163	0.29483882	-0.23805027	-0.2833219	-0.29575655
-0.88607496	0.9830349	-0.9241734	-0.9136255	1.0126264	0.925285	0.9886387	-0.9575941	-1.0245225	-0.9123472	0.99767137	-0.9823779	0.9909603	-0.9413973	-0.9363436	-0.96307874
-0.5119282	0.53302336	-0.531358	-0.5195921	0.4922878	0.52288693	0.54233664	-0.45754117	-0.53818536	-0.48825392	0.50204116	-0.4798551	0.45016322	-0.55158764	-0.53423774	-0.541516
-0.6335717	0.68250525	-0.7589166	-0.6835121	0.779414	0.7425268	0.6611398	-0.75704956	-0.79354393	-0.6684725	0.682323	-0.71146154	0.67226624	-0.66812545	-0.6790507	-0.7354175
-0.5383914	0.8320606	-0.8934846	-0.8589463	0.8837023	0.67844045	0.74757606	-0.8881926	-0.97884643	-0.78647345	0.85157394	-0.8366329	0.8303988	-0.74595433	-0.83076996	-0.94246244
-0.38974276	0.4104244	-0.48758096	-0.4199703	0.42175028	0.451042	0.47484818	-0.48370317	-0.46750268	-0.43257433	0.46093443	-0.42544067	0.3983507	-0.45859045	-0.41083536	-0.51895624
-0.172275	0.19108291	-0.1374893	-0.18374443	0.13184904	0.10866289	0.1916427	-0.16819178	-0.14822298	-0.16546015	0.16513337	-0.12337929	0.1768383	-0.16843003	-0.19354542	-0.10189389
0.16241565	-0.22337967	0.22852756	0.24435572	-0.17535101	-0.14608575	-0.21458355	0.14728782	0.23996969	0.21215282	-0.21085712	0.23139244	-0.1861574	0.19166215	0.18704046	0.22361962
0.20024817	-0.16523184	0.18212853	0.12950604	-0.123879984	-0.19426477	-0.12958753	0.17072266	0.11673062	0.19317181	-0.17400162	0.1543428	-0.12415427	0.11572054	0.14186119	0.16108221
-0.29480582	0.2286462	-0.2579832	-0.18186015	0.19616798	0.19683711	0.19232117	-0.25610664	-0.23864214	-0.21412946	0.24446228	-0.20637996	0.20835146	-0.24864602	-0.25960582	-0.27205235
-0.7490052	0.8803408	-0.8245816	-0.8948178	0.8750673	0.83490473	0.8455458	-0.8790923	-0.86748236	-0.83694977	0.88301766	-0.847948	0.8212026	-0.79929626	-0.8441743	-0.86737376
0.46028924	-0.53734154	0.39274523	0.50570416	-0.5164306	-0.43959555	-0.44212645	0.47428378	0.5427383	0.4750799	-0.428478	0.45680514	-0.47570133	0.5056439	0.48145202	0.49518162
0.31927705	-0.27970126	0.27115795	0.27287272	-0.2736516	-0.2801879	-0.3523609	0.31225207	0.3001446	0.315963	-0.3455624	0.3240267	-0.261888	0.3616347	0.34812644	0.31428796
0.7906654	-0.76936066	0.7929526	0.77426344	-0.7575512	-0.7510644	-0.8040715	0.82164454	0.8526147	0.80676794	-0.8052142	0.75783515	-0.8002281	0.83500355	0.8091097	0.85949355
0.49698752	-0.47549647	0.53079975	0.50133824	-0.4605453	-0.49825674	-0.47810388	0.5318519	0.5001506	0.46810517	-0.4676774	0.5215146	-0.51260215	0.45581552	0.47398636	0.462309
0.7110531	-0.7954055	0.77265555	0.75669926	-0.8030803	-0.7767343	-0.7467825	0.7724195	0.84269214	0.754828	-0.76958245	0.74050474	-0.7171546	0.7526792	0.72423077	0.7957086
0.7916921	-0.8869811	0.8640209	0.8852029	-0.8689653	-0.7967575	-0.8805462	0.8559419	0.93903136	0.84789956	-0.8777065	0.8111185	-0.8384493	0.8647609	0.8802058	0.8520553
-0.45116434	0.50044155	-0.62449807	-0.55272967	0.54005814	0.47932848	0.49794933	-0.5709306	-0.57661057	-0.51842713	0.5834588	-0.5558412	0.62302417	-0.51771474	-0.5575532	-0.621958
-0.51488596	0.5572611	-0.56736267	-0.5691437	0.6632736	0.6303384	0.6428687	-0.5898754	-0.6805882	-0.6444012	0.6359746	-0.5873957	0.5949528	-0.6219727	-0.58630466	-0.5835978
0.0726918	-0.09871662	0.113513336	0.08340031	-0.07348644	-0.0851014	-0.11895072	0.10509167	0.12719817	0.12407642	-0.084204026	0.09564873	-0.061944406	0.03386533	0.08952604	0.11639949
-0.00038026212	-0.0496509	0.044212297	0.027883032	-0.13622038	-0.021828324	-0.09771455	0.09141318	0.05047682	0.11509283	-0.04247687	0.08728569	-0.043876037	0.07440422	0.038837478	0.093312584
0.20993893	-0.1939137	0.16871767	0.1448861	-0.1551733	-0.18411146	-0.19810325	0.17516135	0.1386381	0.15571484	-0.16954	0.23055601	-0.15730482	0.20418142	0.17527294	0.2358726
-0.039236955	0.028115157	0.01620562	-0.0040408247	-0.0082550775	-0.022761095	0.04675318	-0.0019144341	-0.00960708	0.024903392	0.034412485	-0.05221286	0.035413038	-0.0030435964	-0.07609034	-0.062110674
0.46304163	-0.46116334	0.4391017	0.5081918	-0.500296	-0.4983554	-0.47576946	0.49993035	0.55006254	0.5061381	-0.45825973	0.4612385	-0.5298782	0.45825684	0.53312325	0.4733176
0.07481954	-0.092519745	0.07233494	0.094529815	-0.16348901	-0.12605643	-0.10726821	0.04798344	0.13105461	0.09779137	-0.07028826	0.14601274	-0.06738575	0.071409315	0.07260381	0.09152433
0.743551	-0.8149287	0.8430605	0.78484154	-0.84660435	-0.81498104	-0.8263748	0.8186238	0.8869037	0.7997043	-0.85793716	0.877161	-0.86693406	0.8684636	0.80513304	0.8357428
0.84867907	-0.9015555	0.7644132	0.8231024	-0.8583402	-0.84410584	-0.8221949	0.86986107	0.8438646	0.88810986	-0.81376255	0.8421271	-0.85002905	0.84246665	0.8481096	0.8208702
-0.3413161	0.34918317	-0.35228094	-0.3131325	0.32482868	0.29872668	0.30059043	-0.34495118	-0.2671633	-0.35948578	0.36243543	-0.3178272	0.3413946	-0.34200305	-0.29235488	-0.32632858
0.6512162	-0.64276594	0.6785306	0.6268602	-0.62850344	-0.57477194	-0.6215465	0.6002526	0.6261509	0.584191	-0.5773726	0.570676	-0.60347587	0.5531805	0.6428345	0.6614594
0.079528935	-0.0032115215	0.017447349	0.04247231	-0.06188327	-0.07044251	-0.029768733	0.075637735	-0.017783495	0.014920684	0.00601766	0.006420224	-0.037248544	0.064335175	-0.0043749195	0.054830313
-0.68352765	0.73662394	-0.7730934	-0.8421609	0.82717633	0.80232066	0.74168724	-0.7771202	-0.8094826	-0.7909158	0.84950703	-0.81831884	0.7939876	-0.78488225	-0.7418884	-0.8322716
0.44299576	-0.37957838	0.39336845	0.4324894	-0.35844833	-0.38404968	-0.3586591	0.3877741	0.35712114	0.39503962	-0.3816785	0.38135722	-0.39611015	0.41922924	0.39411634	0.39896214
-0.65384847	0.72494495	-0.69026244	-0.67151535	0.68793666	0.6659719	0.7050119	-0.69869345	-0.72055554	-0.66398704	0.6686742	-0.7221202	0.6889693	-0.69397813	-0.64307016	-0.7058113
0.22115664	-0.19893582	0.20202422	0.1609184	-0.23101242	-0.23406966	-0.19442204	0.19520704	0.23441719	0.2494965	-0.2452823	0.16897635	-0.20343266	0.2370378	0.14943583	0.25847003
-0.111841984	0.13776892	-0.110301495	-0.10214634	0.050545044	0.09890529	0.037146598	-0.03364675	-0.07518175	-0.12952739	0.11924928	-0.10920346	0.12393082	-0.1166811	-0.07310248	-0.10171213
0.920796	-0.92895573	0.9606405	0.8909519	-0.9136676	-0.86393636	-0.93789285	0.947957	1.0095109	0.88538545	-0.89129895	0.921037	-0.8815108	0.9165021	0.86291313	1.0139836
-0.76050574	0.7937373	-0.8150284	-0.77335095	0.77256614	0.7887166	0.78169864	-0.77724355	-0.85736394	-0.796403	0.844313	-0.7768083	0.7866923	-0.79013765	-0.7732355	-0.8224218
0.49516886	-0.43507805	0.54161394	0.45570013	-0.47669834	-0.48587853	-0.4506452	0.5027321	0.4903492	0.46889505	-0.42443478	0.46062517	-0.41630712	0.4785226	0.475823	0.45093185
-0.6516684	0.69062924	-0.6916747	-0.6229772	0.6699183	0.7056716	0.64984417	-0.703706	-0.6938278	-0.6865392	0.64967847	-0.7168789	0.7103443	-0.6632634	-0.66050917	-0.6525391
-0.8787839	0.9809914	-0.96410614	-0.9536668	1.0470232	0.9912531	0.99257386	-1.0046486	-1.0143341	-0.9883806	1.0404503	-0.99627465	0.94409144	-1.0157117	-0.9727671	-1.0636636
-0.005790826	0.009522255	0.0038141503	-0.009559326	-0.025282372	-0.032838076	0.039969333	0.028326822	-0.02900814	-0.039293643	0.008705771	-0.03859699	-0.03508379	0.007936395	0.015345113	-0.01940672
-1.0213839	0.9977251	-1.0380806	-1.0153526	1.0696803	1.005677	1.0081388	-1.0033642	-1.0302404	-1.001721	0.99198025	-1.0275291	1.0406886	-1.0327588	-1.0092134	-1.089202
-0.4217812	0.47685865	-0.42043397	-0.43281445	0.4098821	0.39962998	0.3900305	-0.43754047	-0.42582217	-0.45259747	0.41614437	-0.425632	0.39744213	-0.43348593	-0.40682125	-0.48086205
-1.0875303	1.1283631	-1.1224637	-1.1542038	1.1968161	1.1060274	1.1326761	-1.1903476	-1.1694448	-1.160318	1.1082594	-1.1641481	1.0988114	-1.0867866	-1.1532351	-1.1480738
0.6210773	-0.59674555	0.62469935	0.5494287	-0.6332275	-0.5654142	-0.570702	0.5656999	0.6657254	0.56943464	-0.6239107	0.631159	-0.63748085	0.5952325	0.6241457	0.6373121
0.14593461	-0.106575474	0.19884387	0.16095366	-0.12419654	-0.13334122	-0.15787883	0.19036022	0.1619991	0.110746905	-0.09521521	0.17476606	-0.13898817	0.13383609	0.15557604	0.12930575
-0.21477227	0.3262362	-0.32667565	-0.31609535	0.3311217	0.24001326	0.27131137	-0.24469519	-0.3614127	-0.26782262	0.33056056	-0.26659307	0.29313713	-0.3161191	-0.29512605	-0.31444675
-0.33424112	0.29704413	-0.2950333	-0.33819398	0.35283723	0.30811372	0.2987263	-0.32238972	-0.33842808	-0.32473665	0.30528453	-0.39153567	0.31500623	-0.32562473	-0.36395213	-0.31887496
0.21435356	-0.19635315	0.21333535	0.2140625	-0.17965926	-0.21248035	-0.23666011	0.22616127	0.20397347	0.23510493	-0.15990552	0.16636656	-0.24402055	0.2224368	0.18988754	0.16297014
0.23484975	-0.17317271	0.15778615	0.2137587	-0.22452283	-0.16774654	-0.23664095	0.16719627	0.18805653	0.2317902	-0.17064914	0.19876367	-0.15163831	0.1661428	0.20226775	0.17457171
0.3755731	-0.47733006	0.46641266	0.48048037	-0.42864484	-0.44386405	-0.39754304	0.4067011	0.42227328	0.41163784	-0.4417081	0.4931466	-0.42533463	0.46115547	0.42155406	0.45709968
-0.22962026	0.3371038	-0.2686736	-0.30312622	0.2786066	0.2684331	0.30972597	-0.2394462	-0.29559627	-0.32640338	0.25156873	-0.3351538	0.30623177	-0.33169976	-0.31507573	-0.31530172
0.34339592	-0.4049297	0.32542536	0.34800223	-0.31425524	-0.35848445	-0.36546385	0.33952597	0.35227463	0.33140874	-0.34061593	0.3268269	-0.37741426	0.33272082	0.32862368	0.32018563
-1.0394017	1.07983	-1.1264483	-1.1015016	1.076751	1.0771672	1.0795981	-1.0739415	-1.1719222	-1.049216	1.0789975	-1.1039478	1.0181178	-1.0991079	-1.0437545	-1.1507779
-0.4527037	0.4007817	-0.4718362	-0.394917	0.40802258	0.4702341	0.4754698	-0.43768963	-0.43753812	-0.4087923	0.40919375	-0.424168	0.4177442	-0.46973878	-0.3988187	-0.46270248
0.00989465	0.005439203	-0.06383747	-0.0539947	0.0029367406	0.046536583	0.07704809	-0.03263308	-0.022795508	0.004439102	0.033621423	-0.0045317207	0.011644099	-0.06093469	-0.060136117	-0.011298049
0.06962874	-0.11234539	0.08452972	0.07046808	-0.081259295	-0.03589478	-0.1068429	0.12514536	0.027399588	0.081065446	-0.067671806	0.11052527	-0.10472757	0.06020868	0.11195281	0.086428866
-0.031301595	-0.057785273	0.0039542387	-0.024256224	-0.053794365	0.028748514	0.016551701	-0.00891995	-0.02689807	0.02020948	0.004677733	-0.00947164	-0.023496198	0.01929557	0.034075186	0.036292702
0.878097	-0.9294054	0.85983217	0.8382532	-0.9234447	-0.89610827	-0.85156727	0.86306113	0.94641054	0.90890723	-0.870679	0.9405071	-0.83713895	0.8359464	0.8505626	0.9582123
0.802292	-0.8850654	0.8563518	0.8287236	-0.88233334	-0.8256155	-0.86871433	0.8327491	0.8875692	0.8366485	-0.87301	0.8253606	-0.87494487	0.90273714	0.83542687	0.93995833
-0.69218916	0.7400834	-0.7555233	-0.7289349	0.70013386	0.6614021	0.74322814	-0.7438683	-0.7281587	-0.7394581	0.71676487	-0.69131905	0.72904754	-0.67443126	-0.71705735	-0.74912333
-0.69473153	0.77525735	-0.7812429	-0.77030456	0.77908707	0.7235946	0.73766303	-0.8304792	-0.8851001	-0.8370281	0.7968727	-0.83322173	0.7841596	-0.8181268	-0.77361476	-0.8871065
-0.8359028	0.8247394	-0.86501825	-0.78670114	0.81601465	0.7889739	0.83539313	-0.86726284	-0.83505315	-0.82261944	0.8103614	-0.81726533	0.8384558	-0.8888765	-0.8442185	-0.880973
-0.038846377	0.037734833	-0.03926977	-0.026749766	0.030127179	0.05199261	-0.0052112727	-0.022234162	-0.03407212	0.04127434	-0.028457193	-0.038806267	0.0004423935	-0.056307487	-0.044473693	-0.039944194
0.08385534	-0.18641444	0.104954086	0.141441	-0.1600894	-0.1880324	-0.18002148	0.1186319	0.17734452	0.114332974	-0.160023	0.14174049	-0.17000437	0.18739782	0.13733345	0.11490959
0.29760572	-0.3353639	0.2784643	0.38480625	-0.4023496	-0.31970295	-0.29821485	0.2843749	0.3992787	0.34178886	-0.33441558	0.31884605	-0.29282224	0.28905085	0.34923038	0.3647358
0.14278159	-0.024418108	0.12141262	0.0682224	-0.045135893	-0.06840753	-0.10667609	0.105899945	0.034887306	0.11919261	-0.083968244	0.028335977	-0.06659666	0.085988864	0.03087984	0.06385093
-0.1479981	0.05725397	-0.12563999	-0.09765822	0.07971526	0.05018017	0.04611852	-0.12780225	-0.12784287	-0.07793087	0.052128803	-0.11164372	0.13872306	-0.14213891	-0.14488025	-0.045844384
-0.6690405	0.71028584	-0.81084895	-0.7912235	0.81831896	0.75324357	0.7503648	-0.72071403	-0.79297334	-0.7668086	0.8097309	-0.77962744	0.7826534	-0.7501879	-0.74006754	-0.8264751
-1.0467198	1.0111154	-1.1042352	-1.0764089	1.1041982	1.0957217	1.0635798	-1.0965616	-1.0998129	-1.0247198	1.0526887	-1.0288965	1.0293365	-1.057977	-1.0218008	-1.1021487
-0.029124686	-0.022694254	-0.027449554	-0.036506932	0.006328712	-0.0038366546	0.012823702	-0.030263195	-0.018127924	0.009562712	-0.04330937	-0.010515262	0.011632559	0.048222248	0.0004485041	0.04966742
-0.5849299	0.51880145	-0.5564446	-0.5149954	0.5390346	0.5111304	0.5673397	-0.51995677	-0.5445207	-0.54237753	0.5608066	-0.603163	0.5165776	-0.6032573	-0.5996109	-0.5678398
-0.1879619	0.20597513	-0.09841597	-0.17529516	0.13722101	0.16760135	0.16182347	-0.09890571	-0.17855935	-0.18390039	0.15433207	-0.13417615	0.1261775	-0.16220716	-0.11701295	-0.14204742
0.22598314	-0.2710656	0.2716036	0.22390339	-0.25379318	-0.26183042	-0.284323	0.19144389	0.26686245	0.28354445	-0.21101727	0.27121714	-0.23075894	0.2465266	0.19123425	0.23766829
-0.17486809	0.20637178	-0.13968292	-0.24787277	0.23674852	0.20462078	0.24738903	-0.19679333	-0.16780494	-0.21721101	0.24111293	-0.22234464	0.17268807	-0.177081	-0.18483055	-0.17421234
-0.3597667	0.45767075	-0.35907885	-0.41345355	0.49489236	0.45624778	0.42730057	-0.43944559	-0.47988686	-0.43904975	0.41837767	-0.4332549	0.47061408	-0.42839184	-0.4495028	-0.5004551
-0.272896	0.4126275	-0.39622042	-0.43574685	0.44733325	0.3492657	0.4094356	-0.40799746	-0.45493492	-0.39527658	0.42711115	-0.45452884	0.42930916	-0.39732027	-0.34879178	-0.39082742
-0.90451676	0.90727776	-0.99393725	-0.9543403	0.90561634	0.96489024	0.9032306	-0.9062867	-0.94896287	-0.91406	0.9675713	-0.9636971	0.94530845	-0.9708551	-0.95399505	-1.0146216
-0.033620574	0.06699123	-0.0296689	-0.03458792	0.06764852	0.06770972	0.03625986	-0.09422597	-0.06975362	-0.031695195	0.06261193	-0.053499002	0.0739727	-0.03300178	-0.037883822	-0.09714189
0.78686166	-0.80778664	0.75355077	0.8306779	-0.7912478	-0.79366356	-0.82677233	0.8084787	0.89076525	0.7789846	-0.7797914	0.7861915	-0.81221575	0.7873582	0.8146399	0.8029991
0.15341866	-0.18527219	0.16526279	0.19663955	-0.22126254	-0.20313407	-0.18598695	0.1334209	0.167555	0.19094086	-0.18731171	0.16128732	-0.16245821	0.1498258	0.16475087	0.21790645
0.51483846	-0.5350481	0.6156503	0.5788918	-0.59309727	-0.58645195	-0.51266253	0.4893552	0.5461149	0.51725376	-0.58045256	0.57291585	-0.5195599	0.5810174	0.5826847	0.5573578
0.21752653	-0.13388522	0.24675226	0.16118824	-0.1640312	-0.22313721	-0.2049311	0.16391028	0.17979717	0.16721582	-0.11704279	0.13901503	-0.121988	0.18041442	0.21021567	0.14760886
0.26813835	-0.28835696	0.32178622	0.28443176	-0.25225547	-0.24751785	-0.25977418	0.24251194	0.27101126	0.24906336	-0.2399992	0.30169874	-0.25319093	0.23582472	0.24102	0.3021156
-0.83355224	0.8773434	-0.8827224	-0.86278856	0.94728076	0.88910604	0.88258195	-0.86759096	-0.9580516	-0.90132725	0.93169767	-0.9082376	0.89612347	-0.89903	-0.9000104	-0.9722257
0.54175305	-0.5647702	0.5617937	0.550441	-0.55790854	-0.56241685	-0.5472089	0.53941655	0.6160047	0.57121205	-0.5690772	0.56516784	-0.5975783	0.557686	0.52659583	0.6345567
-0.80473965	0.92545116	-0.97317237	-0.9328167	0.93168944	0.888439	0.8651868	-0.8600685	-0.99336284	-0.8969271	0.9014704	-0.8863182	0.864727	-0.90013885	-0.87256694	-0.9600936
-0.68182915	0.79676074	-0.8059732	-0.7871702	0.81445193	0.79715085	0.802411	-0.86475796	-0.8352951	-0.83372176	0.7902072	-0.781578	0.7947987	-0.74560434	-0.76085055	-0.90302074
0.13282195	-0.089354165	0.16057266	0.071618594	-0.0620077	-0.024187356	-0.017154124	0.028052196	0.038034115	0.010721818	-0.010466998	0.0070175696	-0.027619524	0.022709161	0.05944222	0.04297842
0.08384853	-0.08455336	0.111490704	0.007826244	-0.044769626	-0.07075403	-0.02249029	0.09363536	0.030587787	0.08468595	-0.08752967	0.0053358055	-0.0050890027	0.10027143	0.069904886	0.034968358
0.27866468	-0.29705906	0.30504236	0.32636157	-0.3103822	-0.31735137	-0.31765947	0.2916121	0.30808985	0.26442066	-0.28011185	0.3529137	-0.33157146	0.2615777	0.3284144	0.27516946
-0.12000953	0.20302662	-0.18393072	-0.13904886	0.11448176	0.12012495	0.1809403	-0.17973082	-0.18575296	-0.13082549	0.1479124	-0.13910764	0.1376696	-0.108696416	-0.18067986	-0.17847471
-0.059031565	0.015906433	-0.0515758	0.021742709	0.026156181	0.003223406	0.021556001	-0.038600218	0.005196372	-0.059299394	-0.03218356	-0.057642497	-0.021004716	0.0049710036	0.015724314	0.015270141
-0.21975496	0.26347733	-0.2978259	-0.35509792	0.2932813	0.27044314	0.24355264	-0.30873713	-0.3498511	-0.24657197	0.26114342	-0.34008786	0.27573267	-0.24061203	-0.29389614	-0.33754972
-0.022857336	0.105653115	-0.122666985	-0.07957519	0.090496585	0.043973166	0.078756146	-0.06477174	-0.1045729	-0.08616432	0.075459756	-0.12789965	0.06248951	-0.1135823	-0.11983029	-0.08943603
-0.29241544	0.38797146	-0.37086692	-0.32714722	0.3363715	0.29561302	0.32043186	-0.35787025	-0.3351904	-0.394276	0.35016668	-0.39517853	0.3589628	-0.3365633	-0.3440109	-0.31930667
-1.2272956	1.2386156	-1.2889805	-1.2732613	1.3324742	1.2245792	1.2517333	-1.2496554	-1.379393	-1.2706048	1.2796693	-1.294998	1.2412019	-1.2580707	-1.2119496	-1.3309835
0.08288692	-0.014176656	-0.01233715	0.028605007	-0.018942744	-0.08063758	-0.01730452	0.032751024	0.027594332	0.012029895	0.035285335	-0.025906214	-0.032631673	-0.021617543	0.03890705	0.018779883
-0.30137765	0.354243	-0.38078177	-0.3164659	0.36576003	0.3073262	0.37202257	-0.2841112	-0.34804103	-0.37162656	0.34149796	-0.32370266	0.31040627	-0.3690844	-0.33803293	-0.36036208
0.4377037	-0.43858457	0.45705268	0.34986562	-0.40133572	-0.3776598	-0.40142578	0.43381572	0.48481634	0.40996084	-0.3869062	0.4206825	-0.34289908	0.45806924	0.43411756	0.48071513
-0.06700966	0.0743099	-0.05057264	-0.054519996	0.06393057	0.0025903594	-0.0081427675	-0.080694824	-0.033012673	0.002964989	0.033599462	-0.0035050584	-0.01006003	-0.07517013	-0.05944057	-0.0031811062
0.35102233	-0.40045515	0.390367	0.41874194	-0.38841662	-0.4366958	-0.45369455	0.34030646	0.49034968	0.41790426	-0.4682945	0.38166153	-0.4169401	0.3982018	0.41992188	0.45721433
0.5765911	-0.5626728	0.6179127	0.5202364	-0.5999814	-0.5610148	-0.5760039	0.58072656	0.59392756	0.5140304	-0.53306407	0.58344483	-0.52218693	0.56204015	0.5998999	0.5321018
0.42908126	-0.45577353	0.47518638	0.5130715	-0.46269736	-0.5251123	-0.47152013	0.4928836	0.49699107	0.46354723	-0.47184056	0.46267012	-0.5042604	0.5009099	0.45006794	0.5146696
0.30563575	-0.3675282	0.34753275	0.32131115	-0.40637842	-0.4088438	-0.36672786	0.3279642	0.38682118	0.38895094	-0.3525883	0.4374103	-0.40676033	0.35299888	0.41066587	0.38062707
-0.49111113	0.4929056	-0.5515848	-0.49336982	0.5015858	0.46789896	0.48825318	-0.45256108	-0.5465151	-0.4460747	0.5106532	-0.4243904	0.43751055	-0.41762197	-0.4279255	-0.50253236
-0.60714996	0.56509084	-0.6532857	-0.6131497	0.60777193	0.5864614	0.5711442	-0.6335286	-0.63098526	-0.6452326	0.6379304	-0.57337916	0.56274956	-0.5667412	-0.56429696	-0.5785064
0.8309116	-0.7970009	0.82298344	0.7915528	-0.8176396	-0.81831676	-0.84422326	0.7394375	0.9068352	0.79097456	-0.8641782	0.8729606	-0.7609788	0.77614164	0.78338075	0.80117846
0.6489263	-0.7036841	0.6857948	0.67162496	-0.7645984	-0.70954674	-0.651517	0.66765493	0.7915851	0.7507163	-0.7358468	0.7026822	-0.72265273	0.71922106	0.6617806	0.6968188
-0.0733926	0.14179741	-0.08530445	-0.10430632	0.17556304	0.16085513	0.19362879	-0.17812546	-0.16496782	-0.17805451	0.20060758	-0.16569826	0.13106973	-0.15894343	-0.1495156	-0.17148338
0.14644943	-0.18277475	0.13353509	0.13563506	-0.20536314	-0.19929333	-0.1953859	0.13994718	0.12239349	0.20230865	-0.15295209	0.11930827	-0.17189664	0.14306505	0.16773802	0.20774017
-0.67425543	0.8165767	-0.8543855	-0.8104477	0.86307806	0.7712003	0.7749669	-0.8627779	-0.9386676	-0.8405319	0.85934764	-0.8419984	0.8351228	-0.8527061	-0.770725	-0.936529
0.7739128	-0.71215856	0.71203446	0.746112	-0.74410766	-0.75677824	-0.6960071	0.7191085	0.7370414	0.7035202	-0.7511957	0.7683787	-0.7090994	0.68530047	0.74939054	0.76066583
-0.046025366	0.1419857	-0.090639725	-0.12649988	0.09817066	0.086704485	0.12791693	-0.09128215	-0.10334863	-0.15639928	0.16205427	-0.12863396	0.09836024	-0.13532062	-0.079281725	-0.095058024
-0.47222924	0.45617992	-0.5284648	-0.49330896	0.4837059	0.48590842	0.50990343	-0.46774834	-0.46195847	-0.51382715	0.5017542	-0.48562327	0.49120548	-0.4614694	-0.50710744	-0.5385565
1.0245755	-1.0729008	1.0462043	1.0363691	-1.0078814	-1.0192664	-1.0526795	1.0754309	1.0630932	1.029036	-1.0596879	1.0799987	-1.0239778	1.0670406	1.0349702	1.0897624
-0.47505796	0.5024881	-0.54066956	-0.51937014	0.558126	0.46890193	0.5119437	-0.52966774	-0.54766476	-0.49496442	0.4824977	-0.5540883	0.4470826	-0.52324533	-0.5288221	-0.56101555
0.7240622	-0.74423647	0.7566395	0.780036	-0.77772856	-0.71130204	-0.72979397	0.72712785	0.826268	0.7667407	-0.79452306	0.8054059	-0.7237955	0.75463665	0.7676777	0.7975032
0.4597676	-0.5397796	0.53490007	0.50979656	-0.5006219	-0.4881884	-0.5610205	0.48406145	0.5786032	0.5229821	-0.5427832	0.4907346	-0.4909246	0.5086067	0.5167436	0.5743034
-0.26436156	0.33727673	-0.35181937	-0.2741621	0.36046517	0.33188337	0.27866736	-0.34010524	-0.36562574	-0.29704425	0.3528212	-0.28975305	0.3304897	-0.3305635	-0.29147547	-0.2979738
0.41870433	-0.40673667	0.34322506	0.35059285	-0.35410663	-0.37605846	-0.3204986	0.31800005	0.36827275	0.32279378	-0.36913148	0.39022633	-0.3355555	0.40299296	0.3338084	0.33705437
0.8524948	-0.8200444	0.8684798	0.83927965	-0.86281097	-0.8174735	-0.8416217	0.8517462	0.9069018	0.8773026	-0.84860694	0.8868764	-0.88347346	0.85001487	0.85956836	0.90479547
-0.8222797	0.865483	-0.92427725	-0.81783533	0.8803628	0.79529995	0.8250271	-0.8918498	-0.9216692	-0.8035962	0.81785613	-0.84670436	0.8318771	-0.8652241	-0.86558557	-0.8332017
-0.5884662	0.57577133	-0.6056013	-0.6106032	0.6750115	0.5972298	0.5713933	-0.62948996	-0.708993	-0.57321453	0.59785765	-0.6478666	0.6780041	-0.5711541	-0.61003715	-0.64066386
-0.5139583	0.58698714	-0.5108159	-0.5744413	0.5430809	0.5510509	0.54179406	-0.47410178	-0.59874135	-0.54504144	0.5590081	-0.5675624	0.5349966	-0.5715049	-0.5344042	-0.5927961
-0.23000918	0.24370797	-0.20557305	-0.17551753	0.25196627	0.15631896	0.24944435	-0.23037332	-0.1680083	-0.18734819	0.19275333	-0.22803435	0.18138912	-0.23403259	-0.16972828	-0.16729194
0.2708455	-0.24934734	0.20297566	0.23764789	-0.2561708	-0.23032954	-0.32307178	0.3258661	0.2638026	0.32456437	-0.2849376	0.32974482	-0.30302936	0.28891718	0.28673598	0.28012732
-0.42354453	0.41992325	-0.40198264	-0.40335116	0.44424927	0.3996006	0.41156325	-0.48477846	-0.47599164	-0.39981046	0.46241686	-0.48551443	0.42747846	-0.45585912	-0.4292153	-0.47501034
-0.28178313	0.28265503	-0.36539117	-0.3033908	0.32149684	0.27577162	0.25486696	-0.30589452	-0.27622002	-0.27253404	0.2633594	-0.29709104	0.3102444	-0.2528136	-0.298378	-0.3328584
0.05690542	-0.02079162	0.051908262	0.056268647	-0.055454332	-0.06192727	0.0018329783	-0.0043806825	0.051390354	0.019707	-0.04747659	0.038180396	-0.010503991	0.072873324	0.014120109	0.09687888
0.646857	-0.7147391	0.6890229	0.66578454	-0.7364748	-0.6425957	-0.7149697	0.65013134	0.71165675	0.6891736	-0.6521352	0.6551404	-0.6478097	0.649573	0.7089552	0.7539315
-0.44902718	0.4629634	-0.5066666	-0.47912443	0.5416808	0.54575425	0.54869366	-0.5562566	-0.5349015	-0.4942672	0.46148783	-0.4858548	0.52406305	-0.5416525	-0.45203155	-0.5467405
-1.0185577	1.0990381	-1.0739548	-1.0162096	1.0741838	1.0767611	1.0358609	-1.0941525	-1.0846153	-1.043729	1.0536578	-1.0843052	1.0852203	-1.0887614	-1.0523825	-1.1213653
-0.22517386	0.20988421	-0.18993291	-0.26213208	0.20564397	0.267889	0.2201168	-0.17401677	-0.22749251	-0.18360269	0.21328785	-0.26978394	0.19331044	-0.20333971	-0.23078209	-0.27115637
0.93291926	-0.91560334	0.9857413	0.9650234	-0.9988303	-0.92643976	-0.89943	0.9306041	1.0017282	0.9813761	-0.9064296	0.9726867	-0.9594057	0.9682536	0.8857512	1.0131476
-0.25710797	0.19352189	-0.18479401	-0.12896548	0.17870073	0.23260963	0.19858377	-0.24819982	-0.11948398	-0.16283044	0.14694369	-0.14031285	0.15869425	-0.20782015	-0.20517479	-0.13904268
-0.38077047	0.37570527	-0.41957587	-0.30547237	0.29955196	0.3329951	0.30013254	-0.30526653	-0.35724226	-0.37963837	0.36876887	-0.32044706	0.3247397	-0.36316428	-0.38061962	-0.3305878
0.7892576	-0.7685061	0.90666324	0.7996269	-0.8104373	-0.8406034	-0.7939434	0.8672118	0.8794704	0.8316786	-0.84073156	0.8563124	-0.7551998	0.8328096	0.823062	0.87774974
0.26278675	-0.28947556	0.2811331	0.24341436	-0.28274497	-0.28847495	-0.21060446	0.30839756	0.31563148	0.2114414	-0.22111683	0.26481643	-0.22811924	0.27029383	0.21988966	0.2823948
-0.10689812	0.11063805	-0.15323044	-0.08544336	0.15946056	0.14788719	0.099043265	-0.07948708	-0.14335531	-0.15333956	0.0843575	-0.07780154	0.1478069	-0.108159654	-0.1283143	-0.09780174
-0.110308476	0.08109743	-0.14440407	-0.11055507	0.07620507	0.0894054	0.06996385	-0.107505895	-0.15617181	-0.1245767	0.06877541	-0.1473955	0.080364436	-0.07818085	-0.06688571	-0.13081323
0.930214	-0.9341649	0.92792284	0.9027376	-0.9677462	-0.9483588	-0.9621475	0.86088115	1.0078119	0.91499585	-0.927753	0.95794076	-0.9591385	0.9445567	0.9303352	0.99097514
0.09049201	-0.0732271	0.08216056	0.015161441	-0.057940874	-0.014941028	-0.011479995	0.025020167	0.02025243	0.05764533	-0.05148559	0.04481149	0.025733203	0.043487232	0.006176046	0.05150149
-0.3316208	0.45166057	-0.35131052	-0.4174816	0.3585961	0.35929316	0.3961896	-0.44267136	-0.44361907	-0.41952983	0.431784	-0.35497257	0.35003233	-0.3647181	-0.35228953	-0.4172537
-0.39297223	0.37836498	-0.43554917	-0.3750901	0.41713148	0.37731034	0.36561784	-0.39317024	-0.4075548	-0.4067246	0.43039265	-0.42953458	0.41085112	-0.38386592	-0.41514447	-0.43517348
-0.6467074	0.79590243	-0.7758644	-0.71619433	0.73755443	0.7231977	0.6957998	-0.75088453	-0.7655117	-0.721	0.7576979	-0.7606735	0.7176635	-0.7271539	-0.7694672	-0.8051132
0.5636346	-0.62493825	0.49942142	0.6273046	-0.65563256	-0.60746044	-0.55553967	0.5416072	0.6452267	0.5973275	-0.584018	0.64153403	-0.54985803	0.58433145	0.58380425	0.6858656
-0.26501042	0.27407742	-0.304192	-0.2717244	0.22228926	0.21484569	0.20447856	-0.25543997	-0.31783393	-0.2160564	0.24094406	-0.303747	0.2643748	-0.2173107	-0.24694458	-0.3009332
-0.31096694	0.3242855	-0.34927985	-0.2771518	0.37841997	0.2835089	0.30991873	-0.30381396	-0.35188025	-0.3047802	0.29082152	-0.38377362	0.30034393	-0.28370547	-0.29280776	-0.36912572
0.5875804	-0.5865505	0.6223746	0.57903355	-0.58419776	-0.59784365	-0.5612796	0.63909566	0.62436235	0.5883198	-0.5591065	0.6441064	-0.54759675	0.6186041	0.61235404	0.59634733
0.3950946	-0.40494207	0.34499317	0.4039819	-0.3686326	-0.4100847	-0.38374022	0.3949601	0.4671627	0.36325142	-0.4054835	0.42964908	-0.35375512	0.41270727	0.44353357	0.41463348
-0.3111923	0.380362	-0.37186098	-0.31397715	0.41904444	0.3352284	0.32050124	-0.36432645	-0.43413165	-0.38686517	0.39176276	-0.38944325	0.32606146	-0.34109843	-0.35294494	-0.42365456
-0.99471724	1.015312	-1.0638831	-0.9888429	1.0813103	1.0209931	0.9846592	-1.0021646	-1.0424972	-0.97298825	0.9919206	-0.9819613	0.9673109	-1.0556326	-0.96520716	-1.0755621
0.23509862	-0.30597997	0.26913172	0.26143137	-0.24817619	-0.29920572	-0.2862159	0.2993267	0.28413886	0.25514463	-0.32895386	0.26183972	-0.30145618	0.27747828	0.28842652	0.2668196
-0.5360515	0.59919	-0.56690454	-0.6176252	0.5604353	0.5775926	0.5753309	-0.5120362	-0.5710455	-0.5456158	0.6222334	-0.57438713	0.55586636	-0.54191893	-0.5226308	-0.54823095
-0.60446507	0.6259723	-0.58567894	-0.6055502	0.54837364	0.588055	0.61785316	-0.52328897	-0.59467614	-0.5994574	0.63772124	-0.58269244	0.5416511	-0.6363433	-0.5510709	-0.61795497
0.4086991	-0.43660063	0.37854755	0.44673806	-0.39301142	-0.36187175	-0.36285505	0.4241284	0.43099967	0.41820747	-0.40523508	0.41899619	-0.4051496	0.38877496	0.4185444	0.440514
-0.83553135	0.87185895	-0.929776	-0.8946599	0.88021505	0.8241571	0.8363614	-0.85539824	-0.9204946	-0.8384046	0.8757426	-0.92787623	0.81272906	-0.9166977	-0.87584937	-0.8888983
0.41789025	-0.4733469	0.43317822	0.5158667	-0.51726145	-0.42901298	-0.50511354	0.39451578	0.46806562	0.48483333	-0.43883017	0.5117038	-0.45213738	0.4221425	0.47524732	0.45836988
0.67180634	-0.74598336	0.6686958	0.6877859	-0.73286915	-0.70013887	-0.75323945	0.6673417	0.76498735	0.70800215	-0.7515658	0.73217976	-0.6731211	0.7325006	0.7395843	0.7202306
-0.11475537	0.14074552	-0.088937625	-0.13801609	0.14408085	0.0776337	0.091265544	-0.11221626	-0.1522643	-0.12265936	0.13839622	-0.13142137	0.112855345	-0.104454465	-0.16180964	-0.13975693
-0.15401931	0.2381406	-0.15710092	-0.20630729	0.28456298	0.19818787	0.18889767	-0.19160701	-0.20848182	-0.20089872	0.26015458	-0.22330678	0.23454055	-0.21196827	-0.25153235	-0.24694218
-0.24399005	0.27788857	-0.30685824	-0.2505915	0.2787593	0.30523986	0.30816874	-0.29137745	-0.35016534	-0.3102083	0.27284387	-0.28839988	0.35442194	-0.25798067	-0.33590102	-0.32618195
-0.33821407	0.35030133	-0.42071557	-0.32154965	0.34967324	0.3222547	0.37274384	-0.42463958	-0.36730328	-0.32617813	0.37239444	-0.30726463	0.3300916	-0.3293159	-0.32030085	-0.3303517
0.39336553	-0.36236978	0.38598406	0.36431977	-0.353789	-0.3102329	-0.33195218	0.36661983	0.34610078	0.3170525	-0.3181572	0.33317366	-0.33785224	0.3405942	0.3198774	0.35190487
0.6552436	-0.71527797	0.69039196	0.7558323	-0.78997713	-0.7781508	-0.729737	0.77395153	0.8242954	0.78145546	-0.70019877	0.71389735	-0.75766355	0.7208867	0.68473196	0.7289156
0.5973664	-0.5789629	0.6877	0.609856	-0.5739105	-0.6365993	-0.57515424	0.63972235	0.63233805	0.5725597	-0.5712254	0.62464005	-0.60731065	0.5994252	0.586742	0.56136507
0.040681604	-0.08696546	0.09436423	0.065265656	-0.13259631	-0.076279856	-0.10099453	0.08009745	0.060650595	0.13667203	-0.11290308	0.14922811	-0.0468366	0.11227959	0.08198612	0.075154535
-0.40118092	0.40102282	-0.42701143	-0.40798953	0.31483477	0.34503978	0.3426173	-0.34528035	-0.34858665	-0.38558692	0.3794925	-0.38041797	0.31099927	-0.36648428	-0.36821982	-0.3383583
-0.7316593	0.82262367	-0.8021035	-0.8432859	0.89888966	0.81051934	0.7574196	-0.8679822	-0.91147256	-0.79481167	0.87194616	-0.8689441	0.8246595	-0.8253032	-0.78027165	-0.9064719
0.2579638	-0.15302037	0.24931818	0.14000228	-0.21058245	-0.21493593	-0.23391312	0.22528417	0.1570151	0.17662211	-0.15710017	0.16356553	-0.22951813	0.15444912	0.23225181	0.21002135
0.124253966	-0.15860711	0.1265703	0.17283306	-0.07042015	-0.11618804	-0.121180855	0.08580226	0.07013746	0.1409662	-0.06846233	0.15594475	-0.15460075	0.12745902	0.10267961	0.14988422
-0.1872774	0.24404253	-0.20185632	-0.25781295	0.27233464	0.2830979	0.21478666	-0.19541734	-0.18256713	-0.25124267	0.24321635	-0.19726543	0.27951157	-0.2507707	-0.21749	-0.18890777
0.3255231	-0.3843774	0.29708257	0.35906193	-0.35243276	-0.36266276	-0.32254696	0.32109395	0.30694905	0.3697342	-0.3391985	0.3054966	-0.283917	0.3620503	0.3616323	0.3709004
0.29677603	-0.122652404	0.0813832	0.05866732	-0.1392264	-0.18989833	-0.23432171	0.10729474	0.19408046	0.124802664	-0.11475289	0.15535367	-0.05046877	0.19678973	0.18445717	0.17707063
0.037827637	-0.015640842	0.044202294	0.08022889	-0.017368231	-0.04560593	-0.063500084	0.07276687	0.047594313	-0.015779365	-0.021500234	0.027530828	-0.034066416	0.005406122	0.072873086	-0.0036118026
0.14857255	-0.13846815	0.07859201	0.19825287	-0.1339921	-0.12741241	-0.15118325	0.16111326	0.15989506	0.18011896	-0.17786819	0.1638666	-0.17856665	0.17641495	0.13589741	0.1885073
0.32155412	-0.30630744	0.34445032	0.2773984	-0.26352656	-0.2300141	-0.29112178	0.23508386	0.32543367	0.26439655	-0.29522142	0.25572246	-0.3001963	0.2987508	0.25264275	0.21951115
-0.4746103	0.6391894	-0.5618356	-0.6641631	0.6712323	0.6217738	0.6033041	-0.62692004	-0.6808826	-0.66282564	0.58920074	-0.67903763	0.60766524	-0.61871725	-0.64593387	-0.70511264
0.1670344	-0.26275116	0.26947692	0.22698712	-0.23054625	-0.21471678	-0.25916418	0.26010236	0.27223316	0.24067822	-0.192761	0.19542265	-0.20278504	0.23440172	0.22765917	0.21674713
0.58018196	-0.6970325	0.6657114	0.72162914	-0.64028156	-0.63214546	-0.6291155	0.6686154	0.71798927	0.63452613	-0.71774	0.6570972	-0.6188337	0.62911725	0.6331252	0.7065693
-0.26345783	0.6396901	-0.63098115	-0.65840596	0.7398001	0.45453513	0.49238947	-0.6603793	-0.8076204	-0.6309315	0.6518725	-0.69241315	0.70343375	-0.6401931	-0.5582272	-0.7927895
-0.16332626	0.15429734	-0.21727546	-0.09717262	0.11940025	0.16351323	0.12341364	-0.15672503	-0.13191693	-0.11510107	0.09603606	-0.09173978	0.1559919	-0.13773358	-0.16941509	-0.0974189
1.0994151	-1.1023306	1.0907369	1.0374143	-1.0591778	-1.1187882	-1.0457125	1.026778	1.110026	1.0491741	-1.0953974	1.1218109	-1.0801501	1.1316725	1.0746733	1.1615084
-0.6654149	0.71764606	-0.8200505	-0.74884814	0.7461164	0.74576056	0.7569381	-0.7490119	-0.8534728	-0.7483187	0.7416666	-0.7630189	0.75653416	-0.7821681	-0.76030767	-0.77209866
-0.6419905	0.62998897	-0.6021633	-0.6681854	0.6380818	0.6406046	0.6916326	-0.7102974	-0.6854626	-0.631665	0.6927602	-0.6790196	0.60135525	-0.6072746	-0.60054404	-0.69357866
-0.48552316	0.4574371	-0.5026121	-0.45199266	0.40352815	0.4323927	0.41633934	-0.4472963	-0.47350085	-0.43968877	0.37992516	-0.3906995	0.43424702	-0.3894427	-0.41771778	-0.45637107
-1.0305341	1.1249797	-1.1339669	-1.1258626	1.111793	1.1164178	1.1089902	-1.0614793	-1.1759644	-1.0586603	1.0470289	-1.1414418	1.0618167	-1.107948	-1.0414616	-1.1249062
0.03135557	0.041515205	0.013148732	-0.00088314386	-0.014552646	0.04131928	0.011577786	0.018196605	0.035816256	0.011027588	-0.012431614	0.019952536	-0.050059557	0.05369837	-0.021856198	0.037446164
-0.8447998	0.88547605	-0.9839279	-0.97436166	0.9759875	0.8837796	0.90675765	-0.9351682	-1.0223997	-0.9301516	0.99926746	-0.9692346	0.960845	-0.91190386	-0.93715984	-0.9784863
-0.18717128	0.22152646	-0.1297652	-0.23065366	0.24068113	0.19204149	0.19632891	-0.16343392	-0.17714281	-0.20144364	0.16023186	-0.19193412	0.23357795	-0.19935143	-0.1697777	-0.15583965
0.013002399	0.0047080787	0.0026486595	-0.057768937	0.04562419	0.009392457	0.032648537	-0.010569512	-0.053505816	0.036825787	0.059055187	0.024315739	0.051923644	-0.0532384	-0.04568723	-0.034582596
0.41614732	-0.44491976	0.39179385	0.45269915	-0.4148655	-0.40880314	-0.47187626	0.4038046	0.41937536	0.4314974	-0.46771157	0.44450733	-0.42403996	0.40151018	0.3570075	0.44997272
0.4322434	-0.5285941	0.4287912	0.5115273	-0.4744586	-0.48344603	-0.47587332	0.48610136	0.5604552	0.4662599	-0.5334166	0.5056861	-0.5033226	0.52801245	0.4550264	0.56340045
-0.14232583	0.04338252	-0.09799769	-0.053236153	0.12148935	0.07536271	0.08299131	-0.15247838	-0.1026837	-0.06265028	0.11062613	-0.08241798	0.13442056	-0.12038482	-0.076335534	-0.06136486
-0.122247405	0.054039016	-0.12983686	-0.051970515	0.08803431	0.119958535	0.05854382	-0.081450455	-0.09787531	-0.047367685	0.11683367	-0.13481691	0.14781745	-0.106006525	-0.14459838	-0.09993111
0.17624356	-0.15343593	0.20988241	0.15554869	-0.12072279	-0.13052809	-0.13983203	0.14197272	0.13831523	0.11473827	-0.18344483	0.12103675	-0.14345647	0.14141232	0.16097401	0.123752125
-0.34632176	0.38499966	-0.34115142	-0.36428073	0.40155062	0.3509551	0.3556524	-0.3789092	-0.35127068	-0.3978927	0.37084347	-0.39666352	0.40945205	-0.3953155	-0.38706142	-0.41800264
-0.8817488	1.0081882	-0.9651558	-0.91657126	1.0357449	0.9352989	0.93883234	-0.9498127	-1.0392699	-1.0073665	0.98316556	-1.026875	0.93557346	-0.93559915	-0.9859178	-0.9816531
-0.13759279	0.17690745	-0.17045845	-0.17356154	0.11494697	0.166375	0.16056617	-0.103260554	-0.1691816	-0.114243	0.17160037	-0.15470149	0.08955396	-0.13048524	-0.1291782	-0.13725233
-0.40271077	0.42401952	-0.49567765	-0.43274385	0.45505923	0.46987793	0.4933545	-0.51472104	-0.4709109	-0.49086565	0.49900445	-0.4412459	0.42970702	-0.48827547	-0.4263316	-0.5162043
0.5080981	-0.3746129	0.43227822	0.44719908	-0.44108412	-0.46062312	-0.42918515	0.4569545	0.39692706	0.44251344	-0.43762016	0.4177075	-0.36967784	0.40409032	0.43651956	0.4650889
0.2873734	-0.32017982	0.3539208	0.3699497	-0.28244892	-0.30707398	-0.29272568	0.27890462	0.34145713	0.3294943	-0.34719297	0.31539363	-0.32698134	0.29687744	0.31429955	0.28833652
-0.55440474	0.5171662	-0.5001785	-0.5521758	0.5604417	0.56282663	0.5581916	-0.5138003	-0.5858594	-0.4940248	0.50516015	-0.48320502	0.52762544	-0.5266952	-0.5732599	-0.54318017
-0.83933854	0.95292604	-0.95202935	-0.86355656	0.9018944	0.9119681	0.88559884	-0.8712068	-0.946382	-0.9601357	0.9611758	-0.8834665	0.9282076	-0.8928436	-0.9057582	-0.95063823
-0.3795273	0.32065186	-0.34660122	-0.37779632	0.38884538	0.39069474	0.32139248	-0.40606818	-0.40948185	-0.30890292	0.34401974	-0.29894206	0.31089407	-0.31305832	-0.36172333	-0.3216089
-0.12755132	0.0807806	-0.092397615	-0.16806877	0.17702305	0.09080681	0.11265761	-0.13352597	-0.13444501	-0.1445306	0.15698183	-0.0908503	0.1461976	-0.14164627	-0.15365326	-0.17906392
0.5180053	-0.632205	0.53711224	0.61991584	-0.5832622	-0.5703571	-0.6179197	0.5574433	0.63815033	0.59024256	-0.60373026	0.57089216	-0.5859422	0.56905997	0.6073933	0.583436
0.08417032	-0.11664652	0.09306634	0.14122407	-0.14183475	-0.10430383	-0.091533184	0.110427395	0.09005064	0.103889965	-0.13963626	0.13080147	-0.13232587	0.12631965	0.13339992	0.115013875
-0.72618806	0.74548954	-0.77194124	-0.7811545	0.7472602	0.7232578	0.7238509	-0.8208557	-0.7678668	-0.73030865	0.8145597	-0.7799498	0.7894689	-0.727739	-0.75910485	-0.7543367
-0.32772982	0.34434107	-0.34773275	-0.34550086	0.34220532	0.32298377	0.2869118	-0.2767184	-0.31365746	-0.27623945	0.2522019	-0.3302728	0.30232823	-0.31633914	-0.31071046	-0.28482348
0.21992265	-0.13073264	0.12681857	0.13036257	-0.095164284	-0.15092121	-0.17535321	0.19001795	0.14412785	0.18836404	-0.18154915	0.17117824	-0.13428083	0.17837593	0.1227422	0.14182824
-0.8139171	0.88842213	-0.9155945	-0.86589915	0.83957154	0.7950932	0.80013615	-0.9070876	-0.923162	-0.8350428	0.8380997	-0.8892775	0.8740433	-0.80694526	-0.85533834	-0.87286645
0.12933429	-0.17798479	0.13628955	0.16775826	-0.14974123	-0.13519865	-0.14998871	0.1244049	0.19687116	0.20883672	-0.18456587	0.14005819	-0.12763382	0.18102464	0.2156312	0.18077852
0.08528601	-0.059889995	0.046671048	-0.007215244	-0.026542246	0.0046307403	-0.06208575	0.08892836	0.05188116	0.031406015	0.031029437	0.0061992845	-0.05632994	0.023392614	-0.014593457	-0.00529757
0.58159363	-0.5739598	0.69252247	0.64812434	-0.6307059	-0.624462	-0.59772736	0.6364922	0.6184164	0.6014386	-0.6568043	0.62885904	-0.5692772	0.6330152	0.59214735	0.6755033
0.7767612	-0.77750146	0.833129	0.7752244	-0.8498112	-0.8373929	-0.79414016	0.815537	0.8396751	0.7785634	-0.8738521	0.81352955	-0.8092338	0.81979215	0.8504344	0.81220603
0.0584103	-0.00037964887	0.031409457	0.06451373	0.017802285	-0.0057315216	-0.02365745	0.0870986	-0.0054181297	0.027140278	-0.07601937	-0.00361591	-0.03860538	-0.008862634	0.077730976	0.035326358
-0.61206937	0.54625845	-0.57950455	-0.58291745	0.594758	0.5413543	0.52264965	-0.50024706	-0.58219033	-0.5250376	0.56937224	-0.5515971	0.49279657	-0.50803655	-0.5093752	-0.5506988
-0.22529377	0.23411232	-0.25720465	-0.2937202	0.31218368	0.2433391	0.29580665	-0.30926055	-0.25154844	-0.23945867	0.24818495	-0.2813793	0.24859728	-0.2172848	-0.21904333	-0.23393054
0.11164188	-0.0796124	0.09077622	0.08776114	-0.14781468	-0.11166939	-0.09878762	0.080796	0.12018736	0.050524175	-0.14072901	0.08709842	-0.06201341	0.059087127	0.115482785	0.05117776
-0.5115069	0.5151683	-0.49634302	-0.52466875	0.47409242	0.46457407	0.48359495	-0.49889642	-0.5187257	-0.51427317	0.50985503	-0.46078238	0.47491363	-0.470826	-0.4757629	-0.4648939
-0.21643062	0.30000627	-0.2815589	-0.28480408	0.30140603	0.26983747	0.29978904	-0.33360922	-0.31944004	-0.2560733	0.35710055	-0.30285966	0.2721134	-0.30027184	-0.25549135	-0.30745023
0.24386418	-0.2546333	0.22738346	0.2190709	-0.23733532	-0.272334	-0.23857023	0.23153476	0.24097024	0.25715572	-0.29213253	0.23486407	-0.20519662	0.2878589	0.21961911	0.24133867
-0.19665498	0.1684171	-0.14905919	-0.18070564	0.19655289	0.17788114	0.23356201	-0.15564457	-0.20744452	-0.23317306	0.1865489	-0.22123538	0.21373554	-0.13228856	-0.14357308	-0.2162186
0.015719555	-0.00895438	0.04835539	0.033021975	-0.018610492	-0.017435696	-0.07060837	0.10037487	0.04617333	0.070445955	-0.0071275737	0.05833281	0.008589187	0.07514506	0.05119237	-0.0063171946
-0.18307011	0.23006888	-0.27913007	-0.16894396	0.21984315	0.22575134	0.23279674	-0.22132483	-0.16769037	-0.22361043	0.1723999	-0.17987856	0.1680639	-0.22023341	-0.20957465	-0.21925712
0.28354976	-0.3491623	0.3282459	0.3792002	-0.37350282	-0.30258775	-0.30041078	0.32314906	0.34117424	0.33373597	-0.36283642	0.32776496	-0.3797715	0.36675897	0.3929123	0.42123476
-0.38994363	0.51052886	-0.46114713	-0.46629947	0.49418688	0.41058385	0.49000135	-0.46486703	-0.46868595	-0.5004713	0.49446127	-0.44931898	0.42177352	-0.4599465	-0.44047144	-0.49791777
-0.2618653	0.30900377	-0.32964367	-0.34993172	0.39917493	0.30445644	0.3319213	-0.24670938	-0.4030077	-0.37635258	0.34203476	-0.38307056	0.31065387	-0.3360566	-0.36565754	-0.35022843
0.044547737	-0.031136883	0.0039590225	0.044914227	-0.038531214	-0.020084364	-0.002329053	0.0077120434	-0.0050010495	0.010669191	0.014938208	0.01019474	0.0011957762	0.029716466	0.0077139847	-0.022231963
0.69223595	-0.6055697	0.6488902	0.6564046	-0.6533183	-0.6401967	-0.6077771	0.6487041	0.73779315	0.607908	-0.60827404	0.70404226	-0.64443254	0.6931863	0.6643878	0.6668587
0.25383848	-0.25058895	0.24395274	0.22209169	-0.30315515	-0.2646258	-0.23405088	0.22105353	0.24680877	0.19747773	-0.22524653	0.30392194	-0.27088973	0.2680916	0.27465963	0.28820246
0.48157206	-0.404558	0.45505008	0.4159573	-0.3938707	-0.3664418	-0.45119828	0.40194362	0.4674356	0.39936042	-0.40517974	0.37302	-0.42436942	0.4432763	0.42269522	0.37544867
0.7378998	-0.75120103	0.71852267	0.76845753	-0.750057	-0.7763834	-0.74187034	0.72983503	0.8327903	0.7281073	-0.74117345	0.80398697	-0.7667878	0.7669598	0.695117	0.7978186
-0.08183339	0.09783283	-0.00081295666	-0.013118481	0.0302189	0.026709551	0.014028182	-0.020285385	-0.034235913	-0.011877252	-0.0030958646	0.0007266988	0.08731593	-0.09360069	-0.02467559	0.0017020301
-0.20457453	0.21680933	-0.2903278	-0.1886455	0.26290476	0.22546454	0.25127873	-0.26494616	-0.184322	-0.26061493	0.19081897	-0.26600432	0.24452439	-0.21781665	-0.24140291	-0.17852941
0.31413612	-0.32578322	0.36186036	0.3799296	-0.3528946	-0.31451127	-0.36498544	0.310989	0.37035048	0.39355242	-0.3199539	0.33104953	-0.36180678	0.36321867	0.36963722	0.40859836
-0.64412874	0.6712293	-0.7752638	-0.6859992	0.6093704	0.7045677	0.6366844	-0.64412236	-0.70563734	-0.62776023	0.68779516	-0.6868915	0.6981302	-0.6568427	-0.6795292	-0.6830713
-0.11755678	0.14060582	-0.13830894	-0.059244856	0.13656639	0.17467646	0.086085185	-0.06877961	-0.10145542	-0.12550415	0.15821922	-0.08074338	0.074705824	-0.14915329	-0.07709769	-0.15676098
0.7325394	-0.77532965	0.73902017	0.70696217	-0.75665396	-0.771017	-0.774753	0.70933497	0.7926397	0.77429837	-0.73734933	0.72071916	-0.75690746	0.7511917	0.7555971	0.8287991
-0.15253514	0.13109691	-0.10749554	-0.13928293	0.1137418	0.12930137	0.15235929	-0.19742574	-0.19214652	-0.14848763	0.12699649	-0.10948108	0.18648453	-0.19345057	-0.14995496	-0.18159288
0.044196434	-0.051800217	-0.0063900375	0.031676803	0.014219971	-0.026829923	0.009777383	0.025015052	-0.043971922	0.040147837	0.035305563	0.019257229	0.024975596	-0.044395555	0.012150184	0.03754289
0.50277084	-0.57609063	0.48000026	0.49908265	-0.4821793	-0.4798119	-0.5754031	0.50681204	0.5941951	0.4929124	-0.48917025	0.49418852	-0.5397407	0.53435785	0.5704883	0.49691316
0.7236823	-0.7999982	0.74717456	0.7952905	-0.8714337	-0.8333198	-0.8530292	0.8072243	0.8192466	0.804427	-0.8611245	0.79402643	-0.8219371	0.7773318	0.7817493	0.81750196
-0.42801416	0.32565844	-0.37668628	-0.3583639	0.33735445	0.36894798	0.41134247	-0.3954777	-0.3534723	-0.31750223	0.38223892	-0.37777933	0.35475028	-0.36828277	-0.36596155	-0.3390834
-0.6053307	0.59522015	-0.5793255	-0.5396781	0.5977661	0.5507876	0.6201835	-0.638354	-0.5965463	-0.629084	0.5941381	-0.6144051	0.6189077	-0.5937008	-0.56314844	-0.629776
-0.81532675	0.88778985	-0.8222764	-0.86304617	0.87424785	0.83759534	0.8538714	-0.8466075	-0.9125964	-0.82712865	0.8862147	-0.86770284	0.8512162	-0.8398983	-0.84487313	-0.8371551
0.39074075	-0.41247427	0.35316557	0.42353025	-0.46933135	-0.43251872	-0.39187008	0.3809139	0.5212741	0.41084146	-0.4495785	0.4643032	-0.42869642	0.44959968	0.38889563	0.42233694
0.72848225	-0.75910974	0.7140249	0.8143649	-0.7658632	-0.7148457	-0.81259954	0.80672145	0.7935209	0.8195575	-0.74774164	0.7432797	-0.7956266	0.77435136	0.79946727	0.7649666
0.5279292	-0.6355541	0.6702122	0.63522357	-0.6899827	-0.61936396	-0.6377319	0.6450046	0.7740376	0.6420706	-0.69236606	0.6895848	-0.62389076	0.63526636	0.6222698	0.7463235
0.46161622	-0.46770713	0.36472517	0.490235	-0.4613931	-0.43507722	-0.45434272	0.45642373	0.50268507	0.41451114	-0.423892	0.42407617	-0.49376786	0.4455117	0.44027796	0.48543596
-0.14146233	0.113242455	-0.10755981	-0.041838665	0.09406335	0.09584162	0.059789658	-0.13556425	-0.02330377	-0.052402068	0.049199082	-0.049862925	0.10751694	-0.12872605	-0.10176349	-0.09926393
-0.69176966	0.7681246	-0.7057537	-0.779245	0.77965593	0.7831646	0.76607955	-0.76122147	-0.76919764	-0.7124893	0.76378113	-0.75909996	0.7267478	-0.7941888	-0.7462772	-0.78516746
0.036994986	-0.061080147	0.08798608	0.06702743	-0.07399892	-0.086166434	-0.12596458	0.08991621	0.08616691	0.12676291	-0.13709508	0.07213102	-0.11747492	0.028335644	0.080246344	0.077410094
-0.5247645	0.47395933	-0.5154496	-0.5279489	0.52270097	0.4692896	0.50543076	-0.51989114	-0.5358064	-0.5048016	0.53250015	-0.5103186	0.4913355	-0.5470228	-0.52060765	-0.47089455
0.34238455	-0.3294789	0.3916036	0.39056057	-0.3492867	-0.3859326	-0.31951475	0.4076696	0.31654933	0.37862757	-0.38280454	0.37127855	-0.33230895	0.31428912	0.39547363	0.33677343
0.050907277	-0.111598365	0.10772847	0.12146672	-0.07736545	-0.10648783	-0.071137495	0.11544784	0.06661285	0.08615173	-0.06637297	0.10456714	-0.080051154	0.07506527	0.08670577	0.12259205
0.12741818	-0.047712006	0.07810873	0.042072598	-0.0845745	-0.089257516	-0.027203767	0.02825201	0.07651714	0.11407342	-0.102343574	0.09493151	-0.046482723	0.06501309	0.06324486	0.09719182
-0.6134727	0.6495415	-0.6099393	-0.59163105	0.6333689	0.6258867	0.6536106	-0.6141369	-0.6167885	-0.6171649	0.62701494	-0.62399834	0.62941855	-0.6450201	-0.61855936	-0.67847747
-0.25493628	0.2564639	-0.33372417	-0.32867092	0.3063545	0.35182545	0.30292284	-0.29785305	-0.25867122	-0.24981637	0.2835479	-0.29543647	0.30812728	-0.28744873	-0.2580061	-0.31907293
-0.8531098	0.88457185	-0.94229263	-0.8637248	0.881451	0.9270027	0.8901428	-0.8734741	-1.0003949	-0.9422988	0.9033048	-0.9589794	0.86521035	-0.88837606	-0.8639532	-0.91909426
0.007289345	0.027718341	-0.059333026	0.034561154	-0.07120286	-0.04433454	-0.04038996	-0.013701319	0.04926841	0.051840417	0.02208259	-0.011197107	-0.014225381	0.02282264	0.016275203	0.04027812
-0.34593993	0.28950694	-0.33072618	-0.33564082	0.3590888	0.29042792	0.29265538	-0.34818006	-0.3435735	-0.32374388	0.3572406	-0.33468324	0.38457486	-0.31264067	-0.30556136	-0.31650853
-0.70370775	0.6790024	-0.69719934	-0.73209524	0.7585146	0.7123039	0.6937201	-0.71690327	-0.7383482	-0.7531838	0.72154003	-0.728227	0.67534274	-0.71106446	-0.73474896	-0.7820969
-0.7530386	0.8718895	-0.80270505	-0.80549526	0.9127141	0.7776121	0.8535125	-0.885694	-0.9002566	-0.82031345	0.8367516	-0.8674502	0.7959645	-0.8231591	-0.85157	-0.924446
-0.94108355	0.9362484	-0.98133487	-0.93341476	1.0189843	0.9478187	0.9834789	-1.0006558	-1.0681701	-0.9727411	1.0234978	-0.9937791	0.98110414	-0.98315185	-0.9434665	-1.0691823
0.2919755	-0.3989201	0.32707703	0.3125059	-0.39153674	-0.2837045	-0.3038741	0.34385547	0.38135487	0.33125705	-0.3121067	0.3853651	-0.31128153	0.3142252	0.34028745	0.31287456
0.8343917	-0.8997449	0.9171798	0.9252778	-0.9668959	-0.93313164	-0.9273965	0.91411793	0.9643625	0.86100316	-0.92012936	0.8876446	-0.9189944	0.8765862	0.887174	0.94034785
-0.20759095	0.17604196	-0.14805318	-0.18939318	0.21145149	0.18515344	0.24403894	-0.1799217	-0.21570958	-0.20001921	0.23245312	-0.19953932	0.24618703	-0.18462881	-0.21506605	-0.20315892
-0.297307	0.2903963	-0.3398024	-0.22229174	0.29623	0.2912608	0.27970323	-0.2270449	-0.28227925	-0.2744	0.22974949	-0.23763731	0.24894719	-0.24005423	-0.26861426	-0.2591548
0.25272503	-0.27122828	0.22630315	0.25541636	-0.2856107	-0.23387545	-0.2774311	0.25981244	0.341851	0.26009613	-0.3236121	0.24053457	-0.22959043	0.24194261	0.2621624	0.33047727
-0.31268683	0.2788563	-0.3846612	-0.35914603	0.36437148	0.3882555	0.35383508	-0.36851683	-0.28506348	-0.30138513	0.32209384	-0.35895562	0.33681566	-0.29293874	-0.36900458	-0.37771642
0.4643209	-0.50147176	0.5116112	0.4385527	-0.45673668	-0.43035477	-0.47390032	0.42830116	0.5123004	0.44501656	-0.41102475	0.49580628	-0.42907387	0.48360047	0.46800053	0.4818337
0.5446721	-0.49566045	0.49054697	0.5495181	-0.5484635	-0.54088336	-0.5585861	0.55652636	0.49196744	0.57084423	-0.5681658	0.5270098	-0.4957688	0.53497	0.518715	0.5091396
0.91264373	-0.96997464	0.9101028	0.97389156	-1.0137644	-0.89931923	-0.9916946	0.8913929	0.9748964	0.9878452	-0.9349552	1.003005	-0.95805705	0.93478906	0.9050041	0.9550058
-0.24705654	0.29341584	-0.26352695	-0.23712689	0.22655839	0.25068295	0.24972653	-0.23042984	-0.26065284	-0.27709746	0.20365688	-0.19988808	0.24959816	-0.2534191	-0.28929713	-0.26519224
0.5352336	-0.5022802	0.47291398	0.43372503	-0.53052384	-0.46394554	-0.507485	0.4382791	0.50847584	0.455318	-0.45633563	0.48324752	-0.42221025	0.43537018	0.5079906	0.5251594
-0.3933696	0.4419766	-0.3751278	-0.42512098	0.52991825	0.43074656	0.47133797	-0.45047095	-0.45401293	-0.43809748	0.43358454	-0.5168554	0.5179643	-0.41878417	-0.4660722	-0.4455003
0.048077334	-0.057026416	0.07065658	0.13704644	-0.11196577	-0.05249945	-0.13278252	0.06389442	0.15210153	0.07730147	-0.13732168	0.08210562	-0.111743025	0.103979364	0.02931982	0.10605915
-0.50890285	0.5841622	-0.56029487	-0.6067259	0.5889792	0.5428102	0.53125244	-0.5857176	-0.65077984	-0.5364449	0.5584102	-0.59180146	0.5483898	-0.5871624	-0.59662604	-0.62557405
-0.48138925	0.48215467	-0.5189264	-0.5193292	0.47228613	0.5069295	0.47521105	-0.5371903	-0.5014343	-0.4794309	0.52790534	-0.45934248	0.47611344	-0.48740387	-0.44916165	-0.5531629
0.39359728	-0.40362448	0.44224817	0.40081197	-0.40064985	-0.42038167	-0.3919612	0.3695254	0.3969031	0.388666	-0.4377483	0.3626394	-0.439092	0.36275235	0.41355282	0.4173325
0.105811566	-0.13268685	0.106929295	0.12973142	-0.111862436	-0.12811372	-0.08227907	0.06440536	0.08857064	0.10883262	-0.10615677	0.12626432	-0.08351612	0.11935886	0.12643711	0.100690186
0.2589121	-0.20819771	0.25019807	0.21135657	-0.3208722	-0.19591244	-0.27592257	0.20202062	0.2934067	0.27444187	-0.31602782	0.27750197	-0.30942357	0.26246396	0.24999785	0.25717613
-0.6305088	0.6460434	-0.6972622	-0.63700664	0.72088534	0.6412078	0.7128209	-0.6731371	-0.665724	-0.6744199	0.6345076	-0.63386863	0.63031346	-0.6404739	-0.66142565	-0.7077842
-0.7873249	1.021311	-1.0299702	-1.0376554	0.9892123	0.93578255	0.9133526	-0.969064	-1.076089	-0.9256226	1.0125684	-1.0387614	0.9861874	-0.9872584	-0.9935557	-1.0622652
-0.10657199	0.11868459	-0.19617258	-0.12672222	0.088522844	0.09704186	0.115231	-0.07943051	-0.069684796	-0.072163336	0.1365673	-0.12041115	0.12027869	-0.10200054	-0.12989363	-0.0704641
-0.56189936	0.6106275	-0.620025	-0.5700061	0.6458511	0.60632825	0.5899704	-0.5527469	-0.6493706	-0.60861963	0.57744896	-0.577261	0.614532	-0.6037671	-0.63913715	-0.6256974
-0.8107635	0.87265915	-0.91121495	-0.91275626	0.88823587	0.91293883	0.8500055	-0.9117112	-0.8637034	-0.86726177	0.8743546	-0.83679616	0.88021463	-0.82896715	-0.8899911	-0.918654
-0.19701192	0.22037598	-0.16394976	-0.20356727	0.21709023	0.16197623	0.2261976	-0.19556966	-0.24018037	-0.18744305	0.21346918	-0.19097482	0.19381437	-0.1486219	-0.14756712	-0.19473587
-0.111006424	0.120344095	-0.12240575	-0.10887235	0.18109508	0.1794007	0.1377411	-0.17429838	-0.14948395	-0.11185276	0.14524522	-0.1922772	0.15949795	-0.18372265	-0.129244	-0.20933472
0.78700846	-0.7826882	0.8173355	0.8022007	-0.8203994	-0.74217004	-0.77665126	0.75948894	0.8303935	0.80092	-0.8249335	0.83269155	-0.8194885	0.7727705	0.7815555	0.8552939
-0.033640444	0.014369749	-0.06466431	-0.032972045	0.016468571	-0.019563526	0.02719705	0.0021433423	0.009706684	-0.050857052	0.080302596	-0.027506884	0.0746409	-0.0021961818	-0.031875446	-0.08221022
0.38653287	-0.3409346	0.38999358	0.3923396	-0.3505517	-0.38939244	-0.34864557	0.3651782	0.38696784	0.4028431	-0.41231588	0.3520866	-0.34798768	0.3984621	0.40221214	0.41279578
0.67777497	-0.6412421	0.62752867	0.647885	-0.6559694	-0.65518236	-0.61093026	0.65694773	0.6954786	0.5881399	-0.5787448	0.61642814	-0.5624382	0.6186962	0.58193916	0.6177283
0.30190736	-0.35202536	0.31612957	0.35386547	-0.34479728	-0.3326814	-0.3089184	0.35450694	0.3747477	0.33275652	-0.2658296	0.3105569	-0.34573713	0.34609297	0.2870628	0.3276476
-0.96699667	1.0251222	-1.0192114	-1.0490625	1.0197009	0.9836615	1.0649403	-1.0557121	-1.1225946	-1.0349004	1.0855172	-1.0791038	1.0441471	-1.0240643	-1.0193282	-1.0335444
0.27279967	-0.3238468	0.30631426	0.25868598	-0.3058596	-0.2518407	-0.26837328	0.3202324	0.30935892	0.31762055	-0.30039644	0.27060023	-0.3169726	0.29268983	0.3225019	0.3178485
-0.22751132	0.23007677	-0.22232068	-0.24765193	0.20298886	0.22085024	0.18132748	-0.15831119	-0.26807263	-0.18545112	0.19581652	-0.25348634	0.20926589	-0.2142451	-0.16101879	-0.17566158
-0.2860646	0.3434925	-0.3141916	-0.3051647	0.3118329	0.26905626	0.37002596	-0.2933965	-0.35442266	-0.29403627	0.34201783	-0.29877517	0.3413179	-0.34263378	-0.31947502	-0.3523962
-0.44374257	0.6444447	-0.6166317	-0.60220134	0.6212901	0.61410356	0.61682284	-0.595983	-0.7004901	-0.62123406	0.6890229	-0.6569408	0.6842681	-0.6265281	-0.61382264	-0.6424563
0.393644	-0.41460547	0.43290082	0.44709867	-0.41138503	-0.39796224	-0.39797127	0.4231893	0.48639852	0.39366776	-0.4261748	0.44224685	-0.45606735	0.38456452	0.38595214	0.49234572
-0.5151229	0.55614936	-0.5484432	-0.49012434	0.5334456	0.55734766	0.5760458	-0.55120516	-0.53630495	-0.57540256	0.51105815	-0.5532142	0.5333462	-0.5090757	-0.56958723	-0.55459076
0.1120261	-0.14277686	0.056902084	0.053310063	-0.13891014	-0.039604902	-0.09190161	0.08625581	0.064511985	0.107714124	-0.12921414	0.12757452	-0.0627172	0.08083954	0.1328998	0.120734
-0.109452926	0.1029939	-0.0671571	-0.10370274	0.065784335	0.099764414	0.01761452	-0.12689215	-0.0891892	-0.06754124	0.065752365	-0.02426259	0.08472653	-0.028344784	-0.045463607	-0.017525446
0.1457308	-0.1898623	0.14366806	0.14604749	-0.19394508	-0.15942843	-0.19242926	0.22254716	0.2077546	0.22540219	-0.19247726	0.22396624	-0.17644098	0.1570331	0.22334678	0.21608955
-0.67735445	0.68885505	-0.73701674	-0.7354277	0.765736	0.7428074	0.6984168	-0.69240606	-0.7146292	-0.7135718	0.7185793	-0.7027943	0.7303891	-0.70381844	-0.66940427	-0.69715416
-0.65411717	0.78450304	-0.7484202	-0.7666352	0.7594471	0.6872839	0.69381654	-0.77301633	-0.83283484	-0.7004843	0.7540317	-0.7906073	0.7429216	-0.7875925	-0.74715483	-0.75041
-0.76216024	0.8245912	-0.8067277	-0.80658835	0.75801057	0.7984466	0.7924402	-0.7420676	-0.8052368	-0.83075076	0.8348275	-0.7766164	0.78292304	-0.73923683	-0.74462193	-0.8286405
0.68624693	-0.6858903	0.707627	0.68410265	-0.718588	-0.72493297	-0.6970333	0.6890603	0.78534806	0.7432201	-0.7357459	0.71622527	-0.74846315	0.6909354	0.7016856	0.73423177
0.27692795	-0.22485507	0.30736372	0.24222538	-0.30994725	-0.23474471	-0.27521986	0.25776	0.3119133	0.23220311	-0.29282066	0.26688042	-0.32315361	0.31162086	0.26151362	0.2550675
0.7170492	-0.7828107	0.7452981	0.7532712	-0.78233117	-0.7743787	-0.76329863	0.7350235	0.8304049	0.75860345	-0.77309024	0.73151886	-0.71447074	0.7078368	0.7719308	0.7872377
-0.022121614	-0.039291315	-0.07840075	-0.011589861	0.028457794	0.047952246	0.0045979233	-0.031516533	0.014913957	-0.032664973	0.029818328	0.033735633	0.016902568	0.01250905	-0.034369983	-0.021735877
0.09575142	-0.056140002	0.10768881	0.04323751	-0.14066182	-0.13008739	-0.1483675	0.052431855	0.14685333	0.1416429	-0.14706735	0.1219756	-0.10473402	0.08502387	0.07931129	0.09811528
-0.115358315	0.09388127	-0.11427205	-0.06171291	0.05538715	0.09015906	0.030731559	-0.068840094	-0.06565735	-0.072896786	0.11694096	-0.09940252	0.12512283	-0.07045292	-0.0841949	-0.05954213
-0.44010738	0.49932292	-0.53192896	-0.485965	0.46151015	0.44438818	0.46941245	-0.5255433	-0.47551143	-0.4897787	0.4798704	-0.47390336	0.48864576	-0.51639915	-0.43365827	-0.52647185
0.020127654	-0.0013948109	-0.019102063	0.0430328	0.056534614	-0.02452233	0.03417578	-0.019355256	0.017384872	0.031152446	0.059866633	-0.05276559	0.028261254	2.8607505e-07	0.017535286	-0.04823729
0.25567546	-0.2655565	0.26321754	0.3439552	-0.31353503	-0.29617378	-0.2660422	0.34561655	0.3157991	0.30750158	-0.34372252	0.34702995	-0.27885488	0.28697103	0.2724208	0.29971752
0.27512723	-0.20639497	0.20449828	0.217156	-0.20428284	-0.20084353	-0.18469505	0.20149192	0.18813616	0.2480665	-0.15517025	0.19144373	-0.1857162	0.18679424	0.23220776	0.22390598
-0.41950163	0.46925807	-0.5011449	-0.47515705	0.45733416	0.45598543	0.46200106	-0.5007425	-0.4708056	-0.52335614	0.448243	-0.46448064	0.5169813	-0.49033868	-0.433318	-0.49404076
0.4843488	-0.5849288	0.5678993	0.5220343	-0.57730234	-0.612488	-0.6237333	0.53734994	0.5864967	0.6043681	-0.5899332	0.62899655	-0.57260776	0.6152819	0.5306622	0.6180427
0.18049182	-0.16252516	0.24404384	0.2277224	-0.21243116	-0.18319246	-0.15300956	0.1305164	0.1489196	0.1349435	-0.13665093	0.1675211	-0.12657838	0.21941537	0.12752847	0.1582056
0.0885205	-0.10899252	0.06586655	0.14460252	-0.14434494	-0.15368071	-0.14739294	0.10299452	0.13099793	0.15631203	-0.15442404	0.11396866	-0.09058604	0.06589726	0.13522099	0.15781614
0.09192621	-0.11093511	0.18396941	0.07785997	-0.06362913	-0.07888398	-0.12717657	0.07377149	0.15820621	0.14552793	-0.10068489	0.07260829	-0.13584459	0.13101548	0.1267757	0.15192646
-0.12088977	0.1794977	-0.13971287	-0.10547626	0.11523539	0.13827331	0.08414198	-0.1283089	-0.16259106	-0.14573173	0.09974602	-0.07907105	0.13490345	-0.17656422	-0.15450846	-0.15672
-0.035994336	0.019162292	-0.075472586	-0.008830387	-0.0011683329	0.019014558	0.016317647	-0.057937235	0.01488284	-0.04030669	0.011990984	0.044491593	-0.0050436817	0.0013918725	-0.05841947	0.047505666
0.95248646	-0.91641086	0.9590796	0.935444	-1.0034975	-0.92656064	-0.9353348	0.8906139	0.95066106	0.92713904	-0.9158704	0.97778505	-0.88996214	0.97333664	0.931949	1.014497
-0.491784	0.50585264	-0.5156526	-0.42417222	0.4470502	0.5071791	0.48142585	-0.5253827	-0.48323557	-0.4304359	0.5023628	-0.4801552	0.40460682	-0.46554422	-0.5192014	-0.47603005
-0.28908718	0.3261369	-0.43101165	-0.34185797	0.3872502	0.37140006	0.35154992	-0.3447132	-0.35189095	-0.36738765	0.34068066	-0.38247988	0.34343	-0.3669076	-0.3451721	-0.40571326
0.0779525	-0.0030531457	0.10507067	0.0015655403	0.009256071	-0.038108014	0.00044683492	0.021005107	0.062752776	0.06913007	-0.044914886	0.0298058	-0.058092967	0.08689666	0.05433202	0.085731946
0.800972	-0.84587735	0.8215094	0.76479566	-0.80359685	-0.8493943	-0.78715956	0.8178573	0.8423197	0.8031038	-0.7945469	0.86482424	-0.79261935	0.8319091	0.8546512	0.8422492
0.83032	-0.76504487	0.83081514	0.77111757	-0.8042128	-0.7905942	-0.86317855	0.78711486	0.85786706	0.79681623	-0.8421351	0.8477107	-0.82076705	0.85753274	0.832811	0.84231025
0.56390244	-0.5256707	0.5625979	0.47427288	-0.55942845	-0.56986827	-0.49250415	0.5152727	0.6036079	0.50666106	-0.50110966	0.47972974	-0.47105616	0.51127183	0.5039759	0.5522213
-0.9070649	0.9174494	-0.9798266	-0.89360595	0.8619142	0.93915766	0.8979794	-0.91242015	-0.9881727	-0.90960366	0.8857903	-0.8998572	0.8767068	-0.91933507	-0.91656524	-0.96000457
-0.32680142	0.32055095	-0.4120895	-0.39081842	0.33921763	0.33881593	0.32893094	-0.32756823	-0.34555355	-0.31053966	0.2975958	-0.34693405	0.30190483	-0.40039858	-0.3033073	-0.33107203
-0.46041343	0.41333178	-0.4569811	-0.43258744	0.50612295	0.4484021	0.4173616	-0.4975289	-0.48401186	-0.4624201	0.45158026	-0.4056082	0.44615754	-0.45598927	-0.44603872	-0.43475494
-0.12289874	0.04464563	-0.06269795	-0.04259616	0.1073606	0.08415115	0.06665014	-0.07016473	-0.07567024	-0.073351465	0.06611986	-0.08342054	0.13617462	-0.08501914	-0.059694972	-0.082530424
-0.017708194	-0.09139589	-0.01881451	0.04051612	-0.021853741	-0.04950021	-0.036238633	0.0873583	0.0059088953	-0.0023753177	-0.057159655	0.023590231	-0.03869494	0.080702044	0.07088971	0.059209123
0.24652733	-0.31234494	0.3246978	0.33073348	-0.3161476	-0.33853748	-0.33733237	0.2673184	0.34456396	0.35056853	-0.33406618	0.33629382	-0.282234	0.2632727	0.2754984	0.29877168
0.91658133	-0.94059896	0.9712819	0.90607643	-0.9872464	-0.9480972	-0.8957005	0.89053375	0.9882558	0.90415144	-0.98840535	0.9246346	-0.97424704	0.94661146	0.9235396	0.9794265
0.560239	-0.5481931	0.5402373	0.54507285	-0.5985017	-0.58250165	-0.545746	0.5236834	0.63500077	0.6326364	-0.6066137	0.59607226	-0.565712	0.6269414	0.6109737	0.60663164
0.16377434	-0.17812191	0.14299428	0.16003029	-0.1866163	-0.15893666	-0.23842117	0.20961994	0.18153864	0.17331827	-0.22201474	0.20711575	-0.1525924	0.17853141	0.1581685	0.22503214
-0.76986545	0.7323787	-0.79857856	-0.71491313	0.7528542	0.7540016	0.79637593	-0.7710451	-0.84748924	-0.7215585	0.737117	-0.7735855	0.8033111	-0.7193152	-0.7865799	-0.819177
0.26836574	-0.29027122	0.2518826	0.29671216	-0.29335353	-0.26631105	-0.23354106	0.24289793	0.30182752	0.29168287	-0.21732607	0.22606145	-0.26846075	0.2898719	0.2748454	0.30573225
-0.76119405	0.8090948	-0.8155418	-0.82008713	0.8265486	0.7501633	0.7445397	-0.7598793	-0.7930239	-0.80451673	0.7439318	-0.79425627	0.72575337	-0.8081111	-0.79328257	-0.7692605
-0.052264463	0.06939707	-0.11636504	-0.15907538	0.09156384	0.091416046	0.060458876	-0.12197202	-0.113642424	-0.089402065	0.08084443	-0.07630848	0.13033079	-0.08529653	-0.14465727	-0.100586325
-0.39387468	0.3996271	-0.4252521	-0.45808464	0.42103198	0.45252112	0.4254292	-0.4488816	-0.43256646	-0.47445312	0.41760117	-0.43404368	0.47330773	-0.40183508	-0.45644072	-0.44980562
0.14277357	-0.19482669	0.16525252	0.23930992	-0.2508905	-0.17851044	-0.25734308	0.22277527	0.28349864	0.2094413	-0.27029803	0.2775008	-0.18420412	0.2570458	0.17965779	0.27776134
-0.8482878	0.9475336	-0.96655554	-0.9235241	0.98430645	0.9671304	0.9328837	-0.9057102	-0.98609364	-0.91337186	0.9521939	-0.965673	0.9146374	-0.9015343	-0.91230804	-0.9664901
-0.37761834	0.3988562	-0.38104495	-0.43116742	0.4299604	0.4040312	0.39020973	-0.35987827	-0.4212013	-0.35253707	0.42705926	-0.4018756	0.40089956	-0.39856866	-0.41549098	-0.4132168
0.023178283	-0.031655807	-0.018035563	0.023547051	-0.037173312	-0.041940946	0.00073339726	0.04690393	0.03538444	0.013498392	-0.06014401	0.010681829	-0.05593556	0.00871297	0.020260789	0.011130069
0.81986517	-0.8493683	0.82915324	0.8433857	-0.86752784	-0.845717	-0.7956767	0.8062863	0.8643892	0.765741	-0.77077746	0.8481277	-0.84281665	0.854983	0.7580829	0.859898
0.85889596	-0.88697314	0.870304	0.89936894	-0.89615613	-0.9155118	-0.86921567	0.90773505	0.95807064	0.95113426	-0.89748204	0.95648044	-0.8664083	0.8821826	0.89218086	0.9936706
0.6897594	-0.6973162	0.7025182	0.7277576	-0.694728	-0.76254535	-0.75293	0.6945065	0.7989543	0.7064155	-0.67926896	0.70179063	-0.6751389	0.6910711	0.7553546	0.70760244
-0.41531742	0.38584247	-0.42704275	-0.45620537	0.38336056	0.44752312	0.392715	-0.3743446	-0.44157153	-0.39406598	0.45769793	-0.43403935	0.36736667	-0.43765905	-0.42209825	-0.45058352
-0.48561	0.46499252	-0.4964556	-0.47182858	0.5005046	0.4754163	0.44645244	-0.4969128	-0.5409027	-0.492705	0.5244805	-0.4589224	0.45305315	-0.49165663	-0.49471638	-0.46726218
-1.0262687	1.0809644	-1.158162	-1.0947766	1.0725616	1.0920229	1.107115	-1.0362109	-1.1421665	-1.0941588	1.1030233	-1.1153194	1.0510715	-1.1132389	-1.0388714	-1.118704
-0.14257017	0.052575048	-0.09297568	-0.033784006	0.003461402	0.04106941	0.016969742	-0.069184676	0.007930108	-0.031138761	0.04336439	-0.03576416	0.06683362	-0.09178755	-0.09149219	-0.009071546
-0.7102025	0.8104962	-0.7463563	-0.7602757	0.73980826	0.7310864	0.71820647	-0.7831841	-0.8018769	-0.7939416	0.7477017	-0.77245724	0.7672178	-0.73482376	-0.7733876	-0.7517898
-0.45840582	0.44465813	-0.4687477	-0.46319887	0.43659353	0.5102274	0.41758996	-0.53192705	-0.51120955	-0.40973732	0.43910623	-0.41303393	0.50036436	-0.4628636	-0.49650633	-0.44104594
-0.6815158	0.70537746	-0.751473	-0.6469664	0.64553714	0.6512965	0.6661947	-0.65495	-0.6780885	-0.67204654	0.68537503	-0.66500044	0.71176314	-0.731346	-0.71979576	-0.74049693
0.42465016	-0.39541477	0.37353393	0.4421291	-0.45419797	-0.43405464	-0.4171969	0.40063515	0.39822417	0.38011155	-0.43938732	0.462475	-0.3552213	0.37840804	0.38210824	0.38170153
-0.49052024	0.4538881	-0.42420986	-0.45524293	0.46323216	0.51314884	0.51416355	-0.45532295	-0.47233954	-0.42490402	0.47173682	-0.4290306	0.43244982	-0.48174626	-0.50876665	-0.47768632
-0.0247754	0.13760369	-0.10347097	-0.06864515	0.089178815	0.08768452	0.08960345	-0.044745978	-0.09654771	-0.09194891	0.07228966	-0.13308533	0.11066063	-0.11935576	-0.03237875	-0.10869434
0.056402784	-0.06023523	0.008393103	-0.01008283	-0.056016095	-0.062579915	-0.03617123	-0.020792846	0.081404224	0.008433691	0.0021927971	0.012003315	-0.00079480786	0.047168102	0.070964545	0.04551021
-0.5427188	0.5986538	-0.6161713	-0.5662793	0.5917231	0.60704166	0.5881891	-0.57530904	-0.55658495	-0.6018398	0.5979862	-0.6063173	0.573489	-0.60628474	-0.5853976	-0.6145793
-0.4782621	0.4944474	-0.52234966	-0.518142	0.47188705	0.4850568	0.49225536	-0.54419833	-0.5689498	-0.47024924	0.51355886	-0.5186689	0.48051822	-0.47734386	-0.49976882	-0.5254595
0.49358058	-0.5209789	0.51159227	0.4662557	-0.47436944	-0.4700829	-0.49600995	0.4942524	0.52231	0.5196924	-0.48558795	0.46196955	-0.45201373	0.49503237	0.4969834	0.47725472
-0.4206558	0.5032171	-0.504799	-0.48210204	0.5232121	0.4363025	0.48109296	-0.520176	-0.50246394	-0.44032985	0.45403174	-0.51225257	0.5203027	-0.5070419	-0.4729446	-0.5526013
0.5811557	-0.54735065	0.5931879	0.53702664	-0.5487891	-0.47859594	-0.5637264	0.50728875	0.5537735	0.50294244	-0.5269802	0.5415699	-0.53565943	0.48130995	0.46956304	0.5040528
-0.2643884	0.30546793	-0.21869224	-0.26193795	0.230345	0.2724373	0.2735324	-0.28734732	-0.30391884	-0.26955953	0.22075048	-0.31400198	0.23276646	-0.23472637	-0.26195666	-0.2493645
-0.10576958	0.14261359	-0.10124857	-0.14558165	0.22938778	0.16669337	0.16026618	-0.21757436	-0.25034356	-0.226945	0.2412136	-0.2037724	0.20329803	-0.20248866	-0.14461866	-0.19847499
0.044267826	-0.027720224	0.047736637	0.06804633	0.012327553	0.010502822	-0.04096819	-0.0017398881	-0.002808698	0.05444274	0.017195236	0.010395441	0.025112981	-0.019407963	-0.025698952	-0.004440316
0.2856619	-0.21357179	0.24684766	0.23592201	-0.18824905	-0.20519842	-0.20978045	0.2685486	0.19891857	0.21706644	-0.23504685	0.2562459	-0.17811318	0.26786342	0.24223782	0.19403008
-0.21505725	0.21042375	-0.18352628	-0.20926334	0.1731938	0.23305666	0.21959807	-0.23531607	-0.24004592	-0.17976859	0.16449207	-0.17697343	0.23292302	-0.19124001	-0.20441592	-0.23360617
0.48626426	-0.52918845	0.46644738	0.5379485	-0.4940477	-0.4804005	-0.48709196	0.5026279	0.53743935	0.49936438	-0.5159205	0.4713922	-0.5183455	0.501145	0.47503072	0.4790378
0.9876699	-0.933168	0.94592744	0.9328421	-1.0306484	-1.004467	-0.96243685	0.9466419	1.0323279	0.9419012	-1.0243846	1.0151339	-1.0114938	0.938281	0.9458573	1.021364
0.16662869	-0.15042216	0.123964146	0.17731413	-0.17292632	-0.19764528	-0.1789916	0.18037064	0.1791911	0.1687404	-0.16132335	0.19263652	-0.15702784	0.15644345	0.20075566	0.12973754
0.23357768	-0.22431982	0.21538989	0.1718252	-0.23608889	-0.23672488	-0.23438987	0.22939101	0.20736274	0.25484568	-0.1856613	0.21040665	-0.26384133	0.19304235	0.18756856	0.18374641
-0.6795737	0.73117465	-0.8073633	-0.7014924	0.71136934	0.7278809	0.7649633	-0.6958952	-0.82179356	-0.76300925	0.77878875	-0.77937734	0.7877108	-0.6926387	-0.6977374	-0.817886
-0.7393904	0.85883325	-0.7520319	-0.7986612	0.80431324	0.8031163	0.781529	-0.73537064	-0.83121425	-0.7895594	0.87442446	-0.87645805	0.81782687	-0.77696353	-0.8429678	-0.83578175
0.15323514	-0.15871789	0.24821818	0.18532981	-0.17684744	-0.19902259	-0.1686518	0.15134254	0.21830368	0.17454489	-0.20881727	0.22368103	-0.1839963	0.16864496	0.22163185	0.17185017
-0.41712835	0.44305784	-0.42188916	-0.39046845	0.4221404	0.4237119	0.40727645	-0.4159208	-0.3991354	-0.4159269	0.4310802	-0.45464915	0.44045508	-0.45825225	-0.42686787	-0.42161816
-0.6502272	0.69331074	-0.76242095	-0.69743687	0.6964008	0.7025834	0.6688632	-0.6952949	-0.6866502	-0.6743786	0.64305985	-0.64767367	0.69686157	-0.6243073	-0.62189615	-0.7351988
0.6763077	-0.59539765	0.5941613	0.5710151	-0.649965	-0.59670806	-0.6087824	0.64260674	0.6440327	0.5948223	-0.5713886	0.57207054	-0.57383865	0.59653014	0.5587846	0.6022504
-0.038472507	0.065997474	-0.04647753	-0.02758449	0.06106987	0.06743999	0.043484297	-0.10018162	-0.080032855	-0.043059118	0.024203058	-0.034070387	0.08895304	-0.04536167	-0.07796899	-0.09997885
0.62234575	-0.6486943	0.6374991	0.5884843	-0.69600254	-0.57032514	-0.57387984	0.60725975	0.6266292	0.60211766	-0.6568283	0.6816501	-0.642975	0.64125353	0.61644065	0.61930686
-0.6137488	0.68745834	-0.69020724	-0.6743414	0.61884415	0.6885606	0.61995786	-0.6944442	-0.72886485	-0.70180863	0.674442	-0.6441271	0.613084	-0.62573564	-0.7015943	-0.7237018
0.39125964	-0.33059588	0.38240892	0.3232704	-0.309307	-0.30556872	-0.32877615	0.28603175	0.35999462	0.30513266	-0.32281068	0.297971	-0.3484487	0.30092892	0.34432453	0.33717185
-0.8455607	0.94873554	-0.8967391	-0.9106285	0.9254167	0.84918267	0.91745394	-0.8472168	-0.947728	-0.87535363	0.93757665	-0.9648862	0.87522095	-0.916124	-0.86064667	-0.9945754
0.63883394	-0.7376923	0.67615634	0.7308784	-0.7503948	-0.70452976	-0.7436387	0.7370894	0.7159901	0.7093502	-0.6774079	0.7122156	-0.73533297	0.68628204	0.71274567	0.7814837
0.19059727	-0.12330525	0.192484	0.1125639	-0.12837647	-0.11625384	-0.17501687	0.14174083	0.115886465	0.19077034	-0.16654158	0.1356839	-0.10750088	0.18167907	0.12071326	0.18849187
0.08415351	-0.07517351	0.05324027	0.04128423	-0.04723351	-0.017741276	-0.06288315	0.05832966	0.07699433	0.029663473	-0.06459303	0.081120275	-0.11309546	0.10340553	0.11651593	0.07863372
-0.38746598	0.35230348	-0.36923715	-0.38904846	0.3878195	0.3514107	0.38501617	-0.36592492	-0.4122566	-0.35279325	0.32811657	-0.3299688	0.3324461	-0.38269794	-0.30710512	-0.32708102
-0.2872005	0.3194382	-0.3405681	-0.29424402	0.32807913	0.36570993	0.29269716	-0.32476658	-0.37476215	-0.36714667	0.3204942	-0.3190082	0.3375543	-0.33632508	-0.36093146	-0.34076443
-0.46378836	0.41990054	-0.51733816	-0.41612935	0.41674212	0.44369075	0.40829995	-0.49205753	-0.44099885	-0.44147632	0.40020022	-0.41273108	0.39735702	-0.4297764	-0.42321694	-0.45198154
0.478997	-0.45160344	0.4858902	0.4467631	-0.46729213	-0.44020006	-0.5119038	0.47614372	0.50174993	0.4702166	-0.50003284	0.45051154	-0.51241386	0.4536435	0.5039278	0.5301695
0.7100289	-0.7946764	0.8078205	0.72323495	-0.79213154	-0.7797946	-0.7963413	0.73749423	0.8061481	0.73047465	-0.80431587	0.73042697	-0.75221735	0.7029709	0.74092054	0.8183208
-0.7734077	0.8727824	-0.9089134	-0.9115667	0.8926473	0.821136	0.92543215	-0.93028384	-1.0077444	-0.8679488	0.95128226	-0.9760413	0.90474105	-0.9235346	-0.84876627	-1.0045278
-0.5437171	0.52569234	-0.53034556	-0.5610813	0.57806826	0.5290331	0.56393284	-0.5544273	-0.62346894	-0.527229	0.5706952	-0.59693235	0.5193302	-0.56168175	-0.55933654	-0.59492344
0.30182576	-0.24302888	0.3161115	0.31257316	-0.27235115	-0.30069414	-0.25945842	0.27850592	0.35802618	0.23530725	-0.26199594	0.302163	-0.21960804	0.22406834	0.26779723	0.24854118
-0.3329999	0.37175187	-0.3522308	-0.3785581	0.44429803	0.364421	0.4474617	-0.35966802	-0.394098	-0.42768556	0.3858868	-0.44316283	0.3898616	-0.34926468	-0.39439285	-0.45729196
-0.3185547	0.32205313	-0.39907378	-0.34480184	0.28972557	0.36278895	0.30825332	-0.30852112	-0.35799658	-0.2925257	0.31453833	-0.2999899	0.35072887	-0.31134868	-0.34035885	-0.31727558
-1.0848835	1.1462306	-1.1824921	-1.1333165	1.1483457	1.1534827	1.1070671	-1.0995336	-1.2494807	-1.1202788	1.1036652	-1.1026005	1.1512485	-1.0854408	-1.1174194	-1.1639026
-0.081775114	0.10450542	-0.14786562	-0.13412999	0.13888416	0.1540875	0.14414151	-0.10781593	-0.1020014	-0.13821252	0.084654845	-0.10423227	0.16088957	-0.09756414	-0.15564714	-0.105837345
0.6723261	-0.61662436	0.6959882	0.60748535	-0.6574142	-0.6231231	-0.6554696	0.6180179	0.6331012	0.6177474	-0.6330131	0.61933976	-0.5959831	0.6048397	0.57158995	0.62762016
0.34325704	-0.37924883	0.35258737	0.3634046	-0.3520034	-0.33939633	-0.36472103	0.32100767	0.38587403	0.38683245	-0.37949985	0.39843336	-0.41004863	0.37129745	0.32932428	0.4127387
-0.6840932	0.8690007	-0.82840127	-0.8712317	0.8784692	0.84698546	0.8206451	-0.81620634	-0.976036	-0.86341965	0.8739193	-0.88826376	0.89860487	-0.79326075	-0.8695113	-0.86248726
-0.52833784	0.66772735	-0.6295938	-0.6605693	0.67662543	0.59564847	0.684973	-0.70169026	-0.7081269	-0.63753223	0.72720903	-0.67256653	0.67348474	-0.638658	-0.6511463	-0.6783944
0.41875672	-0.44284776	0.4220925	0.44991523	-0.46568406	-0.43035555	-0.42575398	0.41697723	0.4695978	0.3740782	-0.43616802	0.42839113	-0.4172329	0.44677594	0.43268752	0.45986205
0.7056044	-0.79392314	0.8196356	0.7915693	-0.79582787	-0.79393584	-0.78007865	0.79595774	0.8684561	0.7537253	-0.78489834	0.8419563	-0.73844403	0.7466731	0.71677303	0.7902129
-0.3295377	0.3050251	-0.39332914	-0.34238535	0.38799894	0.33707264	0.33673355	-0.3787785	-0.35341707	-0.379435	0.38688347	-0.33235666	0.37242037	-0.35167617	-0.3591484	-0.3235815
-0.46049985	0.7467188	-0.81972605	-0.76928407	0.8250995	0.6373319	0.6813441	-0.7429983	-0.8548651	-0.7398277	0.82342464	-0.81975573	0.73637676	-0.7166549	-0.73761207	-0.86663216
0.070713006	-0.038886584	-0.00040694684	0.040080775	-0.023365041	-0.0096393945	-0.09764973	0.054778602	0.054967325	0.073493496	-0.042228766	0.02299582	-0.011663601	0.002363008	0.08450564	0.09961369
0.104825534	-0.15791279	0.08423319	0.21208957	-0.13679115	-0.10825941	-0.12344433	0.15374829	0.1498583	0.12309907	-0.13527432	0.1336571	-0.13215443	0.122448415	0.19404775	0.16810384
0.8868894	-0.92982024	0.90265685	0.8784017	-0.88861716	-0.9505737	-0.87722164	0.90784866	0.9607536	0.94502455	-0.91484404	0.94191784	-0.91677654	0.8849857	0.93513465	0.89517486
-0.5850782	0.6691643	-0.64007163	-0.607503	0.6286988	0.62173396	0.6670153	-0.64096636	-0.6714245	-0.59020805	0.62329257	-0.70434976	0.64345294	-0.6665801	-0.6582327	-0.6853725
0.13830434	-0.15475321	0.1497619	0.14155576	-0.19775285	-0.11244271	-0.12192085	0.16276008	0.14282393	0.10753697	-0.120577514	0.18411489	-0.10893919	0.16265729	0.0905085	0.17751946
0.5924278	-0.6230621	0.56312555	0.53820413	-0.5805939	-0.6032712	-0.5964867	0.54417557	0.6316946	0.5491239	-0.602656	0.6362448	-0.6156032	0.54050905	0.6081902	0.62786406
-1.0134236	1.018542	-1.1299592	-1.0126425	1.0682708	1.0359831	1.042336	-1.0508989	-1.1334877	-1.0328027	1.0648509	-1.1055615	1.0674942	-1.0202459	-1.0088376	-1.126539
-0.2674714	0.21238261	-0.26260287	-0.2476163	0.24191074	0.27386868	0.20169894	-0.21195196	-0.2400226	-0.20765041	0.18901111	-0.2142582	0.24819067	-0.26066175	-0.26714984	-0.2615187
0.27136907	-0.31837916	0.30067196	0.33352765	-0.3670439	-0.32280627	-0.34413975	0.27921826	0.39064172	0.34632796	-0.32836625	0.3332876	-0.33138466	0.36234972	0.29508483	0.3364365
0.13214847	-0.14044839	0.11865201	0.13804018	-0.17211536	-0.12640443	-0.10806854	0.15116414	0.16900644	0.1257195	-0.13697208	0.12889995	-0.1220115	0.0862246	0.09270075	0.1488128
0.19435465	-0.1612827	0.2494839	0.23930159	-0.21896188	-0.18377702	-0.18637265	0.23865627	0.17829752	0.16853805	-0.20928435	0.25007436	-0.16538492	0.17302488	0.15156114	0.24247798
0.45260617	-0.4505524	0.5200734	0.51837265	-0.4575714	-0.47906166	-0.45757797	0.4387321	0.4521821	0.42998728	-0.5022403	0.51233417	-0.4649922	0.48339766	0.49292153	0.4533192
-0.55644184	0.4916359	-0.6676331	-0.49400052	0.520606	0.59854174	0.52800906	-0.5000251	-0.51621985	-0.5120072	0.49650028	-0.5465871	0.5534726	-0.59945875	-0.53189296	-0.5612838
-0.53356534	0.59892863	-0.5615957	-0.52584726	0.5361651	0.62436044	0.55401224	-0.5556579	-0.6100557	-0.6046666	0.5422392	-0.5180279	0.5762025	-0.6182845	-0.5897372	-0.567962
-0.50962615	0.4896527	-0.5521838	-0.5417198	0.54140574	0.5063935	0.48277435	-0.56040084	-0.55004174	-0.51452243	0.47030106	-0.525623	0.5278514	-0.5365797	-0.5429572	-0.50911057
-0.8093168	0.7689104	-0.8498647	-0.74303305	0.81164354	0.84585375	0.8249056	-0.823197	-0.80430716	-0.79619414	0.7943983	-0.80250174	0.7583048	-0.8207566	-0.74721736	-0.8510125
-1.2397419	1.2677209	-1.3319911	-1.3001351	1.3597013	1.3016554	1.334946	-1.3321174	-1.3279169	-1.2998645	1.3050143	-1.2923502	1.2740387	-1.2702571	-1.2793083	-1.29843
-0.06287358	0.052400526	-0.10349296	-0.12114552	0.047854155	0.041006137	0.03594939	-0.0946814	-0.113698244	-0.04564108	0.12443738	-0.06821057	0.061712652	-0.09109422	-0.10143846	-0.09532785
-0.66616386	0.66486996	-0.6890332	-0.6624662	0.64420134	0.7067346	0.61297584	-0.70253587	-0.6910148	-0.62227345	0.61906	-0.62270343	0.61039436	-0.71358764	-0.69377595	-0.64142287
-0.073676676	0.06890684	-0.059867002	-0.08602457	0.08266245	0.08607039	0.12538883	-0.078664266	-0.05632848	-0.08567568	0.11158933	-0.04890639	0.114456706	-0.11578212	-0.07258682	-0.08708705
0.38497698	-0.31032395	0.28709617	0.3547532	-0.28690276	-0.33121976	-0.34681875	0.3225376	0.30531463	0.36212286	-0.3528838	0.32235867	-0.31107438	0.30420804	0.3251108	0.29418537
-0.10695998	0.22879079	-0.10670116	-0.22256568	0.18360072	0.11074066	0.13630003	-0.15951107	-0.15170656	-0.18548363	0.1767007	-0.201618	0.18050854	-0.1676188	-0.12750693	-0.21166304
0.7476771	-0.8264181	0.8627947	0.8428425	-0.8580213	-0.77177995	-0.8112895	0.80783296	0.8234537	0.8304069	-0.85761565	0.8017998	-0.77487713	0.8045338	0.8045335	0.84377915
-0.36123455	0.4556644	-0.4204138	-0.43933216	0.42905104	0.42181596	0.4072174	-0.4033626	-0.47180972	-0.43727976	0.40489355	-0.47128454	0.44884717	-0.46972695	-0.4017229	-0.39937475
0.076965146	-0.040689502	0.01909452	0.003955555	-0.022365225	-0.07916561	-0.08066179	0.07493325	0.07735177	0.02497743	-0.07952364	0.008355786	-0.058721572	0.06010548	0.09078778	0.025221825
-0.8467024	0.7873437	-0.89530265	-0.85996705	0.8307048	0.83540535	0.867915	-0.83351934	-0.9009798	-0.86820906	0.8212077	-0.82529336	0.8259531	-0.85608387	-0.8384391	-0.83476603
0.47161442	-0.54655904	0.5630184	0.48196304	-0.56743795	-0.4908401	-0.49936527	0.4954584	0.55320734	0.53477377	-0.5148226	0.5567766	-0.47269848	0.5668659	0.45882723	0.58689183
-0.085159294	0.09943203	-0.13298701	-0.11433832	0.11553142	0.06747811	0.08470521	-0.08202698	-0.15915464	-0.07398326	0.12945238	-0.056767087	0.05425098	-0.14823227	-0.068085834	-0.06901837
0.1392394	-0.16581781	0.16192573	0.22589102	-0.21083117	-0.19665554	-0.14727993	0.1827222	0.19997706	0.21899015	-0.23500991	0.23661378	-0.17755766	0.12425095	0.13098125	0.21527562
-0.39446643	0.5895618	-0.60129964	-0.6560938	0.67251575	0.505303	0.5920902	-0.6279476	-0.64550394	-0.6157983	0.65674365	-0.68625	0.595815	-0.59872985	-0.6391585	-0.72257817
-0.54058063	0.7848186	-0.70332724	-0.75660163	0.8329778	0.72744554	0.6708712	-0.83374274	-0.87055665	-0.7763134	0.81173575	-0.8249408	0.7972224	-0.682365	-0.7242168	-0.7772076
0.6325751	-0.6150399	0.56555045	0.5931716	-0.6209455	-0.64196414	-0.59672153	0.5553846	0.58756703	0.5469686	-0.5986667	0.57862264	-0.6150582	0.571274	0.6032965	0.6211994
0.22325653	-0.24100602	0.15436746	0.25744584	-0.2813664	-0.1982436	-0.23127107	0.24358152	0.29860145	0.25784257	-0.2867655	0.2234339	-0.22905156	0.23846741	0.27899987	0.20215116
0.92656	-1.0061572	1.0182755	1.0133727	-0.98259515	-0.94213665	-0.9947986	0.9231262	1.062044	0.9755839	-1.0097053	1.036069	-0.9996533	0.9641664	0.93622255	0.98635
0.16996688	-0.22324634	0.19782537	0.19848037	-0.20059513	-0.13281652	-0.17881648	0.16617787	0.15309417	0.12971684	-0.13219675	0.15765302	-0.10212959	0.12697561	0.12079238	0.17926991
-0.24750313	0.31663677	-0.289258	-0.32565132	0.3350397	0.266974	0.28522903	-0.34854907	-0.29972357	-0.24688798	0.29945433	-0.3049353	0.3223308	-0.3105081	-0.25167507	-0.25796202
-0.82563335	0.88315105	-0.9229621	-0.8764971	0.9631509	0.9184475	0.9328022	-0.88936055	-0.9796915	-0.9304076	0.8779013	-0.92598766	0.9162192	-0.8615736	-0.9145812	-0.9528978
-0.83640033	0.885206	-0.868268	-0.90509325	0.9337861	0.91544306	0.9269958	-0.9402261	-0.9922146	-0.92343193	0.9495925	-0.9395875	0.94434816	-0.93736297	-0.9061654	-0.9937814
-0.26666883	0.2892432	-0.3576283	-0.30628875	0.29452276	0.29621965	0.2348195	-0.34989825	-0.326444	-0.32332915	0.29514807	-0.310165	0.30660465	-0.2798633	-0.29163688	-0.32417184
-0.36150512	0.39247617	-0.4259792	-0.44848117	0.3777198	0.39668927	0.36198577	-0.42939603	-0.46818954	-0.3974103	0.44822305	-0.3594906	0.37979954	-0.43547198	-0.4297805	-0.37605178
-0.31853643	0.27270734	-0.30354995	-0.25975242	0.32779464	0.26032996	0.24840912	-0.31348017	-0.31022784	-0.27840608	0.31035823	-0.29104117	0.26711398	-0.33792084	-0.33456632	-0.3259622
0.26290464	-0.23416634	0.22414564	0.23785801	-0.28528327	-0.19584014	-0.2210194	0.2280799	0.25698692	0.2533834	-0.27378148	0.2677974	-0.21432307	0.2632397	0.23599209	0.2607289
-0.14443213	0.1904168	-0.16600645	-0.16904867	0.22197892	0.16271387	0.14462095	-0.12817508	-0.16868344	-0.14054248	0.14224	-0.1562617	0.13140129	-0.21337119	-0.19127925	-0.14696492
-0.6264281	0.73928887	-0.72957987	-0.74276185	0.79610497	0.6938969	0.72648686	-0.78817433	-0.81522983	-0.72789246	0.82500756	-0.7964214	0.8013995	-0.784849	-0.7342475	-0.78942174
-0.70741826	0.8332496	-0.8259337	-0.82227397	0.826071	0.8158443	0.7735918	-0.7876166	-0.8515177	-0.83781075	0.8227349	-0.8095444	0.82008934	-0.81985736	-0.7733554	-0.84643865
0.5997657	-0.62670434	0.63119143	0.58406824	-0.58603984	-0.5898757	-0.6024049	0.62879235	0.6281073	0.6151653	-0.54876506	0.56311625	-0.58928186	0.60527974	0.58360064	0.5970664
-0.17641735	0.16197677	-0.1906018	-0.19644396	0.2533598	0.2092697	0.19655648	-0.19449858	-0.20148623	-0.25269908	0.20899685	-0.23284987	0.25171247	-0.18618791	-0.17220648	-0.2231588
-0.39121935	0.46202615	-0.39375466	-0.4200119	0.4325382	0.4162173	0.40500075	-0.40272096	-0.48428085	-0.47468746	0.44161093	-0.470993	0.3804792	-0.4046599	-0.4303341	-0.46544832
-0.21034501	0.29679528	-0.28960332	-0.21404052	0.2453544	0.24623975	0.28147292	-0.21919471	-0.3148928	-0.28944367	0.27427277	-0.26803964	0.23166265	-0.24284849	-0.21413916	-0.2923638
-0.11225662	0.049173575	-0.11011585	-0.0894251	0.053939965	0.06317057	0.12414604	-0.06795705	-0.075701006	-0.10621322	0.03307119	-0.050321046	0.058846172	-0.02999006	-0.039168634	-0.057175566
-0.0550234	0.086507685	-0.08072409	-0.104427695	0.1270759	0.063832745	0.06356166	-0.09979429	-0.14407054	-0.15838163	0.12784374	-0.09824301	0.0660548	-0.064531974	-0.101259574	-0.111527085
0.60577345	-0.7067307	0.67611444	0.6567341	-0.7040077	-0.61214745	-0.6620754	0.6475394	0.652048	0.70174474	-0.715513	0.6281059	-0.6490175	0.6183079	0.6527142	0.66881365
0.2268617	-0.20383643	0.19831152	0.16059399	-0.1496928	-0.15654725	-0.1747194	0.13005693	0.20777522	0.20251797	-0.20429417	0.22574195	-0.16768458	0.23146228	0.16180915	0.17347218
0.4705299	-0.49522686	0.5418635	0.5042503	-0.5150536	-0.48803988	-0.45769766	0.44058418	0.5407204	0.4658736	-0.46255594	0.45239562	-0.5115736	0.46800664	0.4700542	0.53161836
-0.4387026	0.42698377	-0.42521378	-0.42849848	0.4226385	0.46538252	0.4507446	-0.4078065	-0.3784023	-0.3830732	0.42588812	-0.38854772	0.448771	-0.4504003	-0.39219874	-0.3855007
0.844054	-0.88379353	0.8725514	0.8920225	-0.9441154	-0.8690685	-0.9077312	0.8615199	1.0189064	0.87139773	-0.97243124	0.9791694	-0.8639749	0.94309175	0.9516642	0.9195344
-0.7126426	0.7999426	-0.7037903	-0.71494704	0.7850178	0.69299686	0.75755006	-0.73015535	-0.7650494	-0.7402839	0.7112649	-0.74430215	0.7790584	-0.7165334	-0.74162376	-0.79994315
-0.44128475	0.43565148	-0.42082095	-0.43748116	0.47701254	0.47656265	0.504358	-0.39952195	-0.44554773	-0.42874354	0.4175126	-0.43124175	0.49169606	-0.4755905	-0.4564653	-0.51726025
0.04690403	-0.014788214	0.13409895	0.060620338	-0.061130714	-0.09036828	-0.04231502	0.10823874	0.08790089	0.046124782	-0.08674465	0.08717757	-0.06629043	0.07724547	0.04439283	0.09708841
0.4639175	-0.48328698	0.44217515	0.46660867	-0.44467658	-0.43205205	-0.46828225	0.42662266	0.4372621	0.5115812	-0.4555389	0.4816488	-0.41321027	0.43968454	0.44792196	0.5138942
0.07869013	-0.09053104	0.010930687	0.03102796	-0.12319191	-0.019374121	-0.070306934	0.080134146	0.12772591	0.054174002	-0.060447145	0.108909436	-0.053142168	0.043556258	0.10667286	0.119861946
-0.26917437	0.20566015	-0.21674433	-0.17449939	0.18665282	0.21419592	0.21390417	-0.2244657	-0.15840189	-0.17728367	0.2147393	-0.19807848	0.23681098	-0.2576529	-0.21187636	-0.22036216
-0.31492364	0.35449085	-0.3059011	-0.37265223	0.3778604	0.35468578	0.3003851	-0.29688838	-0.36853456	-0.36516532	0.36223647	-0.3324713	0.3443614	-0.3412724	-0.30866453	-0.35175514
0.2792933	-0.3672371	0.35649174	0.33960718	-0.36280966	-0.30617437	-0.3689555	0.30022725	0.37528574	0.33476365	-0.32221562	0.30726177	-0.2983917	0.29888052	0.28684026	0.33318746
0.3551679	-0.3384685	0.42159384	0.3775714	-0.42774528	-0.40321904	-0.41396046	0.34646323	0.4444753	0.3418983	-0.3536996	0.42978308	-0.3406706	0.36306697	0.36753044	0.42569044
0.5560857	-0.53062415	0.53853273	0.5320194	-0.5737611	-0.49881017	-0.50095356	0.46871537	0.6044334	0.5587651	-0.54039	0.49989143	-0.5184452	0.49350485	0.50576013	0.4995813
-0.094803765	0.034147028	-0.1486986	-0.100029126	0.10213557	0.1500687	0.051343463	-0.089874305	-0.119018845	-0.044363804	0.09294364	-0.08133579	0.1161792	-0.14162536	-0.116747305	-0.12701271
0.5196442	-0.48157677	0.4467845	0.46797258	-0.52356416	-0.46976605	-0.50477904	0.41028258	0.47160077	0.49351126	-0.47012845	0.46830615	-0.42511332	0.47804493	0.45767474	0.44263327
0.2312609	-0.21292365	0.17586605	0.14868964	-0.17136045	-0.15972857	-0.20780192	0.16939509	0.13420895	0.19403616	-0.14837928	0.19073519	-0.16591083	0.1503619	0.17209092	0.20249744
0.30715987	-0.29463354	0.33537638	0.3988889	-0.30804294	-0.39819345	-0.35456425	0.3220038	0.41424185	0.36118138	-0.32109603	0.31951365	-0.31755444	0.3093545	0.35671982	0.39610776
0.9218158	-1.0244532	0.9546212	0.9787039	-0.9851857	-0.9796398	-1.0422553	1.0103357	1.1113572	1.0055462	-0.99814045	1.068511	-1.038341	0.9745102	1.0029927	1.0204498
-0.60371953	0.5431733	-0.6080161	-0.59220296	0.59396994	0.5915818	0.563911	-0.6217784	-0.5720356	-0.5465104	0.63763416	-0.63331723	0.53654605	-0.546373	-0.63983583	-0.6211337
-0.3449851	0.35013244	-0.39057297	-0.3938741	0.36674467	0.35819373	0.37118086	-0.30072457	-0.36284554	-0.33456162	0.3524217	-0.4122921	0.37405044	-0.37126395	-0.34465402	-0.35754248
0.075440735	-0.031804793	0.012304203	-0.021422252	-0.046767373	-0.08013301	-0.08055731	0.062548116	0.044959012	0.0135753555	-0.034805134	-0.008253322	-0.07671328	0.004459399	0.06826479	0.011769942
-0.62975436	0.7652039	-0.7487003	-0.82745844	0.7872101	0.74823314	0.7425553	-0.7442055	-0.8432536	-0.8018269	0.7879448	-0.75337654	0.814859	-0.71560633	-0.70036614	-0.8047142
0.02029774	-0.073455155	0.038015515	0.020067275	-0.046730775	-0.013810221	-0.042805742	0.028717374	0.029191148	0.027124604	-0.04063028	0.01015221	-0.07777296	0.07018792	0.039336294	0.06637755
-0.5254937	0.71620303	-0.70138085	-0.7099102	0.7756981	0.6460314	0.6645443	-0.74025315	-0.80827004	-0.7137212	0.71967536	-0.77569133	0.75751543	-0.73294705	-0.69914395	-0.7704558
0.68748754	-0.72905266	0.7000749	0.6650538	-0.69837594	-0.7533374	-0.6960577	0.66976714	0.7834921	0.6663893	-0.7262363	0.7704369	-0.699457	0.70541453	0.73112166	0.7759698
0.14853048	-0.11878201	0.070319116	0.08848321	-0.1260228	-0.07951107	-0.15645665	0.06770559	0.110065125	0.13155432	-0.14042616	0.1544233	-0.15675747	0.09002539	0.17279099	0.14233008
0.26380536	-0.2627077	0.26319337	0.24668889	-0.27151185	-0.2511006	-0.23704314	0.20297772	0.19389969	0.23227838	-0.1921314	0.20377682	-0.24802238	0.20994443	0.2258948	0.22200233
0.6295877	-0.70913774	0.68978125	0.7203385	-0.7478412	-0.7369214	-0.6858353	0.64509314	0.79573816	0.74243647	-0.74487007	0.76471865	-0.67937505	0.6884749	0.72038734	0.7714387
0.030872425	-0.09014139	0.01896126	0.029617617	-0.0003299791	-0.047779292	-0.03581399	0.03201384	0.08823489	0.030443983	-0.07497206	0.031575795	-0.02363895	0.038309675	0.04770858	0.0070193796
0.50038105	-0.43087858	0.57297367	0.43957353	-0.44654712	-0.4712591	-0.4762631	0.504384	0.51772004	0.46514744	-0.4494535	0.43878648	-0.49516457	0.43882397	0.5278525	0.5002925
0.27152228	-0.35420278	0.38661352	0.3053036	-0.32493833	-0.32494196	-0.30489227	0.31403315	0.33862892	0.38180682	-0.29537943	0.3040213	-0.3206567	0.29052615	0.32221875	0.31671083
-0.36869818	0.37054223	-0.4264499	-0.35772225	0.35858437	0.38108796	0.34403002	-0.40528864	-0.32974243	-0.38137668	0.296447	-0.33644074	0.33934614	-0.36982924	-0.3247363	-0.34926167
0.3172355	-0.35057235	0.34396327	0.33272958	-0.35617748	-0.2839912	-0.33457544	0.34656164	0.3571874	0.29439828	-0.35606107	0.34603313	-0.27933502	0.28563964	0.30021906	0.29901809
0.43204173	-0.42857826	0.44579765	0.44189522	-0.42345732	-0.40067816	-0.38658145	0.3546943	0.35154292	0.37407783	-0.40914336	0.4224532	-0.39150202	0.35730332	0.35609165	0.43244958
-0.34356198	0.33698857	-0.38104093	-0.35357547	0.36168846	0.35508195	0.38940454	-0.3593689	-0.39492774	-0.3307873	0.37791234	-0.413525	0.40350604	-0.3373289	-0.34310833	-0.40782166
0.4501619	-0.45176515	0.45602044	0.40880564	-0.42104393	-0.5047293	-0.4499352	0.38513702	0.45346424	0.4142118	-0.46711484	0.46741408	-0.41044757	0.478242	0.50118434	0.41906485
0.40391538	-0.39432573	0.39814144	0.32781774	-0.3944071	-0.35782436	-0.40463313	0.2656223	0.4161034	0.3479611	-0.3381922	0.36583123	-0.37186253	0.39234933	0.36761048	0.44916576
-0.21088621	0.2320553	-0.2158215	-0.26130822	0.24469171	0.27270567	0.2721367	-0.20364788	-0.22759397	-0.22848251	0.2426227	-0.194185	0.19943592	-0.25612685	-0.26222327	-0.24025741
0.7863284	-0.89281493	0.8622224	0.89483374	-0.8735692	-0.8449977	-0.8438407	0.7993928	0.9463494	0.89474154	-0.9128634	0.84641445	-0.83771616	0.84045	0.79745644	0.90304995
-1.0323262	1.0196784	-1.0695841	-1.0366234	1.0394003	1.0835526	1.0838071	-1.0600924	-1.1277263	-1.0366266	1.098067	-1.1262813	1.0648941	-1.0177885	-1.038472	-1.1016738
-0.25636244	0.30712306	-0.210134	-0.26787975	0.22412498	0.2813636	0.29029772	-0.26121742	-0.29739892	-0.22063482	0.30076906	-0.28655702	0.31299368	-0.22064917	-0.25121278	-0.28140652
0.32969794	-0.37720618	0.2989725	0.4030021	-0.3901727	-0.4267907	-0.34325427	0.3625752	0.45042896	0.38969684	-0.40324658	0.40556425	-0.36336723	0.42607582	0.42538816	0.36084136
-1.095511	1.1350138	-1.1610053	-1.1138295	1.1311426	1.1543031	1.1060922	-1.1426938	-1.2038945	-1.0777738	1.1648766	-1.1603684	1.1085745	-1.0910985	-1.0923573	-1.1851722
-0.63971233	0.67360485	-0.72653395	-0.6867558	0.69475055	0.7114958	0.70434594	-0.74634564	-0.75245005	-0.7214458	0.67275697	-0.7141558	0.71553135	-0.71186024	-0.72638524	-0.74950033
-0.00816568	-0.0025287082	-0.021290343	0.016241632	0.0054368847	-0.06069312	-0.0027689603	-0.031318694	-0.058953285	-0.0027174552	-0.0031227772	0.03729615	-0.010150124	-0.031757217	0.024657534	-0.04936048
0.3457543	-0.31033015	0.31175604	0.3148832	-0.30056274	-0.3526538	-0.31503212	0.3565733	0.32466823	0.37045574	-0.37218085	0.3477804	-0.31187257	0.31207278	0.30430382	0.35729763
-0.011760519	0.060262505	-0.11503029	-0.0315122	0.09080976	0.046050925	0.06743825	-0.03235256	-0.03713153	-0.08877768	0.04291703	-0.047891412	0.029436434	-0.05656488	-0.0679129	-0.112944946
0.5694201	-0.62184834	0.57917595	0.64724606	-0.70412695	-0.6232179	-0.6244501	0.67535263	0.663128	0.6168253	-0.68067384	0.66386265	-0.6773624	0.64266664	0.60285926	0.6359164
-0.5218323	0.55087715	-0.5393291	-0.5131531	0.5279435	0.55022556	0.49725354	-0.4690282	-0.5621942	-0.55026644	0.5425446	-0.50804454	0.5344181	-0.5227178	-0.5372657	-0.5792949
-0.45641387	0.4659705	-0.51711625	-0.47656226	0.48886827	0.5176141	0.43741047	-0.52997947	-0.53393275	-0.4835618	0.5336957	-0.5021936	0.5066572	-0.48751763	-0.48146296	-0.49479932
-0.22797932	0.14676882	-0.27245918	-0.15597887	0.15119559	0.14612415	0.16116591	-0.2284278	-0.17039846	-0.1596439	0.14967677	-0.12992798	0.19627483	-0.21965873	-0.16701944	-0.16410783
0.6742999	-0.71124816	0.7201063	0.6760676	-0.7192149	-0.74264634	-0.7017492	0.6560481	0.78488815	0.7330387	-0.7084418	0.7094109	-0.72297174	0.7090565	0.75351995	0.7906016
0.6319565	-0.68390596	0.6617107	0.7569655	-0.726339	-0.7360993	-0.6872497	0.7166606	0.79311043	0.7587353	-0.7523175	0.7715237	-0.75322884	0.7288139	0.6857166	0.7349885
-0.053384125	0.11154838	-0.06312599	-0.1276999	0.036499303	0.06726359	0.08302094	-0.06525094	-0.048573658	-0.06294492	0.06627936	-0.109970465	0.057890724	-0.054523744	-0.04409444	-0.06763104
0.20793474	-0.3054324	0.23025641	0.23750152	-0.32390723	-0.22218636	-0.27797392	0.23971155	0.2869098	0.26808813	-0.32003826	0.27649143	-0.21986455	0.29165614	0.30117255	0.32267642
0.64733285	-0.7423678	0.7114322	0.67759156	-0.6859639	-0.75238603	-0.739866	0.715426	0.7550182	0.68010765	-0.73437744	0.778638	-0.65730417	0.7639114	0.7253947	0.786314
0.62616163	-0.5782402	0.65708023	0.54945153	-0.59002835	-0.5976174	-0.60354096	0.57169354	0.6574446	0.6142461	-0.55451334	0.5994826	-0.5399751	0.6090919	0.57035697	0.5857445
-0.7658273	0.86572516	-0.84662014	-0.8014117	0.88906705	0.7824941	0.79156536	-0.8181381	-0.8550946	-0.8067318	0.8674873	-0.89309555	0.79485697	-0.83139837	-0.8565798	-0.86131346
-0.23454313	0.28244054	-0.31725422	-0.3370493	0.3159061	0.2395478	0.23746276	-0.29442212	-0.3768995	-0.3166835	0.2630905	-0.35676005	0.32874364	-0.3005823	-0.28061453	-0.3181212
-0.4245142	0.34841546	-0.43021864	-0.4374538	0.40496638	0.39530277	0.3745744	-0.3926484	-0.41300756	-0.36905777	0.41304457	-0.363572	0.364944	-0.42157912	-0.44283995	-0.3993951
-0.0625106	0.028786177	-0.110915504	-0.08770736	0.10589444	0.0909396	0.032280393	-0.082903	-0.10330245	-0.11055161	0.07503032	-0.09900465	0.049636196	-0.113607034	-0.036347337	-0.06140243
0.61553687	-0.6734751	0.68827665	0.7117961	-0.6839336	-0.6879499	-0.6975269	0.6338401	0.67525816	0.6286417	-0.6479089	0.6493526	-0.6591354	0.6729352	0.6592738	0.73670906
-0.29092968	0.34202132	-0.30947816	-0.3110941	0.33971688	0.24797304	0.28095743	-0.31395388	-0.2670686	-0.33689293	0.29232353	-0.32596168	0.33255428	-0.25169653	-0.30108756	-0.34070408
0.7369611	-0.69342613	0.76215285	0.6836867	-0.75242615	-0.7566009	-0.76455444	0.641292	0.8343049	0.76877964	-0.7287907	0.7140628	-0.733114	0.7000068	0.7505998	0.81731296
-0.14623536	0.22326297	-0.19973597	-0.2150135	0.2276358	0.208614	0.21713784	-0.23021738	-0.1980053	-0.2039785	0.16417947	-0.17607908	0.14649832	-0.18654963	-0.17864546	-0.21315728
0.40860814	-0.4447722	0.38183185	0.40048862	-0.43479007	-0.45171228	-0.4384164	0.41447458	0.435764	0.45059326	-0.3771891	0.4413492	-0.39324504	0.3905859	0.41450277	0.40937805
-0.32453543	0.2897298	-0.29357943	-0.27399793	0.27062547	0.32094058	0.32759145	-0.3007438	-0.2649841	-0.3368718	0.33335146	-0.32989925	0.26874748	-0.2696643	-0.2959434	-0.33724314
-0.8874172	0.9753146	-0.98916703	-0.9033601	1.0078194	0.97763866	0.93827033	-0.90375483	-0.98178625	-0.98218596	0.9887294	-0.961764	0.9894188	-0.9240861	-0.8986917	-0.9652463
-0.4121649	0.38717523	-0.4987177	-0.44552472	0.46795967	0.48640153	0.46679053	-0.47560242	-0.41004694	-0.40013412	0.44954264	-0.4167096	0.40897033	-0.46234748	-0.4110897	-0.410125
0.75271267	-0.81896496	0.7763764	0.8415641	-0.81448156	-0.7889379	-0.78996354	0.76792324	0.8632826	0.81707937	-0.8631532	0.81104153	-0.8109505	0.83001524	0.8286102	0.8415335
-0.12389309	0.17334026	-0.25024128	-0.13870826	0.16303259	0.18057555	0.14866084	-0.18065721	-0.1666896	-0.17806734	0.10394412	-0.17894909	0.14575572	-0.1457322	-0.1517967	-0.19518979
0.55301774	-0.5278718	0.56444883	0.5498342	-0.52932286	-0.56434447	-0.5246485	0.5332152	0.5468934	0.56887144	-0.5805599	0.49889806	-0.5564468	0.5666312	0.52959996	0.59956706
0.38120311	-0.407262	0.4035275	0.39671728	-0.3364318	-0.37222013	-0.39869043	0.37002504	0.39790988	0.32894397	-0.36203405	0.3528516	-0.2993053	0.35267752	0.37547544	0.4011705
-0.7995943	0.87248003	-0.87418425	-0.8575856	0.89059174	0.8261286	0.8334948	-0.8221017	-0.9438768	-0.8532761	0.8291856	-0.8398452	0.8729908	-0.8057958	-0.8334264	-0.9162017
0.9213452	-0.96187294	0.9525489	0.95813864	-0.9388655	-0.9605021	-0.9460381	0.9089876	1.0329847	0.91689104	-0.9842315	0.97371227	-0.9142503	0.92604035	0.9235599	0.99314356
-0.64705205	0.59419465	-0.6504984	-0.596229	0.6326206	0.6765454	0.66357875	-0.58601844	-0.73123276	-0.67353183	0.6360766	-0.6841102	0.6790012	-0.6628336	-0.61412865	-0.67281425
0.902694	-0.9708756	1.004317	0.9824553	-0.9830571	-0.9699445	-0.9739611	0.9236782	1.0089861	1.0025258	-0.9713007	0.95381117	-0.90509754	0.9896396	0.9793607	1.0076932
0.53294766	-0.5318703	0.49345255	0.51990384	-0.49719512	-0.5408668	-0.4683045	0.4997848	0.59465694	0.47202396	-0.5171824	0.56324524	-0.507257	0.506946	0.49817133	0.5630856
0.079306446	-0.15815705	0.104839094	0.11277808	-0.121670805	-0.09187228	-0.14291905	0.16517524	0.17973922	0.1629788	-0.16523981	0.14638951	-0.12751502	0.14251103	0.12543488	0.08518673
-0.18293521	0.16630346	-0.21832924	-0.12650043	0.13266404	0.13660218	0.17810681	-0.16487354	-0.19103092	-0.19115798	0.17506362	-0.19807371	0.13455375	-0.15057392	-0.15966733	-0.17456438
0.19089821	-0.20908533	0.21044698	0.25197318	-0.2244999	-0.22438778	-0.25352785	0.25545016	0.22293814	0.25812152	-0.18130325	0.20679176	-0.22500782	0.21515402	0.22148591	0.2315124
0.7774168	-0.74693596	0.804141	0.78183985	-0.82126194	-0.7940415	-0.7428025	0.77963495	0.75716716	0.72947115	-0.7270461	0.81043357	-0.74132067	0.81849086	0.7242557	0.7652266
-1.0327479	1.0774268	-1.0935664	-1.0810245	1.07044	1.0754415	1.0695828	-1.0170387	-1.0538946	-1.0745986	1.0291573	-1.0541195	1.0601261	-1.0300052	-1.0632505	-1.063519
-0.7359821	0.6832801	-0.7231198	-0.70611453	0.76383775	0.6945039	0.7060745	-0.68563884	-0.75443476	-0.75826025	0.7426656	-0.6805734	0.7314921	-0.69957393	-0.7531997	-0.70597994
-0.30490446	0.35215342	-0.43239674	-0.31094715	0.38704896	0.34170416	0.3272049	-0.367502	-0.3929357	-0.34963492	0.30934364	-0.35499108	0.34380895	-0.38128296	-0.34535557	-0.3903787
-0.12161521	0.10899101	-0.17015658	-0.17711282	0.15688516	0.15787573	0.18555689	-0.18924099	-0.17807351	-0.19040193	0.09865346	-0.11549854	0.18736184	-0.15212509	-0.12586188	-0.12787873
0.81353146	-0.8369391	0.76858974	0.8222422	-0.7966704	-0.8010869	-0.85920393	0.79293793	0.83486086	0.77980256	-0.8491527	0.81394196	-0.8369925	0.85300136	0.85827374	0.8566861
0.11852038	-0.13002102	0.04399693	0.11192744	-0.11508601	-0.11878078	-0.11525533	0.101091996	0.11124276	0.093504325	-0.13405418	0.05738636	-0.11074647	0.12585446	0.13968754	0.08185611
0.30335078	-0.4066809	0.31446463	0.4188576	-0.34045574	-0.33241674	-0.35271135	0.40126675	0.31314316	0.33057606	-0.39964345	0.3754821	-0.395478	0.29920414	0.3740596	0.3566031
0.5295112	-0.53060704	0.56540745	0.5435913	-0.5757302	-0.5987181	-0.53339124	0.5423909	0.578387	0.5507928	-0.5815099	0.5764396	-0.6026302	0.5293021	0.52996397	0.6314533
0.75549215	-0.7390948	0.77231216	0.74046147	-0.732213	-0.7351606	-0.806488	0.7035272	0.7867657	0.7492978	-0.7532163	0.7495298	-0.712186	0.72112834	0.71440494	0.75597364
0.7569356	-0.8043067	0.78730017	0.8792924	-0.8232231	-0.8274182	-0.79665756	0.84511083	0.8706079	0.822278	-0.8830812	0.86179364	-0.7904531	0.8178002	0.85113853	0.875375
0.0016376401	0.039643165	0.014239693	0.036021348	-0.045825254	0.02663061	-0.0013995637	-0.019527541	-0.016674716	0.04095405	-0.049623013	0.0293127	-0.01714006	-0.020726426	-0.023883315	0.058887284
-0.08153022	0.086938865	-0.10929339	-0.111845516	0.12270442	0.14361687	0.123332426	-0.11772924	-0.11870681	-0.12714072	0.06702552	-0.09410068	0.07353492	-0.06258372	-0.09640535	-0.14488901
-0.0841855	0.109556146	-0.05383578	-0.11508019	0.09431726	0.09283338	0.14040793	-0.06569692	-0.12450145	-0.14406669	0.13772495	-0.091381796	0.0954937	-0.1277089	-0.06877425	-0.11337485
0.82256675	-0.7285673	0.8641351	0.7941719	-0.808913	-0.82960784	-0.83716714	0.7804608	0.8595716	0.7600108	-0.8040057	0.8152878	-0.7084037	0.75307643	0.7496104	0.78522664
-0.38023365	0.4811748	-0.45711675	-0.49860528	0.45459	0.4595951	0.44602537	-0.45849356	-0.56552047	-0.44814384	0.49552652	-0.4853053	0.5258679	-0.45789638	-0.46103558	-0.49497092
0.0538353	-0.0044842823	0.07099344	0.029661374	-0.025840737	0.055728763	0.025147388	-0.047057647	0.029257217	-0.043299563	-0.0045501064	-0.0032576092	0.0096822195	-0.03074272	-0.012362201	-0.045043766
0.69459826	-0.8112978	0.8325518	0.7494426	-0.8653072	-0.7762493	-0.83883476	0.756587	0.8831633	0.8339015	-0.81847113	0.77535856	-0.7842949	0.8060374	0.82290757	0.84407926
-0.44882932	0.4273958	-0.3952972	-0.4079542	0.44309717	0.37930462	0.37382498	-0.42703134	-0.47521064	-0.45610553	0.401279	-0.3805482	0.38412958	-0.41976926	-0.46047375	-0.41619602
-0.15671861	0.16678019	-0.10393399	-0.10308443	0.17680034	0.10740788	0.17778413	-0.1911453	-0.12642503	-0.1158847	0.17166503	-0.1877874	0.12800343	-0.14215583	-0.14947614	-0.1507864
-0.86484265	0.8423729	-0.8619512	-0.8754755	0.9384872	0.8580258	0.82560134	-0.90812296	-0.904078	-0.9174077	0.8627139	-0.91711384	0.85551924	-0.8956759	-0.88476306	-0.94399536
0.35920936	-0.41847566	0.3949828	0.46181926	-0.4482047	-0.40495145	-0.45927203	0.39979628	0.51267445	0.48189652	-0.4877165	0.50131035	-0.4413002	0.41159078	0.41818658	0.44324002
-0.3132868	0.37735513	-0.35746643	-0.4283559	0.42999083	0.33965796	0.42605466	-0.38532013	-0.36321634	-0.3567195	0.3569634	-0.44578448	0.39927796	-0.41470823	-0.40772796	-0.37731194
0.7190828	-0.756896	0.69807696	0.73181915	-0.72403574	-0.6626506	-0.697652	0.71302575	0.7291758	0.71058315	-0.7067562	0.68393725	-0.73273754	0.7121109	0.6573251	0.7177854
-0.6021109	0.6296644	-0.62573093	-0.6240453	0.59720385	0.5943177	0.5676015	-0.6270493	-0.63158375	-0.6369719	0.6292049	-0.6088137	0.6428138	-0.60429186	-0.5723902	-0.62882537
0.5631486	-0.5865082	0.557345	0.5673875	-0.6523862	-0.576718	-0.569007	0.55319315	0.63021505	0.5509445	-0.6245091	0.5687425	-0.5738771	0.55384266	0.60837764	0.6874322
0.3085474	-0.26385656	0.2747514	0.22973812	-0.23269829	-0.2056385	-0.23269176	0.25705427	0.22146006	0.23274995	-0.2705635	0.24420431	-0.2787348	0.2880112	0.2777349	0.26258296
-0.8229094	0.85455775	-0.835325	-0.81047416	0.82655025	0.81050754	0.84873474	-0.8223636	-0.8641225	-0.8660074	0.8330235	-0.8048041	0.8132354	-0.83549523	-0.782659	-0.8878254
0.076345615	0.036275934	0.06503761	-0.0138891665	0.03329498	-0.03287866	-0.03190407	0.054902148	-0.0029151645	0.014143292	0.044341005	-0.05792714	-0.03342453	0.021830158	-0.010444391	0.031291373
-0.004361011	0.09251612	0.013494407	-0.096093	0.1269566	0.014640253	0.11566872	-0.05280383	-0.10434748	-0.021715736	0.09878387	-0.09687852	0.092410244	-0.050077002	-0.1114919	-0.111456804
0.35875395	-0.35955873	0.4066233	0.3978275	-0.39018598	-0.38797876	-0.4476921	0.41899925	0.39377716	0.44405887	-0.39632994	0.44714582	-0.43152526	0.38740835	0.3742149	0.4360512
0.97116995	-0.9958404	0.99975675	1.0777613	-1.0143602	-1.0330138	-1.0906069	1.0266026	1.0682608	1.0691178	-1.0672369	1.0610304	-0.987994	1.0843889	0.99411726	1.0501294
0.518727	-0.5939285	0.6631123	0.62416255	-0.65312386	-0.56903297	-0.61977446	0.5689496	0.7213338	0.60015965	-0.6228596	0.6940447	-0.62102705	0.599543	0.6078131	0.7044956
0.3568272	-0.35598597	0.37566274	0.33772615	-0.30881226	-0.34008992	-0.33992738	0.36144572	0.36373976	0.31963408	-0.2911121	0.29835206	-0.3016206	0.34612402	0.36448023	0.31115925
0.5079188	-0.53108186	0.47724113	0.5065326	-0.5554636	-0.5360435	-0.49748582	0.51992655	0.54143023	0.4926385	-0.50991654	0.54081535	-0.5479564	0.5749131	0.5324241	0.55286497
-0.07792695	0.117809385	-0.16136836	-0.07057393	0.083256125	0.13519555	0.13147399	-0.15961857	-0.08296865	-0.14526072	0.07883316	-0.12845974	0.16577692	-0.08585053	-0.15532956	-0.12044814
0.68919086	-0.77871287	0.68748784	0.71253395	-0.82470465	-0.74732614	-0.72667766	0.78158414	0.8328577	0.7513525	-0.7609049	0.7900943	-0.7574249	0.75835943	0.7149469	0.8068323
0.7449305	-0.6821569	0.79299164	0.6887363	-0.76623005	-0.71122235	-0.75611824	0.75565493	0.78359663	0.7339921	-0.68896466	0.7198876	-0.7616834	0.71389073	0.6862176	0.785934
-0.9536476	1.0704312	-1.0748861	-1.0564537	0.99641204	0.9635575	1.0466686	-1.002828	-1.0957128	-0.9913334	1.0653863	-1.0582743	0.9624873	-0.9993243	-0.98245823	-1.0672446
-0.6340667	0.66269284	-0.6996421	-0.6812849	0.6972344	0.6822164	0.67183656	-0.6443696	-0.7761857	-0.67387176	0.689785	-0.7433979	0.66547316	-0.7008833	-0.720271	-0.702643
-0.07469795	0.07332947	-0.044624347	-0.11010236	0.08228261	0.023721116	0.012792839	-0.08585739	-0.10922302	-0.039580125	0.103951834	-0.11357742	0.10566451	-0.076115	-0.09310014	-0.120525375
0.8264926	-0.84594434	0.86877143	0.8805791	-0.8870349	-0.8022399	-0.8432572	0.8045327	0.9682124	0.9067907	-0.844982	0.87489414	-0.8702679	0.858387	0.84987295	0.93896604
0.52651495	-0.5312685	0.60877	0.6036309	-0.5409615	-0.52931935	-0.5953059	0.51035863	0.609906	0.5401579	-0.59534264	0.5494478	-0.6071434	0.57937926	0.56945556	0.6283866
0.10467464	-0.09886875	0.10090579	0.045254488	-0.078234926	-0.12157174	-0.077940956	0.087958366	0.08112405	0.04363026	-0.11789353	0.119376205	-0.0943339	0.07489498	0.0720014	0.057964776
-0.42711213	0.45794767	-0.5681847	-0.49832	0.5361398	0.46264583	0.51486033	-0.52884823	-0.5333226	-0.5266812	0.5225184	-0.49692535	0.5549061	-0.46897897	-0.5012589	-0.48800436
-0.9345342	0.9468708	-0.9588474	-0.96552277	0.94582516	0.9112081	0.9304152	-0.9483907	-1.037986	-1.0038881	0.9937884	-0.98715615	0.95038456	-0.9719086	-0.96222866	-1.0094756
0.36120382	-0.38905972	0.38048428	0.3312385	-0.36844015	-0.36181173	-0.3848095	0.42262727	0.34344438	0.366696	-0.35681427	0.3848765	-0.32030147	0.34764394	0.35069597	0.36471498
-1.0437241	1.0191001	-1.0561534	-1.0212978	1.0392764	1.0600364	1.0818686	-0.9917596	-1.1120095	-1.0914123	1.0876476	-1.0867796	1.0066615	-1.1055223	-1.01953	-1.1027724
0.61223054	-0.59794927	0.5740919	0.6578192	-0.704135	-0.61493677	-0.63772553	0.5645657	0.6762876	0.65014344	-0.6119931	0.6028535	-0.6343795	0.64820874	0.6256709	0.637983
0.6201518	-0.7397789	0.64333916	0.6904356	-0.69225115	-0.6998742	-0.7324811	0.6829853	0.8044969	0.76310873	-0.76551235	0.77982825	-0.6647805	0.7041722	0.7239602	0.74801713
-0.438105	0.4829376	-0.5926247	-0.47629195	0.49975467	0.50566244	0.518481	-0.47285014	-0.5530814	-0.46611094	0.5306296	-0.5188928	0.43802887	-0.5115277	-0.5247059	-0.5425329
-0.042491846	0.0106881345	-0.015972652	-0.03598844	0.05802263	0.03246725	0.05870383	-0.08964744	-0.087754816	-0.033897847	0.04834542	-0.044421308	0.045917276	-0.06832437	-0.04979459	-0.09381301
0.57581943	-0.6891726	0.592872	0.64053404	-0.6375021	-0.619471	-0.7003226	0.67742926	0.70497185	0.6533291	-0.6933678	0.63903886	-0.6298799	0.60628676	0.6540377	0.6847813
-0.77193373	0.87183446	-0.89023644	-0.9137744	0.9219447	0.8142447	0.8492031	-0.9131736	-0.95545137	-0.84134793	0.9162941	-0.86867356	0.8726823	-0.84381324	-0.89752865	-0.9336643
-0.78909874	0.80435	-0.89501256	-0.7727886	0.7824416	0.8456041	0.75849056	-0.8473941	-0.84996194	-0.7859648	0.76719624	-0.81013316	0.8092294	-0.768427	-0.80728877	-0.80968904
0.027414337	-0.035688795	0.042887535	0.089806974	-0.04368106	-0.034128062	-0.07484197	0.07925651	0.12150269	0.09589325	-0.0223575	0.051975965	-0.033611137	0.09097075	0.09006069	0.025987618
0.065237865	-0.06410896	-0.001406618	0.003782382	-0.006858275	-0.05269202	-0.07792845	0.016737087	-0.008154354	0.07360856	-0.041342277	0.040519353	-0.011711604	0.0652975	0.017677732	0.008352201
0.5189805	-0.5850137	0.60852486	0.61665875	-0.67132485	-0.5546732	-0.562703	0.56485146	0.68384516	0.6268401	-0.64542997	0.6137583	-0.5816644	0.59857845	0.58802813	0.6274013
0.2590558	-0.15644686	0.21567304	0.15649757	-0.1610399	-0.19702406	-0.17128955	0.17346774	0.215777	0.15632963	-0.24266228	0.24577333	-0.20557031	0.16407351	0.19502239	0.21634398
0.25244203	-0.15108547	0.23232602	0.22682369	-0.14159958	-0.16435614	-0.21161696	0.16095245	0.14299504	0.18579975	-0.19644271	0.14869599	-0.17654382	0.15217856	0.1618699	0.16419934
-0.251708	0.14657606	-0.2150762	-0.19052151	0.14602163	0.24165644	0.18410401	-0.21226016	-0.1327415	-0.18409239	0.19577906	-0.20956841	0.18544887	-0.23234762	-0.24560425	-0.17272793
0.082690224	-0.15412396	0.08617225	0.07676765	-0.11986295	-0.1429468	-0.07010521	0.0021117271	0.09804599	0.14530946	-0.15293425	0.06769751	-0.031186823	0.066738665	0.10135312	0.12358036
0.6832557	-0.75431746	0.7657066	0.6963476	-0.75167555	-0.6854842	-0.74894917	0.73835886	0.72879326	0.73625	-0.734138	0.6975432	-0.72481364	0.68805254	0.7643033	0.7937619
-0.52349305	0.5669433	-0.5852913	-0.5212884	0.5179228	0.5468991	0.5918942	-0.611888	-0.5654646	-0.51571375	0.5251859	-0.51825273	0.5504348	-0.5336437	-0.5522668	-0.61603385
-0.1457726	0.1514436	-0.1801511	-0.08727084	0.09019816	0.18000123	0.12596108	-0.1468763	-0.08227264	-0.10943401	0.17370473	-0.14118405	0.121411785	-0.19845815	-0.12569676	-0.087307155
-0.081399456	0.098942235	-0.11419887	-0.074695624	0.06559861	0.0647606	0.0631751	-0.08285064	-0.11562906	-0.09803806	0.06641537	-0.036612142	0.11177984	-0.031974807	-0.019880462	-0.08382258
-0.14094326	0.11992041	-0.099723965	-0.11288036	0.15172695	0.12731493	0.09734083	-0.123792164	-0.16833135	-0.14893915	0.15906692	-0.08801665	0.1684661	-0.12644204	-0.093137726	-0.15781832
-0.37195367	0.33150503	-0.41052797	-0.33254793	0.3287648	0.37600967	0.3943417	-0.35807866	-0.37480593	-0.3766883	0.31875777	-0.34192258	0.33545867	-0.38831314	-0.41428855	-0.3316446
-0.7698414	0.80064845	-0.7606119	-0.7496592	0.84657174	0.810448	0.80025524	-0.8421654	-0.84780586	-0.74518913	0.81842685	-0.8103536	0.8196968	-0.82000315	-0.818645	-0.829858
-0.04076346	0.0032688538	-0.004053097	-0.026003297	-0.0679208	-0.013254344	-0.0415295	-0.0072693327	-0.0028611324	-0.015141167	-0.006373877	0.00200758	-0.03022899	0.05257729	0.032369394	4.9002065e-05
-0.6386033	0.7003011	-0.6884178	-0.63411427	0.6341084	0.6149211	0.6226022	-0.6511535	-0.6964884	-0.63918555	0.63197786	-0.6682376	0.6751121	-0.66227126	-0.6829889	-0.6854311
-0.3450665	0.5270015	-0.48975268	-0.58302814	0.5390654	0.4319514	0.45867237	-0.5493451	-0.5765187	-0.50221026	0.52670956	-0.5862114	0.48310024	-0.5138183	-0.5397641	-0.53476596
-0.5170197	0.46218628	-0.50608027	-0.44653282	0.47875726	0.4783111	0.49324408	-0.4524876	-0.51224023	-0.50280774	0.43065393	-0.4306629	0.46862745	-0.44367763	-0.44877332	-0.46608296
-0.5757521	0.5621469	-0.5926434	-0.6140402	0.58006024	0.5637929	0.60762614	-0.56455576	-0.6407384	-0.5992574	0.6059708	-0.6095386	0.59066045	-0.60282034	-0.5512644	-0.58294183
0.17829661	-0.1685815	0.16414092	0.21580984	-0.194835	-0.21899422	-0.2522994	0.16647822	0.24062441	0.19111411	-0.2304251	0.22974949	-0.25906324	0.24886835	0.23567027	0.19269376
0.23927717	-0.29931563	0.29307017	0.3263897	-0.27515292	-0.27185285	-0.333917	0.35209566	0.2838173	0.33408254	-0.3338505	0.33506054	-0.3242483	0.3191893	0.25757945	0.26400432
-0.78596205	0.88187957	-0.84495085	-0.8281488	0.86963326	0.8742985	0.8718241	-0.8641258	-0.9166987	-0.83023286	0.84220505	-0.9057214	0.83306515	-0.824537	-0.8234839	-0.8516682
0.1405999	-0.22228488	0.17155194	0.15989955	-0.2184602	-0.2013758	-0.21521765	0.14729072	0.22396152	0.17595762	-0.20581168	0.21146548	-0.14335349	0.12382953	0.15864974	0.21548772
0.7871639	-0.7788091	0.7358316	0.74220824	-0.7965176	-0.7651321	-0.73445237	0.76684606	0.84739554	0.73362136	-0.81179065	0.75886464	-0.77064973	0.80143577	0.7247609	0.7918677
-0.022743875	0.03198927	0.03281193	-0.03376531	-0.020292452	0.025497837	0.007324382	0.017420316	-0.03297572	-0.020731838	0.037104163	-0.035583694	0.0133635355	0.0032323557	-0.010837979	-0.006551341
0.2328048	-0.20114742	0.20687346	0.2320984	-0.23625672	-0.22778301	-0.28789517	0.25351155	0.23996519	0.28550446	-0.25035095	0.25025275	-0.24984731	0.2141609	0.20445052	0.2274321
0.010500934	0.024008615	0.03558259	-0.015753383	0.06589098	0.04562505	-0.0028251223	-0.0004572966	0.0019909476	-0.007721146	-0.015935369	-0.023562819	0.07214079	-0.06485277	-0.050875284	-0.06601671
0.1822427	-0.08912608	0.100561254	0.049655087	-0.06909258	-0.090707995	-0.03545628	0.07094671	0.0182394	0.07687806	-0.055613693	0.0818742	-0.03956175	0.036487244	0.026030155	0.04867723
0.38606384	-0.41541195	0.4481828	0.47882783	-0.4097398	-0.4361993	-0.43499637	0.42068794	0.48327255	0.4375646	-0.47087777	0.48655397	-0.44799635	0.3952549	0.4004719	0.47491395
0.60755885	-0.60580856	0.6442629	0.5833288	-0.63860875	-0.60324216	-0.6053645	0.6752732	0.5744217	0.5994772	-0.55657953	0.6472783	-0.57110846	0.5847672	0.5552984	0.6119023
-0.7665533	0.7553788	-0.85929215	-0.7889562	0.77197105	0.72140956	0.7607761	-0.82233447	-0.8670399	-0.77764475	0.7484813	-0.7591293	0.74119145	-0.80597585	-0.7918844	-0.83476037
-0.59647936	0.60987914	-0.69133455	-0.6425771	0.68926984	0.64440525	0.6701951	-0.61633754	-0.7491851	-0.6024854	0.6606317	-0.6955252	0.6168872	-0.59566164	-0.6442712	-0.6854575
0.04969223	-0.006479866	0.072811626	-0.0029153659	-0.08681529	-0.007552167	-0.03151774	0.080811396	0.061758257	0.091327906	-0.030388122	0.09863973	0.00080844824	0.012647425	0.033166848	0.08297385
-0.646739	0.6600501	-0.7530907	-0.6656071	0.7561323	0.6562435	0.69211614	-0.651911	-0.7929686	-0.71036994	0.7064982	-0.66298234	0.71492165	-0.72973865	-0.6726752	-0.6777113
-0.7454855	0.8166131	-0.8502462	-0.803548	0.84280103	0.8370899	0.78273773	-0.78821427	-0.8480681	-0.80211306	0.8345996	-0.79469776	0.76376367	-0.787278	-0.7912179	-0.83212346
0.7845922	-0.7790118	0.80048746	0.79435986	-0.83944225	-0.7540563	-0.81898296	0.83895016	0.8615616	0.7769091	-0.81660885	0.78292364	-0.74934286	0.75848675	0.7798612	0.86004907
0.75454926	-0.82707304	0.8298769	0.77771455	-0.77445453	-0.8151091	-0.7667808	0.7947172	0.86838764	0.7945709	-0.769008	0.83605945	-0.7430858	0.7595743	0.816626	0.77063274
0.117537975	-0.022097006	0.07109541	0.014261137	-0.023400407	-0.094912015	-0.0147296	0.040984478	0.030514952	0.020200714	-0.033064622	-0.0027602809	0.0075775343	0.039182942	0.054767556	0.008275574
-0.27810663	0.4963445	-0.5760561	-0.59499156	0.5580863	0.47941396	0.48146576	-0.61623955	-0.68233865	-0.5308798	0.6052144	-0.6084498	0.5962424	-0.46442354	-0.55934364	-0.6625525
0.19675218	-0.0951597	0.18498012	0.12268607	-0.15437458	-0.15877396	-0.12079697	0.14073199	0.08694333	0.16242863	-0.08598419	0.15381537	-0.103133045	0.09930267	0.18871617	0.11115474
-0.14684463	0.11582753	-0.12696008	-0.14685096	0.11294885	0.118317015	0.15366672	-0.14370598	-0.11043378	-0.061133258	0.061092645	-0.14162038	0.08085227	-0.10869037	-0.14190437	-0.059545264
0.53583074	-0.58514535	0.5317349	0.5429131	-0.5859438	-0.52883136	-0.5196232	0.54969645	0.5351201	0.5367717	-0.58085513	0.5092151	-0.5378209	0.55832595	0.508066	0.57010293
-0.2980732	0.36014774	-0.36438394	-0.3353722	0.39461607	0.35955095	0.29545477	-0.38013405	-0.4244535	-0.31426364	0.36979607	-0.3430679	0.41461584	-0.30701894	-0.31706145	-0.442562
0.80678964	-0.8982515	0.8671012	0.81726	-0.8657626	-0.8027235	-0.88259065	0.8173809	0.88814974	0.8666817	-0.8303656	0.85181373	-0.79867256	0.84208935	0.86497015	0.84194994
0.7276651	-0.82346827	0.6944726	0.7961186	-0.7557851	-0.74352556	-0.78152496	0.7084313	0.7791445	0.7797092	-0.74081945	0.83216256	-0.73258173	0.7830202	0.71773857	0.8087819
-0.8848437	0.9274465	-0.97541225	-0.8772237	0.92930794	0.8596869	0.86686796	-0.9532709	-0.91800594	-0.9270409	0.9397374	-0.9076149	0.90989953	-0.90919346	-0.88642055	-0.933375
0.7806562	-0.8646086	0.8095051	0.79764974	-0.78528225	-0.7944692	-0.8266198	0.802595	0.84824824	0.77604836	-0.7974115	0.8486256	-0.78073287	0.83155173	0.83361924	0.8585488
-0.07841374	0.097287305	-0.09733101	-0.103567734	0.12204118	0.071634896	0.0792959	-0.08358623	-0.036339346	-0.09273062	0.11791041	-0.115938954	0.08102401	-0.11771697	-0.08079212	-0.12983593
0.7569137	-0.82413137	0.8525937	0.81995225	-0.8488023	-0.74548596	-0.7584232	0.8048923	0.8565253	0.82137895	-0.84532326	0.8688553	-0.8046159	0.82065076	0.83292073	0.8212808
0.39690748	-0.3377698	0.4493602	0.33649713	-0.36895597	-0.41898352	-0.38377166	0.38781902	0.41959044	0.3793628	-0.32195058	0.3575523	-0.32624415	0.32790145	0.4140094	0.3691842
-0.28547528	0.3111279	-0.28116626	-0.32484716	0.3318651	0.24812435	0.25509426	-0.3065958	-0.36151677	-0.26361647	0.2945314	-0.26393625	0.32867232	-0.3211618	-0.27678043	-0.26500106
-0.11623962	0.17528991	-0.16333798	-0.13019802	0.14907435	0.18023759	0.122272894	-0.10804056	-0.13172844	-0.13220356	0.12208396	-0.21123043	0.18208274	-0.14438961	-0.15047221	-0.15681455
0.16421495	-0.18694863	0.18498784	0.19608605	-0.11549482	-0.2001896	-0.20442495	0.17161141	0.124845065	0.16810538	-0.16938815	0.11877866	-0.11889776	0.17895605	0.17858386	0.117432974
0.20964825	-0.086562335	0.22250776	0.16918588	-0.09613965	-0.1952232	-0.14210175	0.18921441	0.12766057	0.09571225	-0.12644501	0.11104241	-0.13530272	0.13648501	0.12156602	0.09225569
-0.5804357	0.59932345	-0.57300436	-0.6377632	0.62681425	0.59546953	0.67134905	-0.58914715	-0.6364824	-0.60415006	0.68744177	-0.67778623	0.61835927	-0.6301634	-0.5679979	-0.6995725
0.38087815	-0.35312632	0.311757	0.360466	-0.3060627	-0.31488055	-0.39347297	0.3495604	0.39889932	0.30243796	-0.38037762	0.3147481	-0.3224874	0.2991124	0.3599359	0.36253682
0.25545838	-0.309188	0.27416286	0.22519103	-0.3241241	-0.21955402	-0.23742434	0.2383103	0.35429808	0.32530636	-0.24947393	0.25701043	-0.2187085	0.2953112	0.2791191	0.27492782
-0.6830482	0.63293445	-0.63492244	-0.6414849	0.69157344	0.67834294	0.61609167	-0.68912005	-0.7529475	-0.7181045	0.6285509	-0.6545303	0.64757943	-0.64172786	-0.61631626	-0.7123269
0.5855672	-0.707035	0.66292757	0.66649276	-0.7038331	-0.656426	-0.6703249	0.63300484	0.7248962	0.71143657	-0.6821215	0.7169308	-0.6932038	0.68504524	0.6946576	0.7514609
-0.35005292	0.29818913	-0.34741247	-0.26478624	0.30422014	0.33054018	0.3048234	-0.28965646	-0.3127244	-0.34378207	0.3553398	-0.3297986	0.2893796	-0.2764539	-0.35415083	-0.32946432
0.146381	-0.12573452	0.12201036	0.13370582	-0.14597343	-0.14374296	-0.14117296	0.11104832	0.12748118	0.15238047	-0.09711787	0.14858508	-0.11236356	0.12196968	0.1559392	0.14526069
0.34734878	-0.30821002	0.3743732	0.31679705	-0.3278784	-0.32912293	-0.37122267	0.32699525	0.34140912	0.3416212	-0.3377599	0.3110657	-0.29656294	0.35109434	0.28860956	0.33964154
0.57770735	-0.5686887	0.5842303	0.57991886	-0.5647138	-0.5345598	-0.5863205	0.49177796	0.6101258	0.53576636	-0.5557755	0.5680528	-0.4967819	0.5205919	0.5683961	0.58701587
-0.072248064	0.2299851	-0.21971533	-0.2913022	0.27840912	0.2781179	0.24349332	-0.22345375	-0.242805	-0.2923066	0.2619519	-0.26219788	0.282812	-0.28716263	-0.25962752	-0.25441536
-0.2915706	0.26046968	-0.297405	-0.21984112	0.31244776	0.33677593	0.2318557	-0.31501818	-0.22831513	-0.31905845	0.30027306	-0.27062514	0.23692204	-0.2390429	-0.26589042	-0.2582552
0.5623212	-0.6769829	0.61195016	0.60008484	-0.72437716	-0.6576659	-0.6184608	0.6478303	0.7371761	0.6446477	-0.6613111	0.7198245	-0.6287872	0.63251907	0.6104784	0.7510129
0.63853884	-0.75178874	0.7345539	0.71908635	-0.80926466	-0.7014561	-0.76544285	0.7020952	0.7920426	0.6991323	-0.73351604	0.74528784	-0.7483692	0.77124083	0.7499223	0.8227273
0.62926435	-0.64109725	0.5603639	0.6489345	-0.6845564	-0.65634525	-0.5769135	0.5749123	0.6710832	0.62307614	-0.5948646	0.6362317	-0.6270829	0.6644433	0.59104156	0.62591565
0.21610121	-0.2030457	0.17056319	0.15197584	-0.13703543	-0.13144423	-0.15434197	0.14407732	0.13517156	0.16822425	-0.15302123	0.17483288	-0.14100306	0.16203876	0.15104604	0.16943376
0.25483105	-0.18802726	0.19855057	0.17959246	-0.1696018	-0.18155006	-0.18726563	0.23846059	0.14937668	0.18994522	-0.22680831	0.19009097	-0.22025757	0.19724797	0.21458876	0.24589942
0.5473553	-0.64507866	0.6230734	0.65987515	-0.7282248	-0.6202181	-0.59815794	0.6186889	0.7252811	0.62993455	-0.65455365	0.67027664	-0.6222276	0.6044354	0.6257129	0.67364776
0.005548205	0.012542611	-0.008361698	0.001109594	0.020184329	0.013751854	0.04808568	-0.084313795	-0.04450447	-0.044969015	-0.015094306	-0.01574614	0.027073251	-0.0517527	0.009624534	-0.009087694
-0.1248141	0.16080055	-0.15815772	-0.15559536	0.16172022	0.13340025	0.14061458	-0.105436385	-0.16791786	-0.18472268	0.14922473	-0.16254254	0.1254551	-0.12557548	-0.10208637	-0.18972835
-0.05582656	0.03474753	-0.09139952	-0.082497455	0.05467422	0.062909335	0.07536445	-0.07817673	-0.09045721	-0.03212537	0.050590884	-0.11048779	0.120567344	-0.11137126	-0.07910282	-0.10619106
-0.11261236	0.1519663	-0.1300265	-0.12923904	0.16410616	0.119962126	0.1599214	-0.15708749	-0.18360311	-0.1562379	0.1639914	-0.18066509	0.18473662	-0.19360141	-0.10787742	-0.19917971
-0.52289766	0.48112723	-0.56103206	-0.46871808	0.51925606	0.56110066	0.46049312	-0.5422316	-0.5556555	-0.4662729	0.5355005	-0.47058693	0.5267517	-0.5192967	-0.49638608	-0.4834542
0.7345835	-0.7055515	0.71441096	0.7132938	-0.7118983	-0.7234974	-0.7598057	0.74922866	0.8286323	0.76654166	-0.7641264	0.7552942	-0.7751579	0.758005	0.69501954	0.7331291
0.47617862	-0.45456535	0.4597323	0.45330435	-0.4778756	-0.5059791	-0.5244295	0.54992926	0.52927715	0.51800007	-0.52344066	0.5206203	-0.4660797	0.5027182	0.4639827	0.56122804
-0.7685896	0.88991785	-0.88136375	-0.8809236	0.8634583	0.8088825	0.84740824	-0.8273953	-0.9290076	-0.87443656	0.8792787	-0.87790424	0.81977236	-0.8100664	-0.8375369	-0.85293764
-0.4367103	0.5179805	-0.5115966	-0.4763224	0.4534068	0.49698552	0.44929644	-0.53595513	-0.4897014	-0.5335284	0.44598314	-0.527352	0.5128634	-0.47340122	-0.5138513	-0.5184191
0.75084615	-0.7686941	0.80091655	0.80867255	-0.8263079	-0.7507016	-0.79113305	0.79437953	0.9009589	0.83823484	-0.802326	0.8528529	-0.8224612	0.7540567	0.8087025	0.85976607
-0.4249509	0.47360122	-0.39112335	-0.4050247	0.43247315	0.44746086	0.403132	-0.4203996	-0.46300688	-0.4876544	0.427307	-0.40773833	0.47873938	-0.43481043	-0.48702386	-0.50710875
-0.25261065	0.51749384	-0.55049616	-0.62989074	0.65775836	0.43903774	0.5192206	-0.63381004	-0.71252555	-0.5097881	0.5970562	-0.6197747	0.6059653	-0.5819909	-0.5609661	-0.63489974
0.32001206	-0.42132005	0.33969614	0.37099734	-0.35447094	-0.37522668	-0.36816517	0.40824497	0.3922605	0.34072185	-0.35405326	0.3473875	-0.34128886	0.32888928	0.42341736	0.43878177
-0.42827842	0.39954868	-0.41474345	-0.41884878	0.39727178	0.35696393	0.3974129	-0.41381374	-0.3691567	-0.4020625	0.33819053	-0.43905652	0.40653753	-0.34921247	-0.42052555	-0.43359458
-0.6863041	0.6770638	-0.6681247	-0.6634331	0.6428434	0.72495	0.66192514	-0.651892	-0.70658994	-0.72705066	0.65280104	-0.6475608	0.63020796	-0.72155106	-0.6707744	-0.6548621
-0.99333936	1.0532188	-1.0401154	-1.0932375	1.0504334	1.0259602	1.0181998	-1.0816079	-1.0767072	-1.065696	1.0565509	-1.065036	1.0300901	-1.0464487	-1.0273758	-1.138778
-0.33793643	0.35165626	-0.3124975	-0.31199184	0.3370688	0.31666636	0.3408714	-0.291532	-0.2869381	-0.30263507	0.32372516	-0.33589324	0.32147214	-0.27367416	-0.3518494	-0.32559994
0.18444888	-0.25190282	0.19048855	0.23207235	-0.21624085	-0.21762049	-0.25941727	0.25611192	0.24651796	0.24950732	-0.29164273	0.20862097	-0.28971475	0.2728509	0.20990194	0.22065008
-0.22565567	0.2370782	-0.31198618	-0.23032495	0.23640822	0.2514412	0.21590766	-0.23034626	-0.15547365	-0.22754785	0.14735968	-0.17954712	0.21490556	-0.2092643	-0.15993628	-0.16622335
-0.7219824	0.8191657	-0.7433057	-0.75745726	0.8227615	0.7711873	0.8047565	-0.79869103	-0.7940267	-0.79565746	0.79562503	-0.75251293	0.77980506	-0.7562374	-0.8023362	-0.82712775
0.14221352	-0.16564722	0.23757932	0.0734854	-0.1036221	-0.12520134	-0.18292351	0.08608982	0.09105307	0.10206854	-0.13998625	0.17648517	-0.14317921	0.13492742	0.09261696	0.18393248
-0.33758658	0.3342618	-0.3332051	-0.29545313	0.38596702	0.31113356	0.37343666	-0.3429203	-0.3327108	-0.34109163	0.33028376	-0.35097808	0.38473532	-0.34358862	-0.28957564	-0.32243428
0.13285393	-0.06632196	0.12712064	0.099174745	-0.027704235	-0.094726436	-0.1549294	0.04230725	0.097518526	0.053032935	-0.09007065	0.05423355	-0.035454098	0.08356176	0.14898273	0.08241861
-0.7928781	0.8791349	-0.9328364	-0.89690554	0.84496605	0.89212716	0.8747533	-0.8272803	-0.8962039	-0.90112257	0.84426755	-0.89826065	0.8813137	-0.867924	-0.8332153	-0.8871704
-0.23302045	0.19842315	-0.24394432	-0.22507662	0.27241266	0.2039463	0.24835774	-0.25528398	-0.2074379	-0.17352065	0.26266867	-0.17591564	0.2312873	-0.2689583	-0.19070777	-0.26068112
0.39925128	-0.47482857	0.37302426	0.40518662	-0.41042033	-0.36704552	-0.41217616	0.42218372	0.4274079	0.45272547	-0.43423158	0.38723648	-0.4364153	0.42129254	0.36282045	0.48075122
0.8670756	-0.8493903	0.9006279	0.84208107	-0.90732276	-0.83992416	-0.906376	0.8180844	0.9095176	0.89947695	-0.8439807	0.8879889	-0.8819047	0.83782905	0.8161336	0.8775196
0.1792659	-0.24604492	0.191268	0.2722882	-0.283395	-0.25979012	-0.2346353	0.22981477	0.2165605	0.2137011	-0.26020324	0.2325937	-0.29546875	0.22342174	0.2211652	0.22508273
0.53698653	-0.5765471	0.6219378	0.5637431	-0.5146925	-0.5054167	-0.58532476	0.4815841	0.5228167	0.5811721	-0.5597506	0.5688222	-0.5126501	0.52602667	0.5229253	0.5899464
-0.4387221	0.44670582	-0.42874676	-0.39998654	0.40766716	0.4625054	0.4671219	-0.42570603	-0.48208013	-0.43544564	0.4132148	-0.4040133	0.45218077	-0.443598	-0.42143565	-0.41009712
-0.03931306	-0.080101155	0.021912873	-0.0028061925	-0.0682822	-0.063484274	-0.03827881	-0.022337161	0.008114594	0.061791815	-0.057709865	0.003337542	-0.059234753	0.05887594	-0.016204242	0.015683187
0.27125794	-0.30845982	0.35167357	0.2910417	-0.26453263	-0.266002	-0.3239818	0.33680677	0.33419883	0.30293286	-0.28905764	0.27797666	-0.24772513	0.28819582	0.29603922	0.3247257
0.5247303	-0.5552974	0.54298466	0.54359406	-0.5752379	-0.58425075	-0.5836319	0.56054634	0.5499131	0.5965651	-0.59064436	0.6037404	-0.52828306	0.5550877	0.6079726	0.56413954
-0.30087486	0.34299752	-0.32709464	-0.28386942	0.3461924	0.333886	0.32371607	-0.32022157	-0.29422188	-0.3316306	0.32189327	-0.3762215	0.2999902	-0.32704502	-0.33565032	-0.36069146
-0.43538663	0.39988008	-0.43420047	-0.46712184	0.47813916	0.45761114	0.44968268	-0.4125156	-0.47642812	-0.3971236	0.44109145	-0.38662827	0.39497226	-0.37700644	-0.4595959	-0.4313806
0.048858277	0.19426039	-0.17524534	-0.25014064	0.20946832	0.121442065	0.09790176	-0.14659598	-0.25775477	-0.1442043	0.19343747	-0.234599	0.16294532	-0.13471714	-0.118828565	-0.21681872
-0.54637134	0.5496288	-0.5305684	-0.5661118	0.57616717	0.54682565	0.57935196	-0.516097	-0.54426044	-0.56113863	0.5294143	-0.6008827	0.5879533	-0.53444177	-0.5682508	-0.55535704
-0.3903184	0.38222003	-0.39341927	-0.36755314	0.39142814	0.36422935	0.34711033	-0.36890236	-0.38783875	-0.32815412	0.38450852	-0.3800358	0.3755896	-0.35763484	-0.31870404	-0.39642167
-0.17739242	0.17883399	-0.23273827	-0.1890939	0.21600436	0.2292009	0.21025625	-0.18734717	-0.23868148	-0.17088006	0.24900554	-0.19508706	0.20404239	-0.2238579	-0.24565488	-0.26673645
-0.9006908	0.935664	-0.9368698	-0.9734111	0.949316	0.9688157	0.969984	-0.8951121	-1.0160322	-0.92774296	0.9479596	-0.9876713	0.94179785	-0.97720224	-0.93538314	-0.94807297
-0.07716997	0.12987031	-0.14993425	-0.098673575	0.14632645	0.115827724	0.087535284	-0.12447181	-0.18723774	-0.14123365	0.09744303	-0.13357152	0.10430577	-0.12260039	-0.13139306	-0.11059031
0.07694492	-0.04195516	0.0110735865	0.0062581394	-0.052022327	0.01707412	-0.063066915	0.03412886	0.032664966	0.049048908	0.009301106	0.073892064	0.009607977	0.04445134	0.03576545	0.046887003
-0.090079226	0.09956532	-0.12314249	-0.083579674	0.09984983	0.12154276	0.12774499	-0.124924906	-0.14434864	-0.061848786	0.124956466	-0.08693305	0.089630425	-0.075759724	-0.049488213	-0.12741108
-0.85028106	0.87695634	-0.9006413	-0.82943434	0.9303256	0.82790107	0.86574864	-0.8859841	-0.966149	-0.8648566	0.8481392	-0.8579791	0.83622634	-0.9055775	-0.8544246	-0.91085196
0.038460325	0.00981292	-0.016040163	0.0363369	0.033856653	-0.0058310307	-0.048727114	-0.017278565	0.041366946	-0.004388782	0.032637212	0.019253595	0.030989742	0.018207423	0.053524144	0.011084768
0.41029605	-0.42211488	0.44267106	0.383407	-0.4244151	-0.42675358	-0.3889158	0.3995167	0.4226	0.3504175	-0.45036215	0.43175486	-0.36886883	0.38194045	0.35753992	0.39162987
0.2042168	-0.16218352	0.18951641	0.17423292	-0.15584338	-0.21596497	-0.17023228	0.17431374	0.18737206	0.14707825	-0.14962861	0.17871171	-0.13303792	0.17665479	0.21383213	0.13770826
0.38570955	-0.4866936	0.4533418	0.41943783	-0.4711068	-0.4778092	-0.41370732	0.48052204	0.47965547	0.4607713	-0.43509468	0.49636006	-0.4660573	0.458961	0.47844297	0.42029813
0.23410642	-0.2565792	0.14008617	0.2484715	-0.19196187	-0.23358826	-0.23673424	0.2481429	0.25514227	0.19934548	-0.19772416	0.17573164	-0.2071279	0.21381746	0.23017554	0.18490684
-0.20998083	0.29432222	-0.30581114	-0.21880943	0.2916895	0.27736622	0.30906916	-0.21527791	-0.23886321	-0.2783334	0.23833916	-0.22915383	0.3248507	-0.26736525	-0.21608633	-0.3203597
0.23784214	-0.23155865	0.28078723	0.20877512	-0.2554818	-0.20635521	-0.21040846	0.21640022	0.30773172	0.25634772	-0.2987493	0.2817343	-0.2504311	0.24163924	0.21598873	0.21863346
0.2120718	-0.28623933	0.27870026	0.26650232	-0.24564731	-0.20312576	-0.2078124	0.20461826	0.2584526	0.20405014	-0.30012473	0.30168673	-0.27173078	0.29679874	0.27338263	0.26005307
0.6718024	-0.6942668	0.68833	0.670465	-0.742378	-0.68548113	-0.681547	0.65112317	0.73250806	0.6996024	-0.70615983	0.7529655	-0.6686765	0.68428004	0.6949069	0.72149086
-0.5845002	0.5272599	-0.62855506	-0.5334587	0.53190565	0.5627931	0.53006744	-0.55790854	-0.58345294	-0.5498913	0.5722118	-0.5945986	0.5156874	-0.58511746	-0.5557636	-0.6069086
-0.8911975	0.98015034	-0.9843512	-0.9037345	0.99864066	0.89943117	0.9703578	-0.9283191	-0.99098486	-0.9251486	0.9400993	-0.9699866	0.96396595	-0.91351646	-0.89873034	-0.9730415
-0.015924506	0.066588305	0.005467668	-0.09687179	0.091070265	0.03365626	0.066330925	-0.08940817	-0.11238382	-0.10584205	0.08015994	-0.05326984	0.12793131	-0.11045062	-0.11336668	-0.12809396
0.22700113	-0.17667574	0.20628546	0.1647629	-0.17075668	-0.17030533	-0.19989163	0.27303854	0.24619596	0.21602836	-0.24952689	0.16458745	-0.16440852	0.21391107	0.1846899	0.18631159
-0.3404396	0.36658844	-0.4317377	-0.37922928	0.38634756	0.40561295	0.3662605	-0.44986773	-0.442605	-0.33747372	0.37690142	-0.3696538	0.43829113	-0.38778794	-0.36637992	-0.36705112
0.3632926	-0.3721552	0.34756237	0.34304896	-0.32202405	-0.3118065	-0.3376728	0.38836756	0.40946072	0.34210986	-0.31064492	0.3829993	-0.33558545	0.36317018	0.3483243	0.37973148
-0.18848726	0.26440042	-0.2901203	-0.29825562	0.3161934	0.2844818	0.24065217	-0.33114973	-0.2678386	-0.23083745	0.32920003	-0.26528946	0.25527123	-0.28632113	-0.30591613	-0.3194745
-0.26272643	0.2777184	-0.29721236	-0.2545528	0.2761522	0.2754119	0.26280963	-0.313149	-0.31761903	-0.29174912	0.2287873	-0.32475248	0.28456298	-0.31968585	-0.24640678	-0.3041722
-0.20851283	0.16239968	-0.15539338	-0.16916445	0.15940045	0.16783084	0.23379685	-0.17156942	-0.2366472	-0.21118523	0.15791275	-0.22804485	0.20741369	-0.19495296	-0.23700987	-0.17695157
0.72046256	-0.7226895	0.74288774	0.6782957	-0.6641319	-0.675099	-0.6971677	0.6621807	0.7159859	0.7170596	-0.7001673	0.6838936	-0.72521085	0.7247261	0.7373658	0.66794306
0.65153086	-0.6507584	0.67683107	0.7129444	-0.6735692	-0.622402	-0.6741729	0.6516581	0.74502164	0.67191905	-0.7380605	0.67600995	-0.6362751	0.6937042	0.64288074	0.7579044
-0.37685543	0.4526785	-0.4286133	-0.37771118	0.4406362	0.3754896	0.3959124	-0.4299582	-0.3961249	-0.35902172	0.37472773	-0.38856447	0.35642332	-0.43030474	-0.4035915	-0.41738304
-0.61957616	0.5265563	-0.56076753	-0.56514984	0.58094114	0.56082505	0.59600633	-0.5575304	-0.6081763	-0.5285121	0.557666	-0.59440416	0.5874398	-0.5723927	-0.5498347	-0.54423684
-0.36181477	0.309824	-0.3087304	-0.28061235	0.35187355	0.34074128	0.286837	-0.30914274	-0.32683742	-0.3083685	0.35839245	-0.283216	0.32373405	-0.29933447	-0.31589848	-0.33628625
0.13840239	-0.25243104	0.19070868	0.17508744	-0.20198439	-0.16428076	-0.2395686	0.2334102	0.2847562	0.16761486	-0.24218091	0.22228254	-0.26653388	0.19866742	0.1899037	0.25512877
0.49090284	-0.61073816	0.6004749	0.59054977	-0.5911335	-0.5458251	-0.6261056	0.57137567	0.6934443	0.57045376	-0.5987254	0.6457492	-0.6059193	0.6273892	0.56079644	0.63571024
-0.0005672062	0.033962566	0.01123059	-0.033371434	0.040172007	0.0038153252	0.0062027206	0.047357894	0.029868873	0.0028860995	0.056078926	0.025972335	-0.004926289	-0.033701014	-0.014793778	0.02105128
-0.7491515	0.7934889	-0.79788965	-0.71560776	0.7339178	0.79050094	0.7470314	-0.77129215	-0.7745752	-0.719377	0.78175014	-0.80212265	0.733656	-0.73042923	-0.7109313	-0.8213356
-0.38157845	0.40614185	-0.40432796	-0.452797	0.47019914	0.44523284	0.4602101	-0.38104892	-0.4868625	-0.40617725	0.42323092	-0.38311905	0.4352314	-0.44422352	-0.42325592	-0.39256173
0.13762206	0.0017776967	0.02222538	-0.07790015	0.019317955	-0.015169373	0.06083591	0.011994722	-0.037398588	-0.011361522	0.07696472	-0.022223713	0.01692493	0.01784535	-0.015650466	-0.026605478
0.25091985	-0.2558028	0.27036828	0.24404664	-0.2782901	-0.23464924	-0.270783	0.20832087	0.29040462	0.27684215	-0.2421457	0.24857889	-0.27054954	0.24351521	0.27923787	0.23103186
0.80906	-0.7775726	0.7832149	0.83098704	-0.79561263	-0.76534945	-0.8248011	0.7435672	0.8624941	0.7855012	-0.8166831	0.8430875	-0.8222718	0.7844427	0.80837095	0.7929841
-0.30960283	0.22972046	-0.33213672	-0.20085567	0.29917464	0.27109867	0.2644126	-0.2962685	-0.24623281	-0.23600583	0.28074768	-0.25882727	0.26967835	-0.2747683	-0.22669521	-0.20885909
0.5920515	-0.5640099	0.6007035	0.5538988	-0.6058366	-0.6165379	-0.59326226	0.63082135	0.5700715	0.61316186	-0.5590485	0.650401	-0.6301184	0.6531511	0.55514884	0.6095149
-0.35642377	0.41013807	-0.3796996	-0.41787648	0.35917997	0.39858058	0.32869616	-0.39549398	-0.34889874	-0.39652666	0.32848236	-0.32737947	0.3891883	-0.42374396	-0.3801107	-0.3602416
0.5916219	-0.6669783	0.6697596	0.59186244	-0.6758143	-0.5970181	-0.6727761	0.6557065	0.74089724	0.65821093	-0.6794746	0.6939363	-0.60382915	0.6016297	0.6564692	0.6477466
-0.30521104	0.3131873	-0.37184432	-0.31543884	0.3759127	0.34502235	0.34403384	-0.33136487	-0.42065662	-0.3056145	0.3306113	-0.38671538	0.3582361	-0.3482384	-0.33428958	-0.32939532
-0.5119693	0.51837033	-0.52964824	-0.5235287	0.62826324	0.52016175	0.6002799	-0.5299835	-0.61347836	-0.567804	0.59361494	-0.5310062	0.51427966	-0.59700173	-0.5337995	-0.6250498
0.65705544	-0.7616325	0.7316408	0.69735396	-0.7301539	-0.69773567	-0.7496798	0.7262449	0.81872207	0.7385684	-0.7003702	0.7853792	-0.74657434	0.6769763	0.7340265	0.77503043
-0.39073902	0.4458301	-0.43208894	-0.44182163	0.44693017	0.40479797	0.46430132	-0.39316642	-0.465032	-0.464349	0.4835905	-0.4343337	0.41353732	-0.42623827	-0.44650394	-0.4250194
0.25673968	-0.24123034	0.23330629	0.2981379	-0.24236834	-0.21992844	-0.2594913	0.23032954	0.2699374	0.2531014	-0.26243612	0.3272425	-0.23822914	0.29137942	0.23637798	0.2588289
0.2520619	-0.20528437	0.2571914	0.20769535	-0.21796907	-0.18400367	-0.17716144	0.16683707	0.17943773	0.2358874	-0.19327626	0.24689707	-0.22930248	0.24364491	0.25785682	0.21530718
0.3728194	-0.45012048	0.44006833	0.42433023	-0.46387774	-0.46502337	-0.37679768	0.44705594	0.39176905	0.38457534	-0.45037186	0.40037107	-0.441848	0.4675176	0.4146656	0.41427717
-0.47126737	0.3418432	-0.4636139	-0.41654822	0.38457736	0.4436375	0.429873	-0.3805961	-0.35361663	-0.42302293	0.4159317	-0.41635343	0.3754713	-0.42933306	-0.38707164	-0.36008158
-0.8628188	0.8492257	-0.8919978	-0.8309107	0.8146903	0.8668457	0.819533	-0.7885501	-0.83964056	-0.8709326	0.80427325	-0.8640566	0.79045796	-0.85056543	-0.7931633	-0.8154195
-0.7320443	0.6999449	-0.6963614	-0.6454265	0.69229585	0.6766195	0.6513735	-0.67686677	-0.72598225	-0.70548856	0.7360623	-0.6699719	0.70250446	-0.67209834	-0.689547	-0.75937897
-1.0053295	0.9920649	-0.9913255	-1.0326288	1.056374	0.97752583	1.0365081	-1.04151	-1.0827881	-1.0388244	1.0150535	-1.0143008	1.0172963	-0.9930173	-0.9790292	-1.0645202
0.8826955	-0.91805094	0.9332888	0.9524264	-0.9758661	-0.9174135	-0.92313457	0.90126634	0.95169723	0.9024968	-0.89350694	0.90259546	-0.9221959	0.9253329	0.9298581	0.98205394
-0.03693483	0.059151374	-0.04015619	-0.102887355	0.049068198	0.00907033	0.044770382	-0.0015219146	-0.06421634	-0.045943975	0.029061925	-0.026057953	0.041614313	-0.087446086	-0.0931407	-0.10148885
-0.7305967	0.7765869	-0.7757065	-0.740152	0.78549236	0.787254	0.7019249	-0.76199573	-0.8345395	-0.7720266	0.7880159	-0.8042139	0.7341992	-0.7247712	-0.69071114	-0.79322296
-0.90663445	0.96918845	-0.92740506	-0.8941746	0.9318196	0.9642083	0.9701534	-0.92222404	-1.013002	-0.9277477	0.90752345	-0.991505	0.9404423	-0.93349653	-0.89372706	-0.98026145
-0.16172169	0.16421321	-0.29358464	-0.18370762	0.25168273	0.2270953	0.2018616	-0.19907272	-0.23418623	-0.1749538	0.19393356	-0.2717934	0.17558563	-0.21274449	-0.23636419	-0.18813507
-0.457289	0.65948325	-0.67029077	-0.62434393	0.68154067	0.56701463	0.5468444	-0.6059222	-0.66795754	-0.63186324	0.6581093	-0.6885512	0.6786394	-0.59828097	-0.6115959	-0.6563741
-0.14783798	0.12554555	-0.10833194	-0.12761192	0.18121651	0.13820043	0.17754284	-0.18388498	-0.24211551	-0.18646018	0.16194679	-0.20646866	0.21391466	-0.16662264	-0.13275488	-0.1417162
0.20768468	-0.21469282	0.22584255	0.21120198	-0.21258718	-0.2467859	-0.24532804	0.19750525	0.24489088	0.25235477	-0.2650617	0.19870062	-0.26250446	0.17207302	0.16324973	0.21453208
0.59411657	-0.61812305	0.61616886	0.551202	-0.63517356	-0.5627175	-0.6106149	0.5059726	0.5857374	0.5893429	-0.62668234	0.5981502	-0.51812905	0.5577414	0.59569824	0.55828375
-0.58149666	0.559225	-0.5524433	-0.52855873	0.6024647	0.6151593	0.53289765	-0.53599244	-0.5921303	-0.53186643	0.53696537	-0.6328456	0.6140641	-0.55085737	-0.57898235	-0.59493464
0.64611644	-0.66748774	0.646164	0.6611159	-0.6966126	-0.6641569	-0.5891328	0.65404475	0.69523257	0.6654458	-0.62880504	0.649684	-0.5756882	0.65007305	0.6217819	0.63805443
-0.68881214	0.71373755	-0.6879914	-0.71625626	0.6560344	0.6331853	0.61765486	-0.67708325	-0.6678611	-0.64621806	0.7151922	-0.6641112	0.68673515	-0.6401589	-0.6673131	-0.6425294
0.20367865	-0.20770518	0.2112904	0.18346511	-0.22041906	-0.15077473	-0.16743942	0.16080649	0.16842471	0.1601514	-0.13065548	0.16012877	-0.20331487	0.1343416	0.20736612	0.15628128
-0.80561596	0.8175464	-0.80574536	-0.82035226	0.78495586	0.74613017	0.8092094	-0.7511481	-0.8679504	-0.76164037	0.77192634	-0.7818841	0.8120082	-0.79346126	-0.7932273	-0.85918444
-0.53949916	0.71618533	-0.67786443	-0.67282593	0.69515055	0.59931695	0.6220161	-0.633734	-0.7515679	-0.661695	0.6482587	-0.67672	0.67653424	-0.6179572	-0.6528677	-0.6699333
0.19932316	-0.18507387	0.20586497	0.10282833	-0.16252267	-0.14436592	-0.12993462	0.17711243	0.097174846	0.18464215	-0.17118302	0.1523399	-0.1512988	0.13800438	0.16095898	0.11437786
-0.44441107	0.53138745	-0.5658966	-0.53188413	0.558583	0.5571147	0.52148426	-0.5780357	-0.56710285	-0.51615167	0.568197	-0.5261884	0.5500046	-0.53214914	-0.53022015	-0.63346064
0.41164076	-0.36449978	0.47546643	0.37318724	-0.34970602	-0.34569988	-0.4073376	0.42743987	0.43217847	0.33212548	-0.3644686	0.38835084	-0.392938	0.3334533	0.3546055	0.42972532
0.19979322	-0.17718156	0.19490422	0.14728406	-0.17303127	-0.12644474	-0.136318	0.1468462	0.23995318	0.15403068	-0.14313109	0.18387087	-0.18789259	0.15402515	0.17914747	0.18381564
0.6797148	-0.6953255	0.7361502	0.7333947	-0.7885035	-0.7273471	-0.70802325	0.68998736	0.82510865	0.78129834	-0.76698726	0.75125134	-0.72585195	0.69988716	0.7443716	0.7991193
-0.31841645	0.31005326	-0.27032495	-0.29626882	0.30466297	0.24486786	0.28765318	-0.2665052	-0.33118516	-0.30975354	0.31445307	-0.26406687	0.25824437	-0.3096356	-0.28763574	-0.33139655
-0.19019267	0.26150095	-0.303922	-0.2232288	0.29058993	0.1751827	0.1878161	-0.2836338	-0.25378007	-0.26264492	0.2587709	-0.21783462	0.25149718	-0.22796273	-0.25714445	-0.26253358
-0.8987856	0.9567514	-0.9228105	-0.95110357	0.9008612	0.94049525	0.9453955	-0.95941466	-1.0061295	-0.97268474	0.9610439	-0.9592834	0.89937866	-0.8826943	-0.9544639	-0.9937141
-0.11773468	0.08235705	-0.102567956	-0.09387982	0.068618394	0.05949854	0.09650748	-0.09879866	-0.09302125	-0.07777604	0.04076458	-0.021838538	0.11914674	-0.069661014	-0.080415614	-0.057169564
0.88210034	-0.9290443	0.88266194	0.91524655	-0.9557426	-0.84172285	-0.8500162	0.8432867	0.9543616	0.9172611	-0.8632991	0.95442015	-0.90528095	0.8579109	0.8837579	0.9801679
0.59678036	-0.6099808	0.6159688	0.5909995	-0.6403239	-0.6717269	-0.67824435	0.5904638	0.6762039	0.6673654	-0.6423381	0.61374164	-0.5990453	0.59256136	0.63315237	0.63465446
-0.40729317	0.4708187	-0.4951451	-0.50267726	0.46209392	0.44921038	0.47064212	-0.42225936	-0.46260402	-0.4598379	0.44049627	-0.50290406	0.5031048	-0.4563816	-0.4098713	-0.46211892
-0.7419727	0.7263138	-0.7741572	-0.7473948	0.8003558	0.7550318	0.79752856	-0.7739659	-0.76376903	-0.7485738	0.76109284	-0.78476363	0.71955854	-0.7106656	-0.71783787	-0.783148
0.46803564	-0.4150045	0.44781837	0.4286445	-0.41413653	-0.4319174	-0.46957013	0.46967217	0.4530575	0.45985743	-0.39789703	0.38807833	-0.41383335	0.46259063	0.4345446	0.39587831
0.53870326	-0.58318543	0.54242826	0.57387996	-0.5304361	-0.5797751	-0.50375634	0.48583868	0.5798511	0.5224657	-0.5387771	0.53079194	-0.5059673	0.5882725	0.5556647	0.5120508
-0.75316465	0.7123613	-0.78848886	-0.6719449	0.78111833	0.75027406	0.71721613	-0.6855244	-0.75375193	-0.7041227	0.7466634	-0.70784765	0.7551214	-0.68971276	-0.6941257	-0.77360976
0.6593843	-0.6095928	0.61669225	0.6748565	-0.6040303	-0.61239547	-0.6580397	0.59412503	0.67775106	0.67654973	-0.62180406	0.6005439	-0.5973608	0.67013234	0.5817456	0.616433
0.0027819616	0.13575096	0.012544919	-0.0945399	0.045465518	0.015302071	0.033048	-0.032966692	-0.12492428	-0.067369714	0.08078475	-0.08406368	0.07151364	-0.09025723	-0.08104076	-0.10544621
-0.55594546	0.5092004	-0.47824016	-0.47541946	0.5227343	0.55842865	0.530577	-0.50139064	-0.56089807	-0.49219707	0.5380669	-0.5201005	0.48067814	-0.5197555	-0.4968887	-0.57521945
-0.8444854	0.9218201	-0.9034034	-0.8457475	0.848959	0.82410884	0.8155313	-0.9126592	-0.8902079	-0.84134114	0.92601025	-0.9133391	0.8885914	-0.8557096	-0.84819186	-0.88192433
0.10502157	-0.13640459	0.16912831	0.1922456	-0.20107602	-0.19028366	-0.11673646	0.19579366	0.13777752	0.17274806	-0.17080817	0.20857501	-0.11529984	0.20146605	0.16908287	0.1485667
-0.92112833	0.9319763	-0.9906652	-0.9592061	0.91038245	0.93855584	0.95376617	-0.8981048	-0.92796737	-0.95205456	0.98152626	-0.98534507	0.9441047	-0.9092304	-0.8979208	-0.9263305
-0.30378544	0.29362854	-0.3094971	-0.29273129	0.3632878	0.29559058	0.31674623	-0.3633979	-0.38168487	-0.34697294	0.31152248	-0.31204265	0.31950015	-0.32546985	-0.3124019	-0.34133658
0.48682663	-0.4070632	0.5119853	0.42931902	-0.4215602	-0.44262713	-0.4448084	0.4327893	0.5187913	0.45666987	-0.48231933	0.46741098	-0.3899272	0.4554607	0.43313745	0.491283
-0.14366803	0.15813984	-0.14657024	-0.1554666	0.1527593	0.107850924	0.07361934	-0.15594135	-0.16242383	-0.14100471	0.07962715	-0.14580643	0.14847003	-0.091463014	-0.077775665	-0.13283823
0.59411186	-0.5783824	0.6074025	0.5979345	-0.61247027	-0.54712284	-0.5260156	0.5549185	0.57440513	0.6204159	-0.58481187	0.5537677	-0.53923357	0.59584695	0.5689181	0.5662207
-0.41490683	0.40347967	-0.40231842	-0.39968485	0.3962701	0.45999444	0.39791626	-0.4709839	-0.46742314	-0.4212098	0.42904052	-0.48530838	0.42023095	-0.39569622	-0.47562897	-0.41495705
-0.56178623	0.5946506	-0.5742304	-0.6077948	0.66823614	0.57283735	0.60613924	-0.56716293	-0.6704668	-0.62936884	0.59368473	-0.66792995	0.5691455	-0.63066447	-0.61478305	-0.64906824
0.7221984	-0.7867924	0.7446202	0.78665584	-0.7769535	-0.75106055	-0.74068505	0.7161585	0.8053967	0.7362117	-0.72417057	0.7695733	-0.7212784	0.7121311	0.71990186	0.76121825
0.5981586	-0.69205505	0.6746282	0.6779234	-0.65290505	-0.63727665	-0.6426632	0.62545794	0.6851174	0.63437873	-0.6586084	0.70062524	-0.6979348	0.65011877	0.6715872	0.656347
0.37552515	-0.32130894	0.3528526	0.35417974	-0.29969394	-0.3137833	-0.34273165	0.38964498	0.3614614	0.30758512	-0.34790266	0.3786732	-0.35240757	0.31302464	0.3881881	0.31098035
0.16127382	-0.07383911	0.08385419	0.038354356	-0.05918557	-0.14499967	-0.1062102	0.012637813	0.082975104	0.057998676	-0.095578335	0.081673294	-0.10026038	0.11479771	0.09003686	0.0974018
0.34322074	-0.27302894	0.3065668	0.29191858	-0.3456561	-0.31851214	-0.289144	0.30188718	0.37391365	0.34414968	-0.2842153	0.2730457	-0.28927174	0.35450554	0.33003694	0.2938314
0.50518453	-0.5685079	0.55126256	0.56726265	-0.58935773	-0.5232827	-0.48649284	0.5098992	0.5478774	0.4950885	-0.570775	0.49518576	-0.566152	0.5689193	0.552024	0.5880131
0.59439963	-0.68917656	0.66280824	0.660024	-0.7377658	-0.70039785	-0.73890734	0.7311445	0.8183097	0.759752	-0.7497379	0.74622416	-0.70645934	0.7184526	0.7500683	0.7914506
-0.23522659	0.29965553	-0.30220747	-0.29358217	0.3012561	0.27754402	0.24651341	-0.28043085	-0.31377846	-0.23218818	0.3265231	-0.2913072	0.313848	-0.2316681	-0.21646051	-0.2753606
0.3880977	-0.4654237	0.45250627	0.45928288	-0.41301227	-0.4475375	-0.4245565	0.46696794	0.42309356	0.43390197	-0.4347336	0.40455416	-0.45041624	0.38940424	0.47287452	0.42428148
0.62028664	-0.57447505	0.55132943	0.59624696	-0.60977143	-0.5713034	-0.5866187	0.5219263	0.57520473	0.53892547	-0.5607511	0.63082814	-0.59007114	0.60588056	0.5590326	0.5943106
0.07214149	-0.07363984	0.08403377	0.005323189	-0.011953017	-0.040469877	-0.082818046	0.07758719	0.07650433	0.051779658	-0.08850794	0.08655573	-0.09554085	0.0231164	0.09124204	0.085167095
0.8105774	-0.8197523	0.86579704	0.8732794	-0.9104897	-0.8036809	-0.8977543	0.84353673	0.981304	0.89885396	-0.87302387	0.871899	-0.8839077	0.8460331	0.8392908	0.9082609
-0.63664025	0.6741656	-0.7099706	-0.6383655	0.6696465	0.59868187	0.62934345	-0.6216501	-0.65127	-0.6211461	0.67569107	-0.6450708	0.681212	-0.6987756	-0.6371214	-0.6414576
-0.15492713	0.22499695	-0.14568356	-0.19705756	0.21215273	0.14883505	0.20637201	-0.22314692	-0.16427971	-0.18600523	0.16725585	-0.22276208	0.18089454	-0.21187136	-0.1640879	-0.22779574
-0.45229176	0.37646523	-0.48471192	-0.3769915	0.40094224	0.4343194	0.41300187	-0.377539	-0.41249058	-0.44292277	0.43879443	-0.448002	0.43744448	-0.39162225	-0.43789482	-0.453912
0.5865425	-0.6791389	0.62904406	0.61396474	-0.6904014	-0.6070904	-0.62152827	0.58165526	0.6779187	0.6187278	-0.70035344	0.65568244	-0.59080803	0.61639804	0.63722146	0.66717017
0.11918278	-0.21433659	0.14671035	0.13818976	-0.21780197	-0.1629038	-0.18236291	0.20971456	0.17922544	0.20208845	-0.1312382	0.21375006	-0.1539267	0.18923311	0.19089608	0.16993992
-0.1491867	0.13055699	-0.22130674	-0.117673516	0.12682362	0.1750959	0.121201344	-0.11978819	-0.1702174	-0.15795895	0.11924864	-0.1875589	0.13313478	-0.109405	-0.12782681	-0.13629007
-0.8436385	0.90500546	-1.0174414	-0.92190695	0.93682027	0.96053094	0.9288301	-0.91048735	-0.9841214	-0.9148555	0.94237787	-1.0215976	0.9816124	-0.9029313	-0.9725619	-0.9604344
-0.20461759	0.16576785	-0.14722125	-0.16695248	0.18261757	0.15787306	0.182083	-0.10989729	-0.15941873	-0.12914182	0.16968808	-0.15830286	0.110025465	-0.104564786	-0.16874516	-0.18166384
-0.41731155	0.41429698	-0.4898483	-0.4370936	0.45063204	0.4267652	0.449168	-0.41394696	-0.41299945	-0.42919555	0.4689042	-0.4508623	0.43453917	-0.4047525	-0.45439377	-0.45939848
-0.6896956	0.6976572	-0.65104294	-0.6946113	0.66965616	0.6757678	0.70347565	-0.68664527	-0.7536944	-0.6675047	0.67277324	-0.7300472	0.71798563	-0.70379674	-0.6338814	-0.7552723
-0.23191932	0.25498274	-0.17871268	-0.25263596	0.26632348	0.23585647	0.18102087	-0.25781175	-0.25547892	-0.24793686	0.23780522	-0.23412071	0.21067141	-0.2648624	-0.22321036	-0.24374603
-0.05332771	0.0012095597	-0.03344108	-0.020608926	0.08125696	0.030608488	0.016939392	-0.056936346	-0.053401634	-0.068261296	0.03152128	-0.01077953	0.03603563	0.005257789	-0.017417941	-0.013144681
-0.024436004	0.11698879	-0.13669251	-0.14747977	0.14668754	0.06488474	0.07680517	-0.1018004	-0.104960516	-0.14329821	0.17903145	-0.10689778	0.10800082	-0.0973368	-0.09097799	-0.11839337
0.43167976	-0.45945194	0.47497982	0.51067716	-0.5181335	-0.49486455	-0.49006003	0.48495057	0.53548145	0.48427293	-0.4373213	0.47351542	-0.4870398	0.46243238	0.5313714	0.47429147
0.698356	-0.7451663	0.7190331	0.70075154	-0.7477758	-0.7262881	-0.71745646	0.70387405	0.7130934	0.6826564	-0.69825506	0.7456816	-0.6840638	0.69809383	0.74109876	0.71402377
-0.19174051	0.19399197	-0.21028058	-0.23630928	0.22053094	0.24402416	0.18130647	-0.24509157	-0.27443787	-0.2566779	0.18445389	-0.20604359	0.21887916	-0.17562392	-0.21010602	-0.22706807
-0.7040038	0.772605	-0.77202356	-0.83881414	0.8546917	0.82524914	0.79997474	-0.8014779	-0.8901613	-0.8077088	0.7967817	-0.7904475	0.75033206	-0.8082521	-0.83017755	-0.86788243
0.4455667	-0.42989838	0.39503753	0.47191465	-0.44739005	-0.41111478	-0.40733343	0.48294848	0.48931146	0.43832058	-0.49273333	0.42866468	-0.46117696	0.43752715	0.47284552	0.42698926
0.7054568	-0.84353334	0.78919905	0.80309623	-0.82112014	-0.81562155	-0.84365046	0.7286402	0.84108526	0.820796	-0.7590455	0.7742238	-0.8080353	0.82510346	0.811535	0.86534977
-0.08158525	0.07237725	-0.21387659	-0.11716882	0.14148061	0.15815558	0.080562875	-0.16391934	-0.13070092	-0.140439	0.12190193	-0.11238864	0.18777382	-0.1671858	-0.072598726	-0.13090272
-0.688357	0.8278718	-0.83062273	-0.74031365	0.7652682	0.79848564	0.762414	-0.8228054	-0.88483346	-0.7871567	0.82288927	-0.82689744	0.74647737	-0.80805963	-0.74057496	-0.80167806
0.4415692	-0.42282766	0.4943481	0.4406945	-0.458898	-0.4858851	-0.4280073	0.40292916	0.49062678	0.46649885	-0.45181164	0.48513755	-0.39757323	0.43695125	0.42558685	0.4923434
0.24849173	-0.2546953	0.2057329	0.2204665	-0.21546336	-0.24939404	-0.20965393	0.23481032	0.24361613	0.23636825	-0.19298865	0.26477203	-0.2104087	0.2131337	0.24135762	0.27492926
-0.8426473	0.819368	-0.8684529	-0.7377373	0.79256797	0.8260973	0.73467374	-0.786051	-0.83077735	-0.73383677	0.7437592	-0.8000333	0.7290993	-0.7856048	-0.76611286	-0.77217454
0.1747461	-0.17228906	0.1874657	0.18995315	-0.1645616	-0.10081146	-0.10923403	0.2323628	0.12206778	0.13349989	-0.13128065	0.1844139	-0.14545058	0.15818714	0.118016146	0.15049684
0.28490743	-0.27937156	0.28928173	0.22720993	-0.30383974	-0.30309606	-0.27861395	0.24285774	0.32811955	0.21640164	-0.2948212	0.25493133	-0.29017386	0.21194965	0.2666226	0.3036161
0.43472564	-0.5386398	0.5010964	0.55067754	-0.48739564	-0.48747414	-0.5327128	0.45875022	0.59358305	0.5128456	-0.481372	0.5060555	-0.5305682	0.5557914	0.540505	0.5293188
0.6281758	-0.6744953	0.58966726	0.63306683	-0.6879011	-0.6878913	-0.666117	0.6459307	0.7602145	0.6244995	-0.71026343	0.6951959	-0.64497674	0.6198208	0.6183258	0.6719983
0.5241019	-0.4469009	0.4931636	0.4931653	-0.53971386	-0.5229683	-0.5188576	0.5311714	0.51790786	0.44637516	-0.51097	0.5155041	-0.5103873	0.48122507	0.510158	0.51022536
0.13645217	-0.21863972	0.14605886	0.18141036	-0.2215625	-0.17721048	-0.17176262	0.20691219	0.23434056	0.23350029	-0.20169355	0.19296601	-0.14264444	0.1799182	0.21633685	0.23077863
0.66667897	-0.7224904	0.77325284	0.7594016	-0.71999776	-0.70390326	-0.74898875	0.7315821	0.78900886	0.7312487	-0.7498119	0.7645961	-0.6747133	0.7556875	0.7103104	0.77360475
0.24938717	-0.269865	0.22670324	0.20430042	-0.2619418	-0.17351182	-0.24153508	0.1882986	0.2292684	0.2608218	-0.2601998	0.21183589	-0.18953031	0.2168348	0.18727408	0.2732727
-0.60724455	0.66574293	-0.72627205	-0.67876214	0.7446463	0.6727721	0.7309374	-0.69563603	-0.7287116	-0.68706113	0.71135443	-0.759892	0.7113022	-0.683624	-0.7147284	-0.75610447
0.29207388	-0.3030401	0.27919227	0.36226162	-0.326375	-0.3420076	-0.2643328	0.37960374	0.29833898	0.28583926	-0.35371107	0.3622956	-0.33667937	0.36576012	0.33161682	0.33339006
0.28402343	-0.3154644	0.3331496	0.29821226	-0.34590602	-0.3490751	-0.3289724	0.33057225	0.32262182	0.290232	-0.32581437	0.2714541	-0.3506871	0.32553622	0.30652118	0.32097465
-0.8129442	0.93464357	-0.927707	-0.9182783	0.8888224	0.9274379	0.88266087	-0.83217824	-0.992597	-0.8910179	0.93894064	-0.900941	0.85961944	-0.88373893	-0.87247425	-0.90475327
-0.03237117	0.022303866	-0.00646504	-0.06793158	0.027401218	0.008340444	0.018987471	-0.08273133	-0.081868716	-0.018114854	-0.0028209963	-0.01563077	0.03883494	-0.015712764	-0.013756134	-0.067433685
-0.15459606	0.15312654	-0.1341813	-0.15980257	0.20758046	0.1223168	0.19973655	-0.1351344	-0.14402062	-0.14864844	0.21490872	-0.1486522	0.19968592	-0.17306086	-0.2041196	-0.22548611
0.93360454	-0.9169153	0.9448629	0.90528655	-0.94334865	-0.89577186	-0.90944225	0.9340796	1.0134089	0.9495312	-0.8971809	0.96312726	-0.9054338	0.89943624	0.8835624	0.993894
-0.43253908	0.34715816	-0.49687994	-0.39041886	0.44325945	0.37710467	0.43725112	-0.46022555	-0.42650536	-0.36253726	0.35736856	-0.36015168	0.35614592	-0.37295467	-0.43410343	-0.43479732
-0.1337033	0.24985895	-0.36244076	-0.31210193	0.3202202	0.2909521	0.23036791	-0.34852165	-0.3525761	-0.2948396	0.33264896	-0.31829232	0.33164963	-0.22773206	-0.2481824	-0.29140067
-0.558398	0.62364715	-0.5926438	-0.6040276	0.62412715	0.62469465	0.5833401	-0.59056	-0.6222085	-0.59860206	0.581966	-0.5560296	0.6004361	-0.59105307	-0.6059038	-0.58933824
0.6420757	-0.6891313	0.73200667	0.7577445	-0.71900487	-0.6551686	-0.69107795	0.66867137	0.8218279	0.67294675	-0.75674295	0.7640524	-0.6859905	0.7530166	0.7062452	0.7963205
-0.32192492	0.31138536	-0.43177846	-0.360474	0.32710695	0.31774056	0.36854678	-0.400723	-0.35239634	-0.3368685	0.39549822	-0.35333782	0.39559403	-0.38476998	-0.30887654	-0.38793543
-0.8686628	0.9249282	-0.9503777	-0.86718136	0.8832569	0.8665542	0.9071621	-0.8756566	-0.9824042	-0.9211461	0.8883031	-0.9120517	0.87501496	-0.8635243	-0.90778434	-0.95525205
-0.22453792	0.15674138	-0.26666403	-0.2012176	0.2058305	0.20715721	0.15881975	-0.20457119	-0.14495763	-0.18148197	0.124702774	-0.1988079	0.14884043	-0.21270388	-0.2133992	-0.18890567
-0.16227421	0.09935311	-0.15323107	-0.0909477	0.12727088	0.1487953	0.15578288	-0.14769037	-0.15988518	-0.093928285	0.12558012	-0.099287845	0.080231085	-0.12556419	-0.1016697	-0.16930407
0.5111415	-0.5743492	0.4747235	0.4851794	-0.58098835	-0.5141287	-0.48264247	0.5146826	0.4957016	0.5102947	-0.5609215	0.510834	-0.47486514	0.5160113	0.5182268	0.54248315
-0.8247338	0.80006456	-0.80784804	-0.8565302	0.8392889	0.83322245	0.775239	-0.83805406	-0.88772345	-0.8245362	0.8195461	-0.8744802	0.8030687	-0.8700788	-0.77337414	-0.88962674
-0.83689076	0.8204462	-0.985555	-0.81511015	0.8906416	0.87216043	0.8260877	-0.8283817	-0.8698848	-0.8735443	0.8536301	-0.8656208	0.80695015	-0.85292405	-0.89221	-0.9146961
0.15011826	-0.18650658	0.21983588	0.17575876	-0.14591497	-0.16427672	-0.22439162	0.20443751	0.1537795	0.23310554	-0.1795171	0.15942845	-0.16697662	0.23664501	0.22274393	0.23303258
-0.31312808	0.29331654	-0.33928	-0.3791483	0.34351337	0.34898284	0.30266047	-0.32120496	-0.36618444	-0.37196076	0.34447455	-0.38037208	0.30193174	-0.38394195	-0.3259864	-0.3735873
-0.78343946	0.7804892	-0.8396806	-0.81334734	0.7724434	0.7875623	0.7751681	-0.8185452	-0.781024	-0.7409104	0.77696514	-0.80901617	0.72375953	-0.77091587	-0.7341183	-0.84883344
-0.2891596	0.21743473	-0.28377327	-0.2219991	0.26344675	0.29191828	0.25646088	-0.3089695	-0.2699405	-0.26657525	0.23046072	-0.28335533	0.25267556	-0.23574279	-0.25194266	-0.25509042
0.24479185	-0.26627415	0.26027244	0.26477325	-0.30975354	-0.2948373	-0.2474655	0.2775542	0.2900916	0.25371963	-0.25105804	0.30993462	-0.25652006	0.23631409	0.2692362	0.30886626
0.16037643	-0.11539872	0.21152791	0.09575459	-0.090726055	-0.14464948	-0.14084741	0.13599452	0.14024048	0.12088774	-0.1713263	0.14390528	-0.1473681	0.16122802	0.09550841	0.13762234
0.48335353	-0.6202865	0.63047767	0.59450924	-0.64991105	-0.57147294	-0.547277	0.58503634	0.7186629	0.5655273	-0.6053911	0.6497944	-0.5455412	0.54969454	0.551957	0.6790119
0.27654216	-0.19736546	0.24681176	0.18557791	-0.16215831	-0.2677979	-0.18797667	0.19703045	0.25242138	0.23012091	-0.22780815	0.18891105	-0.15795286	0.18646131	0.23061955	0.21938406
-0.26080889	0.2358946	-0.27331758	-0.22341925	0.29080287	0.27619025	0.22598141	-0.26905426	-0.29897165	-0.26929036	0.2360311	-0.30059564	0.27405035	-0.29912424	-0.29771075	-0.24870424
-0.8328123	0.8583547	-0.8419842	-0.86123586	0.9445172	0.8415684	0.8961015	-0.87971145	-0.8955753	-0.88404965	0.9297494	-0.9635148	0.9248346	-0.8633358	-0.8908831	-0.8975019
-0.5200111	0.58291864	-0.6474391	-0.5700144	0.57220054	0.58191144	0.5258225	-0.5659637	-0.6359274	-0.5438471	0.5212094	-0.5866386	0.5461933	-0.57657117	-0.58726245	-0.59517753
0.8518966	-0.8537952	0.93405837	0.8656039	-0.8850448	-0.84713244	-0.91145855	0.9177759	0.90418684	0.896158	-0.8439849	0.90653443	-0.9142245	0.9209041	0.8463471	0.89574534
-0.73690903	0.8483403	-0.8433298	-0.8032941	0.8756502	0.73724765	0.74431574	-0.8178779	-0.90387344	-0.7913286	0.85627085	-0.7987606	0.7468257	-0.7678181	-0.79826796	-0.82725894
0.703045	-0.7727034	0.73722696	0.7320781	-0.76349956	-0.689562	-0.6855466	0.66139257	0.7777182	0.7631938	-0.69968903	0.76640713	-0.6737636	0.77814376	0.7215513	0.77030534
0.5373174	-0.5420216	0.5482937	0.58750194	-0.5546883	-0.52849585	-0.62213886	0.619992	0.64342815	0.5243483	-0.5401587	0.6125128	-0.60792935	0.60608304	0.5246071	0.6189084
0.2838636	-0.32746953	0.23881452	0.27758166	-0.29944554	-0.34944224	-0.3630271	0.30947435	0.36297178	0.3231555	-0.38108465	0.373281	-0.33220017	0.2911079	0.35444027	0.36531273
0.85328305	-0.87741804	0.8766678	0.88289833	-0.8544649	-0.85189795	-0.83720213	0.8877004	0.8733446	0.905988	-0.91008043	0.84806395	-0.7975688	0.86518246	0.88332963	0.8720651
-0.33874136	0.25947946	-0.30007794	-0.2657325	0.2514447	0.26282126	0.26772338	-0.2682175	-0.29784653	-0.24301678	0.2522593	-0.31389135	0.3380216	-0.30614915	-0.29407677	-0.28452334
-0.60678643	0.721621	-0.7970299	-0.78842765	0.77205557	0.66048354	0.75111717	-0.7704857	-0.7970353	-0.7937451	0.7771771	-0.7449934	0.7082927	-0.74482495	-0.7240894	-0.83342916
0.28007135	-0.26493025	0.28294164	0.20188302	-0.27183327	-0.20752883	-0.22147855	0.2833049	0.20272286	0.27908584	-0.28966707	0.28289008	-0.26858395	0.20712304	0.25165248	0.27650407
0.69725764	-0.7581811	0.72103477	0.7417117	-0.7126406	-0.75106615	-0.7714591	0.75044066	0.7755367	0.7285783	-0.7775895	0.78791904	-0.7555659	0.7591073	0.6857043	0.76797837
-0.41698536	0.4133765	-0.40111405	-0.43086666	0.47978967	0.43720424	0.3970406	-0.41916424	-0.43552	-0.42491475	0.38201627	-0.40350622	0.38348988	-0.43644476	-0.46997562	-0.4076078
0.7913227	-0.81667805	0.891667	0.8773664	-0.8336021	-0.8266992	-0.87171435	0.85217184	0.9566762	0.87997496	-0.81032026	0.89940804	-0.8155871	0.81959444	0.78396994	0.92300224
0.19590713	-0.15964398	0.14750527	0.20450385	-0.17411289	-0.2476758	-0.18710697	0.21942185	0.23971474	0.18964092	-0.14174682	0.21753146	-0.18258947	0.18282294	0.16983184	0.2376764
-0.7888916	0.8448686	-0.84115386	-0.84313935	0.80540085	0.8574172	0.8214387	-0.8326342	-0.8434596	-0.8558099	0.8307874	-0.8183318	0.8516472	-0.8214071	-0.7834078	-0.8955812
-0.71698785	0.7650923	-0.779302	-0.8226359	0.77110183	0.7916923	0.7952662	-0.8555209	-0.8709366	-0.7792977	0.81161994	-0.8214434	0.77939457	-0.8154099	-0.78073895	-0.80993354
-0.5781496	0.6824653	-0.7665694	-0.78351665	0.738041	0.73683286	0.7314757	-0.8408643	-0.83600074	-0.7428542	0.77621144	-0.7763436	0.75943804	-0.7557021	-0.6856537	-0.8525166
0.26158717	-0.23019205	0.28758973	0.22102758	-0.19901986	-0.16868275	-0.2582885	0.19870606	0.18542485	0.1756305	-0.20758787	0.20357178	-0.20049968	0.2255411	0.20674491	0.18332064
0.5524384	-0.5438147	0.5768675	0.57344294	-0.57964647	-0.5882714	-0.567905	0.5485258	0.5931986	0.58139366	-0.5559022	0.55995363	-0.54320055	0.5803094	0.5271188	0.5865156
-1.057705	1.0552227	-1.1008155	-1.0103688	1.0641868	1.0969576	1.0670896	-1.0376081	-1.1621848	-1.0305082	1.1084442	-1.1006036	1.0772835	-1.0202707	-0.99661416	-1.1012021
-0.32021952	0.32587254	-0.3997341	-0.36599702	0.37466934	0.30481255	0.35039866	-0.3579532	-0.38023123	-0.3258363	0.3153802	-0.37438348	0.31235486	-0.37348706	-0.32570815	-0.33460677
-0.30294037	0.28256103	-0.2628847	-0.23503982	0.25356078	0.25008994	0.29948354	-0.25431454	-0.28064784	-0.3324281	0.2620292	-0.31131315	0.28561133	-0.25551084	-0.2527207	-0.33128768
-0.43874532	0.33784664	-0.36095542	-0.37600735	0.3082351	0.34639603	0.35677174	-0.38999143	-0.33307415	-0.32632488	0.34081602	-0.35343328	0.34254795	-0.3835413	-0.40342107	-0.38686794
-0.12519026	0.12997267	-0.06500822	-0.083123535	0.097004116	0.11450825	0.12596919	-0.15500459	-0.0952329	-0.09289249	0.1081127	-0.04528451	0.050202485	-0.13337976	-0.13125284	-0.13482352
0.7554292	-0.78897446	0.81074315	0.81393385	-0.84243226	-0.8360461	-0.75731665	0.740361	0.86802286	0.76914936	-0.7932673	0.80395144	-0.82196033	0.7811536	0.7529037	0.81994236
-0.71256864	0.80632824	-0.80234087	-0.7884739	0.73966694	0.72867906	0.8143037	-0.74023056	-0.80030036	-0.74436945	0.77806413	-0.76605517	0.7711506	-0.75706303	-0.7640042	-0.7816744
-0.37449238	0.4455031	-0.46839476	-0.4173835	0.44637707	0.42860118	0.36422515	-0.47118202	-0.4743799	-0.3763309	0.41406807	-0.46719614	0.40263522	-0.40596318	-0.40622312	-0.43024132
-0.55864394	0.60670435	-0.5585581	-0.5444975	0.6060068	0.52154785	0.61482304	-0.6069627	-0.5948341	-0.5494274	0.60221076	-0.5659918	0.5314605	-0.6021367	-0.5904906	-0.60462636
0.17656128	-0.26123658	0.24489659	0.25408235	-0.18030119	-0.21563508	-0.19651309	0.17513339	0.2384145	0.24269614	-0.21142015	0.17484881	-0.22169517	0.23007646	0.23394147	0.20022005
-0.6598869	0.78293234	-0.8021542	-0.7883016	0.7898713	0.73675513	0.76028824	-0.7373475	-0.799574	-0.70853996	0.74629223	-0.78361213	0.701959	-0.7260542	-0.70179987	-0.80083996
-0.16649602	0.20416446	-0.1260565	-0.21987052	0.18602592	0.2044858	0.17429247	-0.15390335	-0.17883319	-0.19142455	0.16790977	-0.18528801	0.22334555	-0.21623339	-0.14350402	-0.14956053
0.14982347	-0.09117638	0.10014664	-0.012257537	0.0051154243	-0.068499655	-0.026200205	0.00577552	0.004084687	0.0037931344	-0.008093587	0.0493419	-0.040510345	0.017839668	0.059811804	0.014938713
-0.68333185	0.75742733	-0.7459458	-0.69302225	0.7220276	0.6994971	0.7301472	-0.81555015	-0.7577475	-0.72577703	0.7358386	-0.78351325	0.6833228	-0.73126644	-0.7389896	-0.78678733
-0.7117576	0.68021923	-0.8059498	-0.7364717	0.7760418	0.74946934	0.69872326	-0.7594979	-0.7635811	-0.6642469	0.75473267	-0.7597141	0.72890717	-0.69043916	-0.73707205	-0.796213
-0.16475698	0.13973428	-0.15078281	-0.19852035	0.19377506	0.19766293	0.16529568	-0.2143239	-0.16178139	-0.18261875	0.17759433	-0.11485018	0.13434055	-0.1594508	-0.19476207	-0.119583145
-0.021010628	0.01990373	-0.032438185	-0.019428704	0.07866049	0.024575816	0.039065186	-0.061803605	-0.012498513	-0.016466862	0.081603356	-0.05697844	0.08152642	-0.058915403	-0.09180721	-0.0784326
-0.68124425	0.6912914	-0.7457903	-0.70699894	0.71002066	0.6896635	0.6651205	-0.7083778	-0.75332296	-0.718507	0.7306433	-0.6803616	0.70809203	-0.7088278	-0.69299954	-0.6749102
-0.9675429	0.93136173	-1.0144988	-0.9699079	0.98738766	0.9571178	0.92746055	-1.0074285	-1.0457727	-1.0169584	0.9759964	-1.0284528	0.96116126	-1.0115303	-0.9492957	-1.0279529
0.73492694	-0.8688247	0.7956334	0.82866824	-0.8477545	-0.7956612	-0.81489116	0.8380891	0.8627777	0.77573854	-0.7810628	0.8608758	-0.8074556	0.76912576	0.84724325	0.84315246
0.5504154	-0.5152894	0.45876402	0.5031943	-0.50241494	-0.5471592	-0.46037292	0.50287753	0.5163067	0.50679713	-0.4845544	0.4920658	-0.518885	0.53376776	0.54668194	0.47262207
-0.7516973	0.82494676	-0.8053783	-0.7982678	0.7695695	0.7939379	0.8154571	-0.81676155	-0.82889026	-0.7730662	0.82217455	-0.78857285	0.8336	-0.76472664	-0.7482423	-0.86612415
0.19208212	-0.2454863	0.2327497	0.24572946	-0.23449372	-0.2711216	-0.2409468	0.2557291	0.25507352	0.22844033	-0.24737796	0.21385255	-0.25256935	0.28589243	0.23965247	0.22729532
0.15596986	-0.12545304	0.16932034	0.15093797	-0.13946342	-0.11414351	-0.14266779	0.13973318	0.12825198	0.1704444	-0.16535299	0.11261763	-0.09280138	0.17289497	0.13184814	0.16310303
-0.8607862	0.7905203	-0.8672434	-0.8659811	0.82847804	0.8003757	0.83281523	-0.7748392	-0.85665256	-0.86675537	0.80025375	-0.8099096	0.8128683	-0.81840974	-0.8728262	-0.8764287
0.80251086	-0.82086307	0.8610066	0.80082506	-0.85441446	-0.7667675	-0.8490591	0.80351377	0.85332566	0.7676921	-0.8125621	0.8580229	-0.83156097	0.7649356	0.7761726	0.8056424
0.12492279	-0.0494098	0.08984746	0.110742524	-0.05666403	-0.09594008	-0.09499554	0.13266055	0.115474224	0.06459195	-0.09902262	0.106968336	-0.085513175	0.12157263	0.10310389	0.09928054
-0.58801603	0.6754778	-0.6133321	-0.66009545	0.67966914	0.6109973	0.58840585	-0.6369471	-0.62158155	-0.5935812	0.63849074	-0.6750985	0.7024953	-0.6402805	-0.6219504	-0.7090685
0.3560046	-0.26979196	0.30125722	0.3260216	-0.34805277	-0.31613114	-0.34318122	0.3311388	0.36482552	0.33751637	-0.3132818	0.31730413	-0.30487472	0.29700506	0.27455655	0.31111917
-0.13479577	0.09829611	-0.14741232	-0.055900536	0.06776434	0.06854543	0.10749324	-0.086961605	-0.079548374	-0.07980954	0.1264642	-0.030830916	0.07521327	-0.105656095	-0.06089043	-0.114411026
0.5821579	-0.61598194	0.65532225	0.52534515	-0.63251543	-0.5864533	-0.5538015	0.6032348	0.5531544	0.61893594	-0.55069643	0.59658664	-0.5625846	0.59864366	0.5804879	0.63615733
-0.04158224	0.051284973	-0.08688188	-0.018338596	0.109963864	0.036436845	0.12463518	-0.057391196	-0.099376954	-0.11801006	0.06845773	-0.11390919	0.09514634	-0.120706685	-0.051594295	-0.039575644
-0.21060896	0.18189272	-0.2082171	-0.25433218	0.18270881	0.18261471	0.23304659	-0.19379126	-0.21602915	-0.25675598	0.16360404	-0.25045177	0.2343076	-0.16279192	-0.25604635	-0.21653852
-0.21654685	0.1915304	-0.20263433	-0.20651957	0.16296528	0.19341554	0.24799947	-0.19694926	-0.21564296	-0.1688556	0.23541754	-0.19170238	0.20453142	-0.24738792	-0.24082892	-0.22313699
0.8779657	-0.9063202	0.9703202	0.9017629	-0.8737653	-0.89820355	-0.87811327	0.9149187	0.9812193	0.9131906	-0.9548452	0.87166077	-0.90679497	0.9490206	0.9283837	0.9082641
-0.89433384	0.8461256	-0.9278222	-0.82969964	0.8530774	0.8403679	0.8914506	-0.87298965	-0.9351731	-0.9090108	0.8629596	-0.8508642	0.8744448	-0.85520434	-0.8533331	-0.9524925
0.865057	-0.8688165	0.86431795	0.91034865	-0.87908304	-0.8514563	-0.90536135	0.8595671	0.9343794	0.9493088	-0.9242937	0.9116691	-0.84350306	0.89323205	0.8467535	0.9458263
0.897953	-0.95180607	0.95526564	0.8820855	-0.93171823	-0.9317244	-0.9884824	0.8729276	0.9651	0.9179256	-0.95961624	0.9459287	-0.9392094	0.9446044	0.92721254	0.9877595
-0.783109	0.8425645	-0.78838265	-0.7646838	0.8718566	0.8169035	0.8161939	-0.84910643	-0.8862368	-0.8098532	0.8666281	-0.80779845	0.8287286	-0.8103248	-0.8200781	-0.8057974
0.183774	-0.15830801	0.08156497	0.14522696	-0.07809672	-0.14634798	-0.1734576	0.13927987	0.13649765	0.17703946	-0.119669944	0.15571274	-0.056393467	0.16764008	0.10906109	0.17666946
0.4175109	-0.4081035	0.36021706	0.34453413	-0.38973778	-0.3976254	-0.36420912	0.3950124	0.4011603	0.4211773	-0.41676456	0.38525656	-0.39904135	0.40903097	0.36725667	0.4083906
0.61610967	-0.61526674	0.56158197	0.6218729	-0.57749873	-0.58425844	-0.57719034	0.54707634	0.5946033	0.6138273	-0.6061024	0.5616752	-0.5541257	0.56823415	0.542994	0.59171873
0.21306841	-0.26637453	0.24756557	0.2304139	-0.32255083	-0.23978317	-0.2649392	0.19446209	0.2594093	0.29002705	-0.28802657	0.30011898	-0.2711394	0.2922148	0.2434367	0.24998121
-0.6727969	0.84509873	-0.88373286	-0.858581	0.9151783	0.8193194	0.8546699	-0.89441824	-0.9605338	-0.8703247	0.8856419	-0.9221923	0.9046074	-0.88585806	-0.85811096	-0.94626427
0.6271989	-0.5909604	0.60860515	0.64640754	-0.63131315	-0.57731485	-0.5673289	0.58632314	0.5814428	0.5808896	-0.581445	0.55549	-0.5896114	0.6245789	0.5957882	0.6397562
-0.030103367	-0.040469963	0.055894103	0.04912782	-0.051386032	-0.031322423	0.029149916	0.008581696	0.037319843	-0.023443907	-0.03179129	-0.010361961	-0.043585487	0.034958452	-0.031944383	0.042217746
-0.19936627	0.12292333	-0.20036136	-0.15216446	0.15904126	0.18179573	0.13112223	-0.14815716	-0.15085621	-0.09185864	0.10987146	-0.1380745	0.15675832	-0.10666592	-0.109872326	-0.13693306
0.334479	-0.36495653	0.380408	0.38258237	-0.39035526	-0.38096073	-0.37217796	0.3337482	0.33677664	0.39117694	-0.38209987	0.3620403	-0.30263174	0.35244676	0.37192434	0.3933151
-0.56242585	0.5377593	-0.58281446	-0.5243082	0.55218184	0.54267293	0.59123755	-0.5866326	-0.59052986	-0.5120462	0.5368997	-0.54625094	0.5939407	-0.5936405	-0.5000718	-0.6277611
-0.10513868	0.10961001	-0.064075924	-0.06742139	0.139087	0.08200398	0.04497512	-0.13087307	-0.042630866	-0.063762404	0.06938751	-0.13570978	0.081947714	-0.100904725	-0.07366489	-0.077676795
0.7122659	-0.78904665	0.7083374	0.720869	-0.77111125	-0.7883236	-0.7644548	0.80789834	0.7928755	0.74789923	-0.8375702	0.8022013	-0.73701125	0.7700406	0.74319637	0.857063
-0.12300334	0.052385934	-0.12796468	-0.05315675	0.085761964	0.059289597	0.06908069	-0.06384965	-0.054057784	-0.092401944	0.09218054	-0.070319176	0.107892625	-0.076887436	-0.059377037	-0.0954156
-0.29873973	0.24943084	-0.28309155	-0.29734665	0.33188206	0.27655244	0.29273784	-0.24570051	-0.29545578	-0.30651382	0.33142778	-0.32274228	0.3121303	-0.29957345	-0.24814454	-0.2685693
-0.6381995	0.6398414	-0.6516012	-0.6290021	0.64143705	0.6573305	0.62743104	-0.66187185	-0.7303899	-0.6719078	0.6480254	-0.6966851	0.65863675	-0.6385536	-0.67759985	-0.72822285
0.799576	-0.87688935	0.8738176	0.8911739	-0.9496267	-0.8292914	-0.83504975	0.90421194	0.8926181	0.92847914	-0.8732152	0.87077975	-0.898609	0.889289	0.8743304	0.9646916
0.28301877	-0.2880855	0.29693893	0.27716452	-0.29579243	-0.28032413	-0.34106237	0.31307903	0.28566426	0.2876707	-0.2975705	0.2890967	-0.27456108	0.2948151	0.30725545	0.34034973
-0.81150603	0.87840295	-0.9147178	-0.84628075	0.91970426	0.8841155	0.825746	-0.8312613	-0.9492718	-0.898871	0.84407514	-0.90938365	0.90089226	-0.85891825	-0.8509882	-0.85207057
0.057612978	-0.07153098	0.09691698	0.047045857	-0.12482002	-0.06945115	-0.09619108	0.06455743	0.1421943	0.0875202	-0.05502617	0.06869713	-0.10614704	0.033518694	0.060771488	0.11270196
0.4125279	-0.2858168	0.3788711	0.30341142	-0.29912812	-0.36813748	-0.3083651	0.31408054	0.29533163	0.29365933	-0.3210273	0.37096748	-0.37507293	0.36470595	0.33298331	0.3532711
0.558531	-0.6434886	0.6810687	0.6350181	-0.6862501	-0.6972194	-0.6911744	0.66456926	0.71090424	0.6893017	-0.6729563	0.64064515	-0.6065241	0.66032845	0.7026924	0.6826022
-0.18914807	0.15106988	-0.20182632	-0.16950773	0.15997335	0.11937272	0.18336797	-0.15855137	-0.14167358	-0.13284813	0.11135255	-0.12658097	0.10666745	-0.12760442	-0.15724696	-0.11320593
0.18143067	-0.2428314	0.20274115	0.28789362	-0.26070076	-0.2729384	-0.2496221	0.27281317	0.23408337	0.26349428	-0.23985875	0.23981737	-0.2746037	0.19265383	0.2748382	0.2631176
0.25033283	-0.21458986	0.17966461	0.18826386	-0.21467961	-0.1759909	-0.16721672	0.24932523	0.23338602	0.15625376	-0.19517656	0.18921614	-0.21358804	0.23614319	0.2271295	0.2135149
0.09287114	-0.13073108	0.09237482	0.10324183	-0.076394476	-0.09903415	-0.1373035	0.09369664	0.11347289	0.09721639	-0.1477431	0.07356584	-0.0706245	0.07271268	0.16523123	0.11863915
0.08019899	-0.15252815	0.11168262	0.13052034	-0.08394362	-0.15868513	-0.124166146	0.085868314	0.12524451	0.073484965	-0.15030824	0.15443644	-0.14296147	0.14211556	0.06741551	0.14360698
0.68741465	-0.7274106	0.7752645	0.74243885	-0.74787575	-0.76000595	-0.7399674	0.6689778	0.7969386	0.75945646	-0.78416455	0.75310403	-0.6786911	0.78269327	0.6809115	0.7736258
-0.6250897	0.59588856	-0.63382614	-0.569472	0.5869227	0.593841	0.5564798	-0.56964546	-0.5795057	-0.5198949	0.5273649	-0.5446747	0.51246405	-0.5207701	-0.58388203	-0.573372
0.0016103185	-0.010216449	-0.0788072	-0.026755821	-0.0014508999	-0.03397567	-0.015564087	-0.026852032	-0.032638002	0.046433277	0.0078841355	-0.011992722	-0.053831313	0.015259542	-0.028635504	-0.038587686
0.32909808	-0.27159023	0.31454238	0.34376788	-0.28298315	-0.27442563	-0.2929012	0.3017256	0.34370404	0.3502555	-0.2989148	0.26392534	-0.34896922	0.25994557	0.28547007	0.30386105
-0.699168	0.66729146	-0.7173867	-0.68195593	0.7220345	0.6983875	0.660001	-0.70715326	-0.72137326	-0.68222773	0.65746325	-0.6950099	0.6885018	-0.62325984	-0.65215945	-0.6416693
0.5890626	-0.52636796	0.5168298	0.5208729	-0.54467124	-0.5510899	-0.54368	0.60672784	0.6343646	0.5665173	-0.53999174	0.5444971	-0.55404174	0.5740875	0.57688755	0.57178134
0.12445399	-0.18400764	0.11244582	0.17831673	-0.22271605	-0.14972529	-0.18172388	0.18803233	0.17929612	0.21947783	-0.22052915	0.16384438	-0.16460772	0.18141681	0.19027369	0.20083751
-0.040800925	0.008522725	0.007134405	-0.058619246	0.09285151	0.056084212	0.031142818	-0.014809415	-0.035815503	-0.021439906	0.03043173	-0.014440673	0.0752694	-0.0048083346	-0.070577875	-0.06395136
0.63394016	-0.6683745	0.64161783	0.62064934	-0.6348025	-0.6986998	-0.6609818	0.6507498	0.7194461	0.65534294	-0.6626845	0.67535573	-0.6214088	0.6408228	0.62089247	0.66966665
-0.20186575	0.19077148	-0.19832912	-0.2267375	0.24622332	0.24550454	0.24909687	-0.19984123	-0.27781573	-0.28707093	0.26600772	-0.2654851	0.23420577	-0.19802433	-0.2404923	-0.2866546
-0.22636585	0.24212295	-0.24628745	-0.24888732	0.16387098	0.16060038	0.16666026	-0.17157441	-0.17246038	-0.23941658	0.21132289	-0.21406567	0.21092063	-0.16440634	-0.19086811	-0.16583355
0.9129188	-1.0019066	0.9476397	0.95353156	-0.97291327	-0.9151973	-0.970418	0.9265734	1.0052507	0.9683134	-1.0001256	0.96497416	-0.9579504	0.99028414	0.96705383	1.0137348
-0.5815243	0.5660877	-0.64233685	-0.52022964	0.6195169	0.5910986	0.60155565	-0.5372245	-0.5498508	-0.58274204	0.59075385	-0.5872189	0.5779447	-0.59411544	-0.6013994	-0.55430615
0.39114738	-0.41699505	0.4574723	0.41576236	-0.4132545	-0.36974376	-0.3908705	0.44822827	0.36281195	0.3720873	-0.41747272	0.43373585	-0.43128872	0.3753667	0.36188805	0.43615246
-0.40674323	0.32509014	-0.3698442	-0.3861443	0.33108863	0.42559466	0.3393475	-0.40507796	-0.34696272	-0.40008527	0.3322385	-0.37737477	0.349951	-0.3298934	-0.34749922	-0.3564442
-0.90046483	0.8588381	-0.89324516	-0.9056502	0.91404486	0.900272	0.8722108	-0.85421944	-0.9036893	-0.9215251	0.848517	-0.8935892	0.87097365	-0.90402734	-0.8864301	-0.90166336
0.25962782	-0.31047457	0.26586255	0.26658437	-0.2237203	-0.31641027	-0.28821868	0.315826	0.2267805	0.26396233	-0.26325557	0.3129731	-0.2853862	0.3163283	0.2657386	0.23254324
0.46733174	-0.532267	0.57877165	0.5334576	-0.51461726	-0.4735777	-0.47033098	0.47083467	0.52301806	0.45579013	-0.49237287	0.5407449	-0.49327365	0.48666072	0.5276073	0.49495515
0.3286294	-0.36433026	0.37713563	0.3544115	-0.3407472	-0.3532781	-0.31342798	0.33215886	0.3082612	0.34104732	-0.3561178	0.33814654	-0.3182078	0.31914586	0.34625837	0.3216502
-0.5948846	0.5668318	-0.64945626	-0.59249073	0.5769891	0.5974103	0.5663776	-0.5942859	-0.5686886	-0.5161103	0.58120286	-0.5191674	0.57449746	-0.52895474	-0.61922777	-0.61839837
-0.021071644	0.0745257	-0.09137773	-0.07213299	0.084032394	0.1050188	0.060351375	-0.132502	-0.07816216	-0.06603283	0.015974816	-0.07886603	0.070027284	-0.0766974	-0.05365471	-0.082848854
-0.42678225	0.4941296	-0.55987465	-0.5258953	0.5141263	0.4554974	0.47322324	-0.49231687	-0.5727693	-0.5436239	0.5488869	-0.5733012	0.4924715	-0.48103863	-0.5469377	-0.6066499
-0.4521577	0.34703937	-0.415054	-0.35364762	0.3540377	0.41304874	0.37868854	-0.39439365	-0.44350564	-0.37902388	0.4178064	-0.43489704	0.4426202	-0.43091363	-0.4096365	-0.39733246
0.47671914	-0.4480775	0.39963412	0.44799906	-0.4640788	-0.47484285	-0.4760683	0.42356044	0.4157221	0.46272781	-0.43071347	0.4653904	-0.41443092	0.45750308	0.4492974	0.48828238
0.25095388	-0.13002574	0.22614422	0.1922373	-0.11283883	-0.14316373	-0.20724885	0.15799548	0.20440464	0.16393152	-0.1556018	0.12375377	-0.16989055	0.1767932	0.19076806	0.14477639
0.20038134	-0.20334367	0.14906256	0.25669107	-0.25829706	-0.17145604	-0.19465327	0.25174692	0.21581252	0.17747734	-0.19531034	0.17545396	-0.24680445	0.21578851	0.18509665	0.23205926
-0.09305488	0.028604094	-0.08753731	-0.06574852	0.055767164	0.10926127	0.06279016	-0.021706406	-0.099737994	-0.016493825	0.046458773	-0.027803916	0.0719476	-0.102656685	-0.025607118	-0.11088795
0.6984777	-0.71456915	0.7252173	0.72812253	-0.7802578	-0.754176	-0.72335345	0.7062727	0.77422655	0.7412851	-0.71966404	0.8151886	-0.71989155	0.767223	0.73379904	0.7489378
-0.4692585	0.64059466	-0.7515842	-0.6510141	0.6831919	0.614558	0.58079195	-0.66593075	-0.73512554	-0.64269626	0.6364029	-0.6673558	0.71714205	-0.63664484	-0.62127316	-0.74366975
-0.1901352	0.36978126	-0.37354386	-0.43926454	0.43310195	0.33908185	0.32614943	-0.39510483	-0.38885823	-0.38861442	0.45170048	-0.42523596	0.4208205	-0.33420476	-0.34394452	-0.4578301
-0.14143744	0.09227751	-0.08561762	-0.09312	0.18122217	0.11667307	0.10601415	-0.111661196	-0.14962034	-0.1414206	0.17253375	-0.09402983	0.098978914	-0.12768798	-0.12906788	-0.18933116
-0.07777132	0.13866353	-0.16061682	-0.10583259	0.08469182	0.10527592	0.06431005	-0.17996871	-0.1897429	-0.116450585	0.13915037	-0.103499874	0.09337162	-0.108494446	-0.10609048	-0.11199895
0.23448685	-0.33973753	0.32815537	0.31590205	-0.27419385	-0.32524085	-0.30754396	0.34215873	0.275188	0.2667603	-0.30799583	0.34986	-0.31785417	0.33990547	0.320918	0.29173183
0.3101101	-0.42190808	0.3053116	0.4180672	-0.4293772	-0.38474768	-0.42346343	0.35318953	0.37606707	0.341614	-0.39192006	0.35294512	-0.38627213	0.3780473	0.37903014	0.4375646
-0.6253605	0.72075456	-0.65112984	-0.6454422	0.75185716	0.65985054	0.6502424	-0.71279144	-0.6901641	-0.7394196	0.7481263	-0.6613647	0.67262423	-0.7183904	-0.7231257	-0.7044912
-0.3888397	0.430292	-0.4336239	-0.46113855	0.3992586	0.39293173	0.3771897	-0.38130972	-0.47077826	-0.3756636	0.44016808	-0.39677912	0.46897832	-0.3980948	-0.40398777	-0.39301524
0.31914166	-0.3879309	0.29767355	0.31058875	-0.3442801	-0.30133012	-0.33489034	0.32079682	0.3900082	0.36519212	-0.35073018	0.29474682	-0.27727887	0.36779922	0.2974863	0.36499786
0.8558036	-0.8650918	0.93112737	0.90043724	-0.881297	-0.8377149	-0.8484663	0.8313895	0.9494237	0.84110075	-0.84925306	0.8764695	-0.8799539	0.89002246	0.87054837	0.8558891
-0.2747118	0.28458303	-0.22698706	-0.2567249	0.25733185	0.27474272	0.22420289	-0.3064435	-0.29159784	-0.3139737	0.23914155	-0.3049377	0.2886154	-0.23797975	-0.24679214	-0.29333672
-0.008565233	0.075542584	-0.08551415	-0.09957428	0.070913516	0.090947434	0.07827254	-0.0708874	-0.1525503	-0.05407058	0.09738644	-0.06577952	0.13057707	-0.055168543	-0.05700401	-0.09927191
0.7649922	-0.74004585	0.7578489	0.7303422	-0.77780706	-0.81281626	-0.76597595	0.7155675	0.7861073	0.73771477	-0.8076731	0.76805115	-0.75780594	0.7916153	0.7610302	0.83137465
0.55344856	-0.5725562	0.58829826	0.52711815	-0.5919813	-0.5520525	-0.59720397	0.5722808	0.5357803	0.5730144	-0.60224646	0.56525487	-0.5126113	0.5369026	0.6030532	0.59994555
-0.23559885	0.29014224	-0.24131931	-0.20697476	0.22994713	0.2605193	0.23218559	-0.26250485	-0.25848526	-0.25349367	0.2082248	-0.2868796	0.22034213	-0.23234515	-0.21476252	-0.24586801
0.7986048	-0.88756526	0.7832467	0.83090264	-0.8469954	-0.8158681	-0.80588543	0.8090319	0.88712335	0.83780754	-0.81912714	0.8454495	-0.78810006	0.87516487	0.83183837	0.9187648
0.77569354	-0.8272446	0.83666474	0.78937286	-0.8174211	-0.8324767	-0.83399206	0.83184564	0.89246875	0.8091088	-0.80567765	0.83156663	-0.84038985	0.78962463	0.8012826	0.8472734
0.09108117	0.012088472	0.0019807392	0.032137115	-0.04400462	-0.0065333433	-0.022435358	-0.0073944298	-0.029415678	-0.036655802	0.03502291	0.02683878	0.04031535	0.012497637	0.022740105	0.042017005
0.29072544	-0.23381224	0.29237598	0.22975557	-0.28081024	-0.30631614	-0.314008	0.22670817	0.30227113	0.32323244	-0.24541473	0.25706723	-0.24383168	0.27736	0.24205494	0.29694012
-0.38187686	0.42950997	-0.4161392	-0.42858353	0.42734575	0.4332357	0.3749465	-0.3768638	-0.42099503	-0.37230292	0.41877076	-0.40345484	0.41020754	-0.3713499	-0.41468593	-0.4357104
0.25092608	-0.25133374	0.27669755	0.32355693	-0.3150617	-0.27582273	-0.26619372	0.32275993	0.27024394	0.25802994	-0.30893862	0.29877666	-0.2717716	0.30694288	0.29184517	0.3145289
0.8644054	-0.8864892	0.91979986	0.87578464	-0.93991905	-0.8491435	-0.92584866	0.928743	1.0153527	0.9545315	-0.8806713	0.93411773	-0.9216973	0.91973215	0.85682607	0.9231963
0.5300463	-0.5267266	0.5356435	0.49607754	-0.5136939	-0.5644856	-0.5327769	0.5135312	0.54631746	0.52179986	-0.5092177	0.54096025	-0.53075224	0.47510412	0.55120575	0.49408403
-0.7508411	0.77088875	-0.8679899	-0.76723874	0.79842466	0.7702909	0.8099235	-0.79081476	-0.84370923	-0.7587626	0.81916654	-0.77766716	0.8093847	-0.8190265	-0.7866937	-0.82181835
-0.18609011	0.0907947	-0.11312925	-0.13048719	0.09952335	0.10911558	0.120933354	-0.15903237	-0.16499558	-0.15316403	0.17682648	-0.16568048	0.1695697	-0.182295	-0.15399185	-0.159669
-0.28574875	0.28218418	-0.25353736	-0.2575606	0.19854224	0.2334277	0.25945073	-0.23847589	-0.19989376	-0.22410643	0.21606989	-0.25992113	0.24682456	-0.25608936	-0.26984683	-0.19383636
0.8501092	-0.86324847	0.9063395	0.8200864	-0.89479524	-0.8510055	-0.8871221	0.8525751	0.97996527	0.864346	-0.91068107	0.87095493	-0.8667726	0.8512899	0.89970464	0.88834894
0.313642	-0.3137358	0.2751818	0.3315248	-0.28219762	-0.29908502	-0.28757882	0.27557367	0.29876924	0.30066168	-0.2899657	0.3329542	-0.30637568	0.30677924	0.2868713	0.260597
0.4413795	-0.46176836	0.4453083	0.46697056	-0.5468534	-0.45915958	-0.45145732	0.45323232	0.5268371	0.4588779	-0.5023081	0.4946172	-0.43728226	0.51959366	0.53114045	0.54436153
-0.5261757	0.58273554	-0.6005012	-0.5517158	0.5505092	0.6046335	0.58777547	-0.5945614	-0.5924212	-0.5586406	0.56109977	-0.5464597	0.59548944	-0.57518196	-0.52072465	-0.5847795
0.88843685	-0.88370943	0.8663177	0.8835063	-0.9078118	-0.93899786	-0.90679467	0.862991	1.0420357	0.8942742	-0.96468085	0.95156664	-0.8687022	0.95151925	0.9210941	0.95546186
0.40654874	-0.3421519	0.38229984	0.32391697	-0.40536886	-0.3250862	-0.35454625	0.35592264	0.42395204	0.41864768	-0.39560863	0.37803358	-0.34771603	0.32599574	0.35378402	0.3812576
-0.55940765	0.594832	-0.5739253	-0.57936555	0.58365256	0.6202926	0.5654756	-0.55361587	-0.64753807	-0.57055223	0.57311076	-0.5687938	0.6086339	-0.6244087	-0.5411894	-0.5714512
-0.69715315	0.70393556	-0.71984893	-0.6740863	0.72982395	0.7111735	0.68121094	-0.7256685	-0.7079366	-0.7518331	0.6848302	-0.7253518	0.7397847	-0.7131739	-0.7010665	-0.7689547
0.054758526	-0.08028971	0.030515619	0.09717423	-0.13471963	-0.07801163	-0.1596942	0.13116571	0.09879807	0.15449502	-0.1624117	0.12850241	-0.14549409	0.12746398	0.11976569	0.09377245
0.150205	-0.11357128	0.10201825	0.14967334	-0.12295854	-0.17559852	-0.16454472	0.15193813	0.12271462	0.12708572	-0.11736086	0.12978512	-0.18794595	0.19329509	0.11730878	0.20875773
-0.32820174	0.2854533	-0.29628393	-0.30196857	0.27802813	0.27124557	0.2840563	-0.29704878	-0.2937176	-0.35233936	0.26732484	-0.29432335	0.3253243	-0.26715264	-0.2540425	-0.35520995
0.24217296	-0.16892269	0.24325581	0.18622166	-0.24715619	-0.19769196	-0.18693246	0.17598855	0.23044184	0.18383986	-0.20625527	0.18528008	-0.25709668	0.23793012	0.18412997	0.27448902
0.5486035	-0.5481332	0.54504395	0.5698038	-0.5868828	-0.48783308	-0.5526975	0.5604871	0.5119537	0.5545648	-0.5456812	0.53903896	-0.48576534	0.5144665	0.5486648	0.5280863
-0.24647872	0.19419476	-0.20149921	-0.23708898	0.2511905	0.23342739	0.23138106	-0.25696102	-0.24666236	-0.2217802	0.25059685	-0.23903956	0.20072483	-0.18293592	-0.20496309	-0.21167144
-0.1434813	0.07557871	-0.17237549	-0.1493216	0.12789941	0.14176852	0.123223476	-0.13348345	-0.10451739	-0.16038553	0.097326055	-0.078500114	0.11671442	-0.08563972	-0.10949679	-0.08489087
-0.72663534	0.7232257	-0.7236107	-0.69358104	0.7639535	0.6936827	0.7500064	-0.7362877	-0.7285295	-0.6922955	0.71847314	-0.7537448	0.7122028	-0.75601685	-0.7684237	-0.7366664
-0.5416287	0.624203	-0.62645835	-0.5422983	0.6358364	0.59312326	0.57678306	-0.62914294	-0.64781415	-0.5600299	0.63001305	-0.6008532	0.5408959	-0.5739717	-0.5313026	-0.62502253
0.5321696	-0.58124155	0.5741778	0.54260284	-0.5594222	-0.59794414	-0.57257706	0.521153	0.5569118	0.6090651	-0.5991072	0.5970629	-0.5520728	0.59087986	0.59827906	0.62779266
0.01501052	-0.13969406	0.017066218	0.037928678	-0.043436218	-0.040205788	-0.03834767	0.05771261	0.09661665	0.10223722	-0.07679333	0.10128577	-0.09850956	0.091331944	0.06639717	0.05145949
0.9581129	-0.97213876	0.92923063	0.9016529	-1.0088311	-0.9449947	-0.95536566	0.95416105	1.0236007	0.97651815	-0.9597112	0.991385	-0.9573085	0.935938	0.9303745	0.9713384
-0.16232958	0.16383313	-0.1340931	-0.2280763	0.14898333	0.19181514	0.20687595	-0.21558312	-0.20779017	-0.1359997	0.18527496	-0.1852592	0.16420269	-0.14373796	-0.11857605	-0.18225332
-0.63267696	0.6013105	-0.6583644	-0.6820758	0.65611833	0.62769747	0.6284735	-0.662127	-0.6549621	-0.66643673	0.61417985	-0.5989075	0.58868814	-0.6441549	-0.65232617	-0.69210255
0.21051426	-0.32412234	0.18990287	0.2753698	-0.2580485	-0.27814904	-0.24100208	0.27578673	0.28799972	0.31621045	-0.24040534	0.30341446	-0.24579886	0.28356573	0.32753325	0.26390254
0.3791318	-0.3213317	0.30373994	0.3761498	-0.39769888	-0.35635146	-0.3937633	0.33461487	0.40815958	0.40710452	-0.31482837	0.3912305	-0.38449436	0.33897588	0.33880076	0.3335747
-0.2286308	0.24546693	-0.207783	-0.2644096	0.3104163	0.29719985	0.27806	-0.25556993	-0.26848277	-0.26538432	0.24184723	-0.32562667	0.30088857	-0.22539383	-0.31300083	-0.27364948
0.40114573	-0.38213032	0.40794864	0.3674176	-0.31614092	-0.36401692	-0.33730373	0.3663021	0.3692239	0.37948593	-0.3904277	0.3823517	-0.32405186	0.341722	0.31550145	0.35624582
0.75057214	-0.7840272	0.7846252	0.8508977	-0.79671526	-0.8388111	-0.8622646	0.85005575	0.88892186	0.86423546	-0.84143263	0.8445465	-0.76196766	0.78152215	0.7972728	0.80929714
0.491434	-0.46297497	0.5137037	0.479814	-0.5468112	-0.518982	-0.50792116	0.48597178	0.5371726	0.53412473	-0.47319686	0.49685982	-0.42503652	0.48690835	0.476053	0.5185906
-0.45901835	0.5306388	-0.47309482	-0.48124155	0.52747786	0.5099193	0.4670736	-0.54366046	-0.5201018	-0.5417279	0.543469	-0.53769034	0.4801771	-0.54119503	-0.4653891	-0.511539
0.23638058	-0.20978504	0.24095392	0.18317638	-0.22199607	-0.20015289	-0.2570985	0.24804781	0.2276165	0.2659267	-0.20780554	0.20504016	-0.21008213	0.24097204	0.28149205	0.22170945
-0.025621315	-0.032993313	-0.06368605	-0.010998145	-0.031563923	0.034107	-0.031699907	-0.039472535	-0.02427553	0.021756489	0.030457916	0.050177306	0.0007032888	-0.03718418	0.005677295	-0.00248134
0.5448927	-0.5844615	0.52722186	0.5066443	-0.568047	-0.5106721	-0.59695804	0.49462232	0.5419809	0.5131458	-0.5353462	0.53600305	-0.5068006	0.5589434	0.5540425	0.5941348
-0.031186378	-0.005268202	0.0010350253	0.0247096	0.009503158	0.0031358611	-0.072994955	0.012126773	-0.0049859174	0.059138242	-0.020772118	0.04303529	0.008652114	0.041327816	-0.0044859843	0.004291599
-0.69693434	0.7181137	-0.6839848	-0.6991472	0.7209384	0.67475426	0.71922404	-0.7524027	-0.7676945	-0.71885353	0.76128286	-0.7060339	0.70894456	-0.70015174	-0.6556556	-0.7423242
0.33096212	-0.33931318	0.35801798	0.3873654	-0.38592643	-0.3259546	-0.35315976	0.3211991	0.4167165	0.40525603	-0.3079687	0.4050233	-0.30859897	0.39994225	0.3434005	0.4118027
-0.8722544	0.90609986	-0.9085823	-0.92382264	0.9570516	0.9153761	0.874019	-0.9213379	-0.9597825	-0.95446956	0.89430124	-0.91974235	0.90608335	-0.9681588	-0.9536676	-0.94845414
-0.0051767994	0.08292185	-0.088556394	-0.032150622	0.056550328	0.055590067	0.0043023727	-0.12828998	-0.084721714	-0.09145844	0.057177342	-0.025606459	0.13245372	-0.05254591	-0.088065244	-0.088495634
-0.6740339	0.8217832	-0.8935177	-0.86515796	0.90075487	0.8585601	0.7828611	-0.8916668	-0.879399	-0.8616368	0.83470327	-0.8311391	0.8749946	-0.82693344	-0.8172154	-0.8622973
0.7465876	-0.7038968	0.7479065	0.7456299	-0.7325424	-0.6729742	-0.7332928	0.74218285	0.75125945	0.747894	-0.7244199	0.75686324	-0.6888648	0.683977	0.7049317	0.77513736
-0.20063703	0.16807824	-0.23966761	-0.23840803	0.23443364	0.16163588	0.19599718	-0.23853457	-0.22100216	-0.19752395	0.2694406	-0.21857733	0.26347634	-0.17785381	-0.21279453	-0.24337955
-0.076225795	0.08197138	-0.09488437	-0.07833918	0.057453293	0.061318778	0.041969806	-0.087830156	-0.07248786	-0.068234496	0.043806978	-0.07031153	0.096958525	-0.06301266	-0.100462	-0.10188926
-0.11653929	0.18759406	-0.14463115	-0.20967773	0.22946672	0.14712316	0.20525125	-0.18460149	-0.1693668	-0.121868104	0.22520036	-0.21106718	0.19047433	-0.15717699	-0.117627196	-0.20758447
0.8072745	-0.8267884	0.84854853	0.8341165	-0.7867476	-0.816113	-0.82817835	0.7725334	0.84570825	0.822764	-0.79904103	0.75436616	-0.83217376	0.8358222	0.77390367	0.7856128
-0.41020852	0.49176118	-0.4939376	-0.44713616	0.43726593	0.44829673	0.4592902	-0.44727927	-0.4869202	-0.42742425	0.5001538	-0.44723544	0.39837107	-0.40193936	-0.4221458	-0.4811995
-0.527236	0.71980655	-0.70644695	-0.7280407	0.75888467	0.67185235	0.70697504	-0.6872334	-0.8384775	-0.7039846	0.69509387	-0.75575435	0.7501014	-0.67457724	-0.70759624	-0.77720815
0.6837548	-0.6819146	0.7370475	0.64625055	-0.6756023	-0.6548037	-0.72617406	0.69950324	0.7731218	0.72816616	-0.67600626	0.6539234	-0.7098361	0.7097751	0.64577377	0.702276
0.1882525	-0.20683578	0.21421836	0.18026736	-0.16822666	-0.17841636	-0.18213116	0.19149679	0.15845707	0.22611092	-0.20530531	0.21002248	-0.16022949	0.14141081	0.2111486	0.15554212
0.4387787	-0.37082052	0.4135073	0.38106287	-0.43135667	-0.4082337	-0.39376688	0.36401996	0.39236093	0.38122115	-0.3769338	0.3598833	-0.37644246	0.34523866	0.3822997	0.35071313
-0.09239567	0.118413694	-0.11129566	-0.16519144	0.1601988	0.099394225	0.14045489	-0.13732979	-0.17110847	-0.14321296	0.15393619	-0.079586856	0.17097431	-0.12311024	-0.13507536	-0.13286005
-0.87966824	0.8776632	-0.8900324	-0.84455	0.9081326	0.8775174	0.8995005	-0.8410812	-0.93159163	-0.92388886	0.92107475	-0.85921735	0.8583916	-0.8879741	-0.878846	-0.936489
0.8752244	-0.8620812	0.87051064	0.84038216	-0.8981383	-0.87191695	-0.8102811	0.809672	0.9101105	0.8411064	-0.83561295	0.87785244	-0.793548	0.85684806	0.8762694	0.9024836
0.30500162	-0.32693923	0.23074678	0.33098912	-0.2997118	-0.2733497	-0.30006322	0.2796065	0.28884706	0.33907428	-0.3281833	0.27483243	-0.29942486	0.34743062	0.32581633	0.3585413
-0.10694595	0.0271381	-0.08687193	-0.053745065	0.05857177	0.04030758	0.083670564	-0.094440795	-0.10863596	-0.03928417	0.09421866	-0.10198243	0.11060029	-0.052875802	-0.07816561	-0.10689934
0.5069295	-0.45077124	0.45749465	0.44190407	-0.48931178	-0.45570165	-0.44340244	0.45395964	0.5058616	0.43822	-0.49257755	0.48540753	-0.5128734	0.5038701	0.4723775	0.473052
0.90149975	-0.956972	0.9341368	0.9024303	-0.9927233	-0.986279	-0.88570005	0.9235094	1.0215293	0.92736036	-0.9431529	0.99143326	-0.8877008	0.95456016	0.89212835	0.97870123
0.36739942	-0.39679927	0.35151944	0.43321595	-0.35919404	-0.43124634	-0.41734305	0.36127207	0.37323016	0.35188052	-0.3705286	0.38029063	-0.38898304	0.37081468	0.38493547	0.3616403
-0.9407645	0.985897	-1.0128993	-0.9316585	1.0151412	1.0080247	0.98290914	-0.99764484	-0.98795784	-0.9894142	1.0113348	-0.99170464	0.9406312	-1.0066484	-0.9115219	-1.0244101
-0.41852522	0.51916057	-0.4962913	-0.48808548	0.4935362	0.45078155	0.48942146	-0.5296904	-0.5057626	-0.44251615	0.4288791	-0.4339742	0.4770735	-0.494686	-0.43217734	-0.45988414
-0.80373865	0.9078527	-0.83132094	-0.8823234	0.9086811	0.7997534	0.85553795	-0.8831708	-0.88342166	-0.8682692	0.84308267	-0.82829326	0.87520486	-0.897773	-0.83663887	-0.90788096
-0.7678827	0.8146334	-0.85376257	-0.8897379	0.8805774	0.79223377	0.8216504	-0.8156582	-0.8648444	-0.88553923	0.914609	-0.86891544	0.8876573	-0.81450915	-0.847784	-0.9209848
-0.25427687	0.25241137	-0.21582814	-0.272227	0.30435362	0.24904217	0.27267432	-0.24156702	-0.22449207	-0.23374641	0.27270955	-0.3130668	0.22760148	-0.26610333	-0.30471584	-0.298036
-0.28520408	0.36738583	-0.34743232	-0.4057909	0.3350171	0.36307114	0.36591098	-0.3138463	-0.42761	-0.32410935	0.36586025	-0.37436524	0.38118663	-0.3397498	-0.32741702	-0.4118153
0.14594845	-0.17526977	0.15243345	0.18642586	-0.12785986	-0.17865293	-0.19791119	0.12794167	0.22020523	0.11674658	-0.1484548	0.22175851	-0.17130615	0.1352644	0.1663067	0.12478381
-0.8030278	0.8413697	-0.8006737	-0.7747713	0.8286319	0.79559237	0.74842757	-0.7639299	-0.8604045	-0.8424324	0.80320084	-0.765586	0.7991723	-0.84508795	-0.792694	-0.87254703
-0.5956087	0.54710853	-0.613701	-0.5989384	0.6386734	0.59917754	0.589662	-0.5966285	-0.6416893	-0.60052115	0.5463419	-0.5828615	0.60788167	-0.55622065	-0.56140107	-0.62853074
0.017964823	-0.041342866	0.01908863	0.035585232	-0.09638312	-0.08325654	-0.059394747	-0.023893202	0.00019084536	0.0140143465	-0.052942723	0.07055959	-0.027048225	-0.0014632907	0.027318107	0.059773747
0.9493344	-0.98357123	0.9596166	0.9287446	-1.0054431	-1.0074404	-0.9449651	1.0149935	1.0048732	0.98666096	-1.0335687	1.036864	-1.0125215	0.9871814	1.0083247	1.0543365
-0.50385875	0.62938046	-0.62168354	-0.63506746	0.6278121	0.62945426	0.6321063	-0.63790065	-0.6288244	-0.67500496	0.69645077	-0.65872157	0.6732558	-0.6816459	-0.5999052	-0.62878376
-0.20971996	0.21824658	-0.23592179	-0.20863704	0.20122063	0.18744278	0.13852754	-0.18160409	-0.1564436	-0.17446119	0.21633396	-0.21836843	0.13110025	-0.13820699	-0.18258016	-0.18905269
-0.66563976	0.58415586	-0.651333	-0.5683504	0.65983933	0.65568084	0.5972568	-0.66836965	-0.59455585	-0.6023584	0.63269234	-0.65948486	0.55823344	-0.6454071	-0.65961546	-0.6248026
0.41820982	-0.42838082	0.4087413	0.430595	-0.42446408	-0.36547405	-0.42947218	0.45173192	0.42351103	0.41412944	-0.41232687	0.39845446	-0.4345234	0.41841576	0.36090356	0.40830272
-0.11212699	0.16266611	-0.15892987	-0.18896545	0.15365593	0.18085203	0.13257633	-0.18199694	-0.21215041	-0.18795595	0.17010586	-0.17712541	0.16850376	-0.19721025	-0.17798252	-0.17485885
0.24020945	-0.19309343	0.23116152	0.18641925	-0.19804008	-0.19380522	-0.25266197	0.19497728	0.26484314	0.20899868	-0.20892143	0.24212596	-0.2312308	0.23857012	0.23930812	0.27160084
-0.36371225	0.3963699	-0.345222	-0.41347927	0.37129706	0.37507206	0.36414894	-0.36156285	-0.38886908	-0.38336387	0.43062347	-0.38961187	0.36851016	-0.37612396	-0.40487927	-0.4233615
-0.13406098	0.28437325	-0.3239124	-0.29580936	0.33727655	0.21148261	0.30008522	-0.3991727	-0.3367384	-0.29167715	0.32657784	-0.30513695	0.3662166	-0.24529137	-0.25041726	-0.35119766
0.57946515	-0.63015324	0.6681129	0.63825	-0.7210166	-0.71739274	-0.6520696	0.6412656	0.7372943	0.66644174	-0.6871184	0.7098348	-0.626679	0.630899	0.6351484	0.67353934
-0.82246834	0.92352253	-0.91348857	-0.8974161	0.96034664	0.9398543	0.888915	-0.92575175	-0.96961135	-0.8904903	0.89134634	-0.9881121	0.9090423	-0.90239966	-0.9312967	-0.93772674
0.7378909	-0.76417303	0.7421	0.69505006	-0.8141475	-0.7204734	-0.74693257	0.7371154	0.8013285	0.69944495	-0.7213433	0.72042304	-0.7199986	0.69575185	0.7601781	0.80130464
0.6507278	-0.6375156	0.61302197	0.6331292	-0.60723054	-0.6628099	-0.5958385	0.62302643	0.6770162	0.6786192	-0.63322955	0.6207637	-0.56040287	0.5776122	0.6591241	0.6268447
0.32987222	-0.39462918	0.34702092	0.38064134	-0.39706236	-0.3752981	-0.33766097	0.36108986	0.37834927	0.41645235	-0.37601933	0.41497377	-0.32920125	0.41468972	0.33445317	0.42535922
-0.6239292	0.70140696	-0.7150994	-0.714847	0.71234393	0.6229491	0.6858539	-0.7171966	-0.68141276	-0.6738247	0.67423475	-0.70097727	0.6530066	-0.6586728	-0.69893837	-0.7146184
-0.00015164676	0.0025739942	-0.034051143	-0.047465034	0.029726775	0.021510312	0.07594468	0.0028946218	-0.027305335	-0.08137886	0.033717617	-0.046131495	0.072728366	-0.05561375	-0.06888833	-0.050916493
0.01072746	-0.025796214	0.02738364	-0.020515665	0.035049934	0.012027989	-0.018163184	-0.06681872	-0.04507135	-0.03536876	-0.031874396	0.029108834	-0.039300736	0.0068245726	-0.00060845405	0.023957098
0.083670616	-0.11586219	0.12938091	0.096378945	-0.1185087	-0.058804028	-0.06990128	0.023776367	0.10434534	0.072719164	-0.13900693	0.08379078	-0.11708818	0.03921659	0.092812315	0.09064514
-0.43642232	0.4394953	-0.49082664	-0.45962387	0.39620522	0.38915068	0.4785923	-0.4120348	-0.4651382	-0.3934095	0.43992522	-0.4442919	0.47433013	-0.4055418	-0.47724167	-0.41080174
-0.3387626	0.27293372	-0.33207384	-0.2601134	0.24259023	0.2674442	0.27156267	-0.33976433	-0.30438566	-0.32807925	0.3142116	-0.33205494	0.25674465	-0.33267352	-0.33304983	-0.30021754
-0.16201015	0.1557503	-0.19057721	-0.20931792	0.22482763	0.20706388	0.22423407	-0.19264652	-0.21337079	-0.15018715	0.19849485	-0.18008338	0.22276826	-0.22390343	-0.18660687	-0.19852756
-0.75028884	0.828559	-0.84155804	-0.83960605	0.8166477	0.7751225	0.79669935	-0.77946776	-0.78350276	-0.81690055	0.8236039	-0.7841376	0.7837141	-0.79019713	-0.7970128	-0.8477083
-0.79249054	0.8387559	-0.85553044	-0.8041486	0.8087956	0.8206446	0.8246806	-0.8135008	-0.89010435	-0.8244622	0.77328885	-0.8064415	0.8069579	-0.8277369	-0.799971	-0.88144827
0.23507023	-0.15784967	0.23542789	0.18521325	-0.19402106	-0.263656	-0.16870598	0.24587323	0.24855663	0.24233967	-0.21308678	0.19082515	-0.23441692	0.256123	0.18944803	0.15836687
0.8182607	-0.85377514	0.86998165	0.87824845	-0.8174086	-0.8015874	-0.8030008	0.8679691	0.91178983	0.8912777	-0.88283634	0.8117767	-0.8579692	0.7953436	0.8070374	0.8830968
-0.0965405	0.18971671	-0.2168122	-0.26456487	0.27699345	0.16774169	0.21088503	-0.27938613	-0.25975895	-0.21201979	0.27080357	-0.27791172	0.1895566	-0.18848585	-0.2410722	-0.27675256
-0.15687732	0.13533461	-0.16967922	-0.12611651	0.09898298	0.115185	0.13305193	-0.12802365	-0.16081147	-0.1459731	0.102302946	-0.15043814	0.15447922	-0.12365554	-0.15894431	-0.078794435
0.48706013	-0.52906215	0.53965545	0.51680326	-0.5372458	-0.5284803	-0.53902227	0.4449324	0.5060598	0.5107137	-0.5349525	0.49007863	-0.45950064	0.5142503	0.52851665	0.5078467
0.64527017	-0.6703399	0.68997186	0.68078667	-0.71183276	-0.6376026	-0.66685015	0.6258464	0.7028165	0.6796787	-0.71497494	0.7014497	-0.71066403	0.6756023	0.65680337	0.776506
1.0897696	-1.0536381	1.0988493	1.10364	-1.0637871	-1.1150632	-1.1192932	1.1015831	1.1081979	1.0585626	-1.1060126	1.1057612	-1.0686488	1.0632387	1.0756651	1.0957462
0.58783895	-0.5355051	0.55027765	0.5731624	-0.49745592	-0.57482076	-0.5089666	0.53638023	0.52624476	0.5371295	-0.58381927	0.5861265	-0.5299235	0.52887845	0.53234696	0.56031996
-0.009943545	0.05620799	-0.06133679	-0.028257363	-0.015667694	-0.004237922	-0.0052266754	-0.048138436	-0.058865387	0.0062422403	0.051467158	-0.013022528	0.0696371	0.009276755	0.019195307	-0.028613552
-0.9189463	0.94901365	-0.99619883	-0.9886795	0.98066694	0.93823147	0.96593344	-0.9641364	-0.9929628	-0.9407859	0.99360263	-0.99105537	0.8943892	-0.97491676	-0.96201706	-1.0043424
0.5944896	-0.65494084	0.62113464	0.65409803	-0.5880791	-0.67930484	-0.6646465	0.60361856	0.60249144	0.6240428	-0.6410248	0.58264637	-0.5894557	0.63826776	0.617522	0.6077626
-0.64928865	0.6492339	-0.7322134	-0.7211422	0.70237774	0.70532995	0.706964	-0.63890827	-0.71641237	-0.64979273	0.7227306	-0.6990761	0.68957937	-0.7248442	-0.6383026	-0.73723054
-0.6431935	0.7233562	-0.7302036	-0.74689007	0.6999749	0.6508065	0.6634582	-0.7411738	-0.72790724	-0.67254347	0.780404	-0.69327456	0.71760154	-0.68018913	-0.73821074	-0.76536584
-0.7201417	0.6859846	-0.720089	-0.6855835	0.6931839	0.6765438	0.67290443	-0.6623534	-0.68495065	-0.72064674	0.68309325	-0.6723503	0.6626635	-0.6922565	-0.6579217	-0.7028991
-0.8443417	0.84599173	-0.89799726	-0.89164644	0.8942457	0.87313014	0.9212706	-0.9092545	-0.9205874	-0.84538513	0.8977989	-0.90000325	0.92190224	-0.8670535	-0.83209896	-0.9642688
0.37357688	-0.35751343	0.35222372	0.40256405	-0.35155445	-0.4296132	-0.3620431	0.4244768	0.4160214	0.3959511	-0.4129334	0.351928	-0.42735243	0.37117478	0.39630774	0.45399177
-0.62601703	0.64668083	-0.605276	-0.6430443	0.6456507	0.57461154	0.666509	-0.5714198	-0.6758676	-0.6174588	0.5688458	-0.58281606	0.56359804	-0.5921391	-0.65075934	-0.63520515
-0.3099014	0.35155264	-0.30818784	-0.36061117	0.31618512	0.27088824	0.26419652	-0.38344693	-0.37659812	-0.32104507	0.35163423	-0.27620533	0.3104511	-0.3460054	-0.28810492	-0.33155075
0.6300706	-0.71104586	0.7606052	0.73969823	-0.77964675	-0.6723918	-0.7457549	0.7241384	0.78680485	0.73709196	-0.75436467	0.80860883	-0.6739247	0.7717115	0.7482453	0.792356
0.7755155	-0.8475464	0.79876137	0.8518435	-0.8450221	-0.80401087	-0.87938786	0.85308194	0.933056	0.8652375	-0.89878416	0.91048086	-0.7912102	0.8720466	0.7960733	0.9086005
-0.006429617	-0.015328947	0.04498094	0.07639441	-0.051690713	-0.09268399	-0.033317618	0.030609425	0.08269246	0.058993205	-0.015721481	0.055495203	-0.06466007	0.023235727	0.028371768	0.045923907
0.72403175	-0.6288549	0.7308835	0.6313573	-0.700627	-0.6373426	-0.6495314	0.70067024	0.717207	0.6406047	-0.6681761	0.6529424	-0.6981322	0.69815373	0.63493246	0.67158324
-0.11160592	0.08795599	-0.04933694	-0.09764087	0.08697967	0.0972689	0.092565134	-0.11901039	-0.13893618	-0.112999566	0.13302942	-0.10685513	0.16271442	-0.088971734	-0.0553759	-0.16317545
0.12224967	-0.026652737	-0.023651961	0.06008496	-0.08404593	-0.058142267	-0.09533858	0.005664362	0.06086227	0.03341251	-0.081018366	0.052006796	-0.015853325	-0.0027861323	0.07838178	0.006444632
0.7025807	-0.7967902	0.8551356	0.82184845	-0.8167518	-0.7253487	-0.8338266	0.75497955	0.89276695	0.8254274	-0.8333089	0.85201794	-0.73264676	0.8345326	0.804322	0.87199795
-0.305385	0.23015247	-0.30261755	-0.28908175	0.25692967	0.2468475	0.23167416	-0.32181963	-0.2553935	-0.30225202	0.21225078	-0.2852208	0.23213895	-0.2784807	-0.31649414	-0.25855732
-0.75920916	0.75920194	-0.7339809	-0.7478695	0.78824186	0.7933488	0.76107603	-0.751417	-0.8340051	-0.77770567	0.8469559	-0.83010906	0.79912263	-0.7565416	-0.79887456	-0.8617685
-0.5856748	0.59667015	-0.58751786	-0.60277486	0.6466509	0.556664	0.6088977	-0.61219406	-0.66822094	-0.62563014	0.63780326	-0.59044975	0.5900797	-0.5780733	-0.5932948	-0.6438665
-0.7808556	0.8443679	-0.82544243	-0.85966855	0.8277944	0.84254104	0.80599225	-0.8307744	-0.88166934	-0.87607175	0.79165024	-0.79791147	0.84652513	-0.8435538	-0.82883465	-0.84161156
0.14278224	-0.13412802	0.10990375	0.13002014	-0.08824136	-0.18557145	-0.17694835	0.074541524	0.10215397	0.15714067	-0.0918267	0.14817464	-0.09792773	0.12783138	0.14409909	0.1134409
-0.72081363	0.7551467	-0.78200877	-0.7307593	0.685876	0.72132003	0.70131373	-0.7523113	-0.80898196	-0.7456187	0.7668775	-0.7415068	0.663006	-0.6939399	-0.725971	-0.70058274
-0.6230506	0.60437536	-0.6800058	-0.6172744	0.7148617	0.64393646	0.68661386	-0.69442654	-0.72183937	-0.6280807	0.67898417	-0.6247674	0.62269986	-0.69183844	-0.6538569	-0.70924735
-0.417839	0.362357	-0.39447546	-0.43749782	0.41675287	0.41060036	0.35748717	-0.42792892	-0.3830863	-0.3419928	0.41769102	-0.3425217	0.3611829	-0.33965215	-0.3613814	-0.3678052
-0.744605	0.8419587	-0.7413641	-0.7854454	0.87414485	0.83147365	0.8758735	-0.82819223	-0.8779261	-0.82631576	0.87181246	-0.89216787	0.7864026	-0.794771	-0.78714967	-0.88574773
-0.38441896	0.42270204	-0.41491213	-0.44146472	0.47029528	0.43616077	0.4067073	-0.46399897	-0.45513484	-0.4062038	0.46729666	-0.45273885	0.4707558	-0.46699274	-0.42572534	-0.47474658
-0.7479909	0.75505215	-0.70338684	-0.69766027	0.71874106	0.71694833	0.7611409	-0.6835168	-0.7282158	-0.7522805	0.69917256	-0.7016302	0.71719414	-0.7558164	-0.7218674	-0.72263867
-0.60302645	0.6382562	-0.6724713	-0.60114455	0.6224161	0.59234726	0.62566435	-0.66725045	-0.6998042	-0.6322566	0.68902785	-0.6196092	0.6618543	-0.64887685	-0.63839185	-0.6635413
-0.6874044	0.7638042	-0.71467483	-0.6854514	0.7870711	0.7100735	0.7161859	-0.74785924	-0.79818153	-0.7799058	0.695914	-0.71202856	0.782495	-0.7410649	-0.6944143	-0.715699
0.8154982	-0.7663118	0.8115149	0.75646037	-0.81777465	-0.793855	-0.79493773	0.8207729	0.787816	0.76106906	-0.78200525	0.8060334	-0.7838399	0.82223296	0.8294953	0.77180815
0.38766244	-0.3347934	0.34227794	0.3344218	-0.40934432	-0.35026518	-0.34455076	0.32411054	0.42904282	0.37269375	-0.42395556	0.39729723	-0.35728475	0.41632733	0.31698516	0.43497592
0.7369226	-0.7635238	0.73451024	0.790679	-0.7771482	-0.7070608	-0.7374382	0.77009356	0.8481463	0.7200033	-0.81256765	0.73576957	-0.7455513	0.72527623	0.76321316	0.84626555
-0.9447869	1.0295868	-1.0435144	-1.0418648	1.0087649	0.9999654	1.0140963	-0.95453066	-1.0311688	-0.95681536	0.98572373	-1.0091296	0.94247556	-0.99688184	-0.9545241	-1.0413865
0.6887092	-0.6940757	0.6980764	0.6843273	-0.7730864	-0.71091187	-0.7169168	0.7430916	0.7915967	0.69728196	-0.7206644	0.7819187	-0.70180863	0.6881279	0.71463764	0.75038356
0.5121583	-0.5212439	0.5253743	0.49923518	-0.5508935	-0.5207472	-0.48212132	0.4723733	0.55938923	0.5194284	-0.4818248	0.5201491	-0.47791815	0.44368932	0.47532997	0.5378376
0.4856658	-0.49619636	0.50773287	0.49975547	-0.52203363	-0.5205566	-0.47732624	0.5114905	0.5559801	0.5331245	-0.45051894	0.46807274	-0.4516169	0.46533477	0.4461591	0.5379453
0.30283636	-0.3516646	0.3982006	0.35916674	-0.3653275	-0.32732177	-0.3906054	0.36266437	0.32426944	0.30783105	-0.3443896	0.35738087	-0.30332458	0.36224556	0.32392433	0.3719701
-0.019296965	0.06390878	-0.07926324	0.015727088	0.019134467	-0.008012837	0.015887586	0.015345546	0.025516616	0.00049885834	-0.023333123	0.01520566	0.017500753	-0.056451574	0.014923792	-0.04049031
0.44472113	-0.53645676	0.4776833	0.4874831	-0.5439557	-0.47406965	-0.5389598	0.45266575	0.5271372	0.52366555	-0.53793997	0.48770455	-0.44962433	0.48997435	0.53788537	0.5536827
0.44853485	-0.5637476	0.4939551	0.5149145	-0.48630142	-0.49002722	-0.5525867	0.5041033	0.52960056	0.52565366	-0.56693006	0.56858766	-0.5182304	0.51837784	0.54411036	0.48555788
0.44150436	-0.5688329	0.44292834	0.50297034	-0.5706469	-0.49838492	-0.4942281	0.4908947	0.50095105	0.5553489	-0.52450347	0.51686406	-0.4681963	0.54301345	0.5182555	0.5354753
-0.030182363	-0.032115757	-0.00961447	0.034678917	0.052822083	-0.0072910115	0.0594243	-0.0056902855	-0.027073696	-0.0026135936	-0.03167626	-0.053061478	0.0155729605	-0.022691576	0.04690039	-0.020804854
-0.5527483	0.5960067	-0.66093445	-0.6202548	0.6631665	0.65454346	0.62012404	-0.62951374	-0.66643596	-0.6532168	0.68303245	-0.68612576	0.66474134	-0.6396132	-0.668992	-0.6189114
0.8004583	-0.7864912	0.8775516	0.8295797	-0.8270553	-0.8008023	-0.81677365	0.87311566	0.9184047	0.8023914	-0.8489631	0.8040443	-0.8281434	0.8144558	0.81459254	0.86463964
0.65230536	-0.76009774	0.7465839	0.7380284	-0.69864243	-0.71096486	-0.752456	0.7013728	0.73916703	0.69536245	-0.6877496	0.7680814	-0.6348111	0.73393476	0.6933688	0.81482345
0.53881973	-0.50808316	0.50308377	0.55254376	-0.5755777	-0.5169648	-0.52114075	0.55075747	0.5177775	0.56237745	-0.4922467	0.57468796	-0.5207421	0.54177725	0.49115267	0.5977835
0.35050732	-0.41426656	0.34719735	0.39669827	-0.40166044	-0.3582688	-0.36899963	0.39111656	0.36404565	0.37700027	-0.3752932	0.3613301	-0.3851026	0.3381696	0.3323857	0.4351763
0.21631913	-0.24129093	0.17527235	0.21658218	-0.2609863	-0.18892671	-0.24634723	0.1974822	0.2536063	0.25046813	-0.21440995	0.200443	-0.25166342	0.1886859	0.21256228	0.26530752
-0.009452658	0.053117696	-0.06707378	-0.043051675	0.063803926	0.039523456	0.0834254	-0.06854548	-0.02299746	-0.017877696	0.011355803	-0.0076140785	0.07758058	-0.011356427	-0.038005717	-0.076400526
0.14629816	0.0033418203	0.03661916	0.0328247	0.04931373	0.026533728	-0.03296941	-0.054534264	-0.03948062	0.038433697	0.04852045	-0.014035804	0.0072138235	0.0066957977	0.03872096	-0.016479108
0.49353817	-0.4797412	0.5561561	0.49399206	-0.5126692	-0.50927347	-0.42961746	0.45376506	0.5049882	0.5071	-0.45614025	0.45325115	-0.48332292	0.4810816	0.5137004	0.4590723
0.3117769	-0.26151073	0.28594702	0.29454574	-0.34274197	-0.3370452	-0.33387727	0.22292173	0.28301567	0.30591118	-0.34388924	0.31237257	-0.3321389	0.33434743	0.25939986	0.2898946
1.011589	-1.0789714	1.0423762	1.0831649	-1.1205646	-1.0413557	-1.1044768	1.0685575	1.1872342	1.1486206	-1.1146597	1.1156902	-1.0874368	1.0747979	1.1075188	1.1779019
-0.6897067	0.7828134	-0.7984602	-0.8294574	0.77866477	0.82263166	0.75126123	-0.76075995	-0.78555703	-0.75748533	0.78291047	-0.84423786	0.79539716	-0.82631695	-0.73464096	-0.7968697
0.578966	-0.5418112	0.59499526	0.54145914	-0.5762379	-0.59982485	-0.5536743	0.5973664	0.64305705	0.55941254	-0.59024197	0.59008276	-0.61732787	0.58048743	0.528481	0.56577873
0.05292832	0.008452059	0.0056233127	0.028923785	0.07026609	0.024180314	-0.0086235795	-0.021935076	-0.027965747	-0.026589172	0.007230568	-0.0066479743	-0.032291587	0.035828862	-0.012057195	-0.06729041
-0.4225957	0.39587522	-0.3860623	-0.36842158	0.31925613	0.30571282	0.29276156	-0.39326066	-0.3273434	-0.3747754	0.35207066	-0.36828062	0.3459928	-0.31295955	-0.3717705	-0.32317114
0.2485529	-0.2250723	0.28856164	0.300404	-0.27843973	-0.25540617	-0.2449181	0.2331874	0.25493222	0.26359978	-0.24441099	0.24736552	-0.25294605	0.30545452	0.23328044	0.2517913
0.31889653	-0.2924564	0.27865073	0.27629676	-0.333351	-0.28397736	-0.3143635	0.27774748	0.33535087	0.30566016	-0.33196512	0.2766794	-0.29021826	0.26346853	0.318634	0.3119385
-0.44471157	0.5650384	-0.66718686	-0.65440947	0.62458163	0.5170543	0.50780004	-0.6244473	-0.6951236	-0.5814314	0.6032617	-0.58860207	0.6260107	-0.6370847	-0.56673086	-0.62472296
-0.46966955	0.47010502	-0.44365418	-0.42579183	0.46274292	0.5058226	0.44609377	-0.45209375	-0.48695582	-0.5066873	0.53204423	-0.44989386	0.45204216	-0.4990328	-0.52406436	-0.4922653
-0.86962116	0.9854155	-1.0235786	-1.0103021	1.035622	0.98609006	0.95525473	-0.9479593	-1.0090486	-1.0255811	0.9976433	-0.9690747	0.9214631	-0.9313819	-0.9861043	-1.05802
0.26171637	-0.093043685	0.249929	0.13971606	-0.118619494	-0.15818898	-0.15727599	0.13102835	0.08253517	0.13684818	-0.11418359	0.08233536	-0.069214076	0.16405652	0.15009947	0.14428934
-0.9331806	1.0070474	-1.0166343	-1.009946	0.99105185	1.0229758	0.96004266	-0.99202526	-1.0967784	-1.0107613	0.9943519	-0.98268485	1.0277132	-1.020936	-0.9780944	-1.0171443
0.7847293	-0.7226505	0.7418562	0.7259602	-0.7641795	-0.7542816	-0.73253083	0.764486	0.81787324	0.7457252	-0.79631567	0.7564046	-0.7401546	0.7539105	0.77162343	0.748359
0.8991826	-1.0283122	1.0090829	0.9557685	-1.0084579	-0.9591887	-0.9621814	0.95224667	1.0599988	0.94644094	-1.0245404	1.0339553	-0.9287695	0.9369102	0.95038134	1.0217184
-0.4026931	0.4122909	-0.3705799	-0.3545068	0.41554692	0.35964102	0.33776495	-0.35759708	-0.35934055	-0.38338324	0.3972021	-0.3531982	0.41268727	-0.34645137	-0.37945983	-0.41525528
-0.39024007	0.39220756	-0.41105673	-0.43471155	0.39133504	0.3755373	0.39607978	-0.36473697	-0.46120426	-0.36914685	0.3544139	-0.42959958	0.3900081	-0.41981518	-0.3394735	-0.43790224
0.5804244	-0.67041945	0.65244967	0.589723	-0.5996637	-0.6413848	-0.5864387	0.59365124	0.6631441	0.64653844	-0.58736473	0.6037335	-0.65976244	0.66066796	0.614945	0.6319174
-0.39639702	0.49945995	-0.56252855	-0.5303621	0.53161263	0.46616468	0.49864465	-0.54331756	-0.53276837	-0.4891074	0.5388711	-0.49238232	0.5482685	-0.55595064	-0.48155758	-0.5648643
-0.04844984	0.17149071	-0.102605194	-0.15101281	0.16287681	0.10727476	0.08670112	-0.09033356	-0.13461599	-0.15281586	0.16291471	-0.17151414	0.10754557	-0.13106868	-0.15697572	-0.0934707
0.71159595	-0.7679926	0.8116932	0.7354721	-0.8042019	-0.73459923	-0.7194096	0.728027	0.8054776	0.75912404	-0.7542851	0.8098492	-0.71251076	0.78313154	0.74919033	0.766659
-0.27664065	0.27635226	-0.20523243	-0.24088621	0.31671214	0.24479549	0.29396054	-0.2594857	-0.3110983	-0.25148278	0.3006273	-0.31261194	0.2918071	-0.2799638	-0.30911765	-0.27230343
0.397351	-0.35284278	0.36383775	0.38054925	-0.38910854	-0.3798043	-0.40958187	0.41443565	0.41758913	0.39130622	-0.3296749	0.38066265	-0.39261407	0.3770963	0.3915884	0.33743787
0.9395265	-0.97774446	0.904771	0.8928692	-0.91289407	-0.8812895	-0.9325529	0.9283646	0.95598125	0.9201734	-0.95340544	0.9614464	-0.91432637	0.9019354	0.9387227	0.97433716
-0.091852605	0.0037284582	-0.07907433	-0.054715496	0.008547192	0.08246761	0.0529271	-0.024712978	0.024419712	-0.015756039	-0.015305155	0.002602826	0.022252938	-0.060384862	-0.063644424	-0.059214644
0.49492696	-0.55095947	0.52032727	0.49361572	-0.51535624	-0.52412677	-0.59643984	0.549186	0.6355435	0.52750343	-0.559513	0.53480494	-0.46522853	0.5692472	0.5300802	0.5434857
0.47226104	-0.45897615	0.47302622	0.44492766	-0.4775083	-0.4067804	-0.44290146	0.4533371	0.52458394	0.43518952	-0.47543332	0.44666192	-0.45691857	0.44127998	0.42890248	0.5181454
0.6045812	-0.66079503	0.5815039	0.56424934	-0.5924655	-0.6143805	-0.64144236	0.58246565	0.5823864	0.6149691	-0.5805781	0.60212415	-0.63155544	0.6405026	0.5743396	0.63566875
0.32233912	-0.29484218	0.35847297	0.31404093	-0.283968	-0.26577398	-0.27652457	0.31061262	0.274504	0.35033172	-0.29443184	0.27216598	-0.26849347	0.30590907	0.2788917	0.28192744
-0.08399796	0.066423535	-0.056439698	-0.037838448	0.092373714	0.034912683	0.03247965	-0.082059905	-0.08887933	-0.08051251	0.069496036	-0.1088592	0.1185207	-0.0616613	-0.064958	-0.1300621
0.46368843	-0.46763122	0.4668893	0.49357292	-0.4513889	-0.5253616	-0.43501145	0.43354213	0.44545007	0.47287703	-0.48520866	0.46278584	-0.42622134	0.46963727	0.48143545	0.44289446
0.3598244	-0.31157598	0.37070507	0.3222413	-0.27297488	-0.31330436	-0.34390306	0.30392668	0.3610202	0.34045154	-0.28669786	0.36235085	-0.28731063	0.3243677	0.2919406	0.3426832
0.22604738	-0.2315498	0.22139494	0.15361407	-0.20363387	-0.18112816	-0.19598323	0.15658092	0.14699312	0.1685666	-0.22819929	0.15588297	-0.19263318	0.173927	0.19311105	0.22676013
0.74764687	-0.81919366	0.8409532	0.82126755	-0.8972183	-0.82133543	-0.8201993	0.75846565	0.93438756	0.81771564	-0.86323357	0.8240807	-0.82391953	0.86822885	0.77799356	0.853519
-0.68912023	0.79530907	-0.7781766	-0.81243515	0.77348804	0.6998678	0.7849408	-0.82101965	-0.8047642	-0.78837675	0.729703	-0.7727613	0.7608717	-0.74913085	-0.7601518	-0.83476716
0.035009354	-0.091209605	-0.013018157	0.03916528	-0.09005254	-0.06406596	-0.0403939	0.060929205	0.10054439	0.01776961	-0.087930165	0.07863198	-0.026270151	0.055666808	0.03845286	0.019567994
0.24396987	-0.32290232	0.31463498	0.301752	-0.27532694	-0.2770873	-0.26489058	0.29911295	0.29192498	0.29836687	-0.26942247	0.30395156	-0.33456224	0.28086883	0.31641227	0.34091723
-0.5880981	0.545389	-0.6297254	-0.6027165	0.5802992	0.57496196	0.56664664	-0.505712	-0.6006961	-0.5439613	0.61130506	-0.53869325	0.55702555	-0.59691346	-0.5176889	-0.5853375
0.5290281	-0.526426	0.5254391	0.5492456	-0.5504463	-0.5073802	-0.5201796	0.57951707	0.58535403	0.5183436	-0.55992246	0.5518104	-0.5609491	0.5877642	0.5362712	0.56478
-0.1391048	0.13267505	-0.092754245	-0.11123931	0.11591881	0.050499048	0.043319937	-0.10326417	-0.061765287	-0.09185985	0.037828874	-0.10219154	0.10821844	-0.06609128	-0.0503186	-0.12617774
-0.44718152	0.47470307	-0.43359292	-0.480805	0.5322513	0.48972538	0.4582617	-0.4253005	-0.4808059	-0.5256644	0.5159358	-0.5211138	0.47179204	-0.4587138	-0.5235119	-0.48554116
0.44865704	-0.43064567	0.428773	0.3783192	-0.41298655	-0.4724279	-0.4800206	0.43418244	0.4754801	0.40599534	-0.4400135	0.40970662	-0.3746521	0.42381513	0.4825871	0.49171573
0.91236526	-0.97364753	0.96241313	0.9512546	-1.0169868	-0.98526615	-0.982453	0.92197925	1.0562843	0.99348694	-1.000621	0.98101103	-0.9780058	0.9803807	0.9691491	1.0196182
0.11754969	-0.045021594	0.14149171	-0.0057791714	-0.025605217	-0.04432088	-0.013752802	0.084407106	-0.007169957	0.039057	-0.009009928	0.02375285	-0.038218457	0.06819839	0.054691397	0.029581005
0.34429783	-0.32526466	0.38781467	0.3613222	-0.30900845	-0.38697612	-0.32954338	0.38007677	0.37202033	0.39537057	-0.32348284	0.33455864	-0.34200504	0.39360318	0.37019715	0.3128927
0.008180935	0.33126032	-0.3413574	-0.39156175	0.4557758	0.2055273	0.31214586	-0.46658605	-0.6227318	-0.37575537	0.45748937	-0.47866872	0.47590747	-0.37345937	-0.36737648	-0.57505083
-0.33395165	0.5353485	-0.5665463	-0.5462213	0.61949563	0.5024866	0.5527956	-0.5627809	-0.65743744	-0.53636247	0.6311366	-0.57669526	0.5895692	-0.57674116	-0.57300454	-0.64104307
0.0852849	-0.056646273	0.13955179	0.07384386	-0.09888529	-0.09353008	-0.059931673	0.073277414	0.1362229	0.046045672	-0.04195633	0.092994474	-0.1110216	0.035756666	0.03595796	0.09569907
-0.33316627	0.30054384	-0.35479394	-0.29066914	0.33050132	0.38040337	0.3349068	-0.354917	-0.3382051	-0.3843116	0.321121	-0.28881973	0.3364958	-0.32920521	-0.34994665	-0.31834513
-0.12174123	0.10865138	-0.16309685	-0.15845579	0.1339959	0.103868425	0.09688673	-0.16880749	-0.12883522	-0.076636285	0.16796857	-0.08034679	0.1185228	-0.0773423	-0.13121273	-0.1673978
0.59653574	-0.68880904	0.66994566	0.7145803	-0.71134067	-0.7250237	-0.644893	0.63178253	0.7492332	0.731911	-0.724738	0.7276337	-0.65555084	0.65896374	0.6832527	0.76869214
0.6980177	-0.74520576	0.733841	0.7180132	-0.7831958	-0.67854804	-0.70896184	0.7083401	0.7504351	0.69511104	-0.77782905	0.74345124	-0.70194864	0.7171701	0.7460784	0.7294162
0.21245927	-0.23105848	0.22579375	0.21265557	-0.19100578	-0.1827271	-0.17469865	0.21142508	0.22154449	0.24043836	-0.24738306	0.1837331	-0.23537777	0.20654008	0.20715965	0.18799682
-0.0881382	0.045302432	-0.049617447	-0.11697153	0.07555274	0.10290936	0.06577668	-0.053574417	-0.061777353	-0.08688441	0.08540332	-0.12047188	0.033355027	-0.057956126	-0.044899583	-0.04631304
0.1962559	-0.30528432	0.20370749	0.2831155	-0.27397996	-0.31632504	-0.24364768	0.25769475	0.29151237	0.26865798	-0.32132632	0.30141577	-0.2546947	0.30321726	0.24512453	0.3186669
0.5403297	-0.59729815	0.6358888	0.54341865	-0.54652536	-0.5942337	-0.5265141	0.5516869	0.64958614	0.58466405	-0.5761002	0.5495013	-0.58973163	0.5487899	0.57674056	0.5570133
0.6939695	-0.740826	0.7785543	0.7140414	-0.81124496	-0.75899273	-0.77924067	0.7738422	0.830868	0.7970007	-0.80771035	0.79588515	-0.7773252	0.8084959	0.7325432	0.8512305
0.7662162	-0.69614846	0.76087075	0.75472206	-0.76377964	-0.7448532	-0.7148094	0.7672027	0.7520689	0.77833974	-0.7880129	0.7187515	-0.69710195	0.7385966	0.7598968	0.81250244
0.4064044	-0.40009174	0.42178953	0.3568949	-0.3303822	-0.36436668	-0.41268346	0.36856112	0.3891231	0.36543205	-0.3831046	0.33963203	-0.3163188	0.40533233	0.39510438	0.3325564
0.60421234	-0.6464826	0.6058193	0.58006036	-0.6235661	-0.6049114	-0.6933378	0.68117553	0.63243496	0.59406525	-0.61070186	0.6491582	-0.60741323	0.6581151	0.64878774	0.7059604
-0.5429373	0.55476403	-0.5846901	-0.5601496	0.5488473	0.5810195	0.56601167	-0.6161775	-0.5839032	-0.6149602	0.6285295	-0.53743166	0.5512064	-0.54238015	-0.52698296	-0.5845918
-0.7291977	0.7690568	-0.75947034	-0.81744504	0.78374434	0.7775369	0.77311337	-0.7725159	-0.83623725	-0.81177807	0.7980151	-0.8098233	0.7644031	-0.7607397	-0.8028251	-0.8391327
0.37527478	-0.4469342	0.39636368	0.37237263	-0.46775693	-0.41063732	-0.43301997	0.47075537	0.45445272	0.4595741	-0.38093758	0.46181205	-0.41513568	0.4062994	0.3900582	0.4523194
-0.37617952	0.44086877	-0.41303924	-0.35230112	0.35896838	0.42306957	0.43423653	-0.4172469	-0.4098351	-0.44436288	0.3669397	-0.36431924	0.35977834	-0.440852	-0.3658248	-0.39290258
0.7276591	-0.8168486	0.7596606	0.81080323	-0.8207882	-0.73120546	-0.7956792	0.79715484	0.8309568	0.8286556	-0.7594341	0.79762155	-0.7902225	0.7316443	0.78590643	0.77494264
-0.36350533	0.453108	-0.41840115	-0.4525955	0.41676998	0.42711267	0.4615613	-0.47041032	-0.43923077	-0.43933964	0.4729131	-0.4031043	0.4549998	-0.37990305	-0.4316999	-0.4155673
-0.7970846	0.7331548	-0.8118047	-0.75153995	0.83815455	0.75266767	0.7543177	-0.7704098	-0.7962882	-0.7566144	0.77760696	-0.7662526	0.78425074	-0.7391345	-0.8147101	-0.8092436
-0.62619	0.667282	-0.73729163	-0.69013536	0.7040856	0.67517805	0.6491413	-0.70995	-0.62976134	-0.64297944	0.6521941	-0.6660391	0.6494549	-0.6889227	-0.6163857	-0.63137203
0.79358596	-0.881911	0.8441502	0.8763009	-0.86656076	-0.8289871	-0.8390343	0.8230978	0.8799001	0.88463503	-0.80958074	0.8816861	-0.78909045	0.8154494	0.8343842	0.89932376
-0.5006318	0.6522099	-0.62051284	-0.5801411	0.6526323	0.5875837	0.5919399	-0.5856463	-0.63951147	-0.57687974	0.6651858	-0.5964363	0.5917201	-0.6246908	-0.61859435	-0.60961604
-0.3796774	0.5948517	-0.6211023	-0.6661623	0.68190986	0.5734446	0.5475912	-0.7059983	-0.7908964	-0.61279655	0.63091326	-0.69732875	0.6408309	-0.6254822	-0.5835538	-0.7073648
0.6269587	-0.5888235	0.6596044	0.66138077	-0.6546074	-0.58907354	-0.58733857	0.60309076	0.64537805	0.58909583	-0.66615504	0.6005837	-0.60371786	0.6563066	0.63269967	0.68849605
0.80482715	-0.839008	0.810112	0.829822	-0.8395082	-0.8532841	-0.849071	0.7804187	0.86985654	0.8769973	-0.8299406	0.8915665	-0.8124377	0.8391948	0.86211544	0.8428479
0.27222195	-0.2989658	0.3478211	0.2947235	-0.32553416	-0.27258033	-0.27874678	0.26704365	0.38114896	0.31793123	-0.37088442	0.37538952	-0.27370942	0.26808393	0.28536543	0.29515168
0.6496887	-0.64124495	0.6912139	0.6270405	-0.65200627	-0.63191026	-0.6918271	0.6652718	0.70984966	0.6686115	-0.6561512	0.7041098	-0.6917633	0.6380031	0.7092878	0.67434037
-0.24105564	0.356276	-0.36383873	-0.3038705	0.3274508	0.32965538	0.37458584	-0.3194595	-0.38092628	-0.30414498	0.36893877	-0.38628164	0.3129481	-0.3331156	-0.31175163	-0.40271112
-0.13548511	0.085806556	-0.07011985	-0.13392654	0.13741319	0.14108638	0.17641811	-0.12631357	-0.19023634	-0.14394067	0.092050776	-0.1461498	0.109461434	-0.13551292	-0.098654345	-0.15921375
-0.9335129	1.0222622	-1.0016782	-0.9702904	0.98978066	1.0095377	0.97860664	-0.9409154	-1.0749192	-0.9843238	0.9529299	-1.0227877	1.013254	-1.0127027	-0.95459735	-1.0129765
-0.7706477	0.8318347	-0.8588788	-0.84211403	0.9041373	0.77442616	0.79933906	-0.8928884	-0.9300632	-0.83844334	0.83697647	-0.88490576	0.8282379	-0.79999423	-0.8707747	-0.8918959
0.8922874	-0.9371683	0.9485599	0.9144308	-0.8854446	-0.9322346	-0.9159404	0.9196459	0.9394516	0.8601829	-0.90335095	0.8744659	-0.90357727	0.87911814	0.8803748	0.9087989
0.36107025	-0.40675658	0.38150498	0.3462613	-0.36297634	-0.3973027	-0.42276713	0.32924342	0.4173086	0.35731086	-0.34845173	0.41712314	-0.4094254	0.3745207	0.35314152	0.44919366
-0.5711553	0.71374506	-0.6737021	-0.6998599	0.73895967	0.741398	0.69062436	-0.7366168	-0.72606647	-0.68303496	0.71378195	-0.7604595	0.7683415	-0.7145731	-0.7015742	-0.71120256
-0.6529968	0.6704443	-0.6473475	-0.6037427	0.675465	0.6262472	0.6130986	-0.6914983	-0.70908815	-0.6943348	0.6851613	-0.6245725	0.68656445	-0.6156148	-0.6751072	-0.6858861
0.65846175	-0.7557192	0.7008993	0.74387854	-0.703898	-0.66882175	-0.6558239	0.62907004	0.7651392	0.6920552	-0.68573886	0.709277	-0.6586399	0.70821774	0.6904658	0.7924712
-0.0579969	0.009584996	-0.061233383	-0.032099344	0.0703233	0.087916195	0.09991785	-0.020086741	-0.030674454	-0.030574832	0.09534865	-0.059044316	0.094479	-0.035827547	-0.054622475	-0.09703397
0.031900033	-0.016254295	0.030418683	0.028817305	-0.024508629	-0.08805267	-0.028968854	0.042281866	0.058760624	0.046228	0.0006313177	0.057413865	0.004951228	-0.0031713508	0.039260883	0.010276014
0.5695871	-0.6324757	0.64361906	0.625229	-0.67639667	-0.65960866	-0.6009024	0.59790385	0.6965916	0.5964126	-0.60872644	0.6179091	-0.58260626	0.64206505	0.63271445	0.62854695
0.8202159	-0.7799648	0.8103504	0.78820693	-0.8247512	-0.81759346	-0.80037165	0.78048104	0.8013446	0.77276415	-0.74780303	0.78844273	-0.7562635	0.84855336	0.75032973	0.7771173
0.45882103	-0.5168935	0.4355433	0.4836373	-0.5240872	-0.5072613	-0.5027799	0.51945215	0.5340073	0.45146993	-0.5406424	0.51069844	-0.4623706	0.53676075	0.46636814	0.48793793
-0.81023383	0.7634285	-0.7997122	-0.7975345	0.7758498	0.75705117	0.8322456	-0.81044793	-0.78082424	-0.7569439	0.7499516	-0.80001277	0.7913154	-0.76621157	-0.81875217	-0.7979722
-0.32861176	0.33612454	-0.30845803	-0.3373704	0.33549047	0.28592575	0.3008962	-0.23243327	-0.27970505	-0.26150247	0.26115566	-0.29038954	0.26433092	-0.25387624	-0.24057578	-0.33301237
-0.44956526	0.47053257	-0.47818863	-0.42846292	0.43418014	0.40787807	0.4263088	-0.42398426	-0.42641774	-0.3913034	0.430974	-0.42687204	0.4548216	-0.44165865	-0.47726113	-0.44547367
-0.86201334	0.96173346	-0.98597586	-0.91175216	0.97058505	0.96949434	0.92444384	-0.95156485	-0.9819403	-0.9864362	0.9714931	-1.0076319	0.9254876	-0.94970465	-0.9701667	-1.0042697
-0.36822888	0.3547327	-0.42071047	-0.34611416	0.30374748	0.3418946	0.30345336	-0.38156217	-0.3083754	-0.33639798	0.32414365	-0.36366567	0.37700084	-0.3378558	-0.38202983	-0.31549373
0.62746024	-0.66654104	0.7067578	0.66046995	-0.6755361	-0.6856891	-0.65763575	0.6620307	0.7479178	0.6631045	-0.6242682	0.62735605	-0.68411434	0.6318396	0.6681242	0.7058574
0.4548432	-0.5597317	0.5656407	0.5647109	-0.53644735	-0.4683507	-0.4843384	0.4956661	0.5288467	0.46739367	-0.5165524	0.54709256	-0.5399296	0.5610683	0.54621446	0.512671
-0.66029143	0.75811446	-0.6844047	-0.67349786	0.70367354	0.7104106	0.66395104	-0.6630385	-0.7168545	-0.6943944	0.71162075	-0.70039046	0.7371473	-0.6710535	-0.68769234	-0.6969211
-0.08787728	0.041190136	-0.052596238	-0.0828681	0.02600567	0.035903107	0.037650093	-0.07565889	-0.059306704	-0.0045740134	0.08319717	-0.040322527	0.030104522	0.0011307078	-0.03033526	-0.053267043
0.35359433	-0.44614124	0.37029848	0.35739735	-0.4639339	-0.35812038	-0.40589964	0.39697903	0.39956683	0.39281014	-0.42074236	0.4232197	-0.34642416	0.44134367	0.39478084	0.42632318
-0.87627125	0.81136185	-0.9155857	-0.86191076	0.9088064	0.8993107	0.82314765	-0.8670431	-0.89125794	-0.87804765	0.8533497	-0.86538947	0.850474	-0.878764	-0.8751444	-0.9227849
-0.1614642	0.18538612	-0.20255828	-0.20873748	0.17629507	0.19265285	0.14698277	-0.13540679	-0.16599092	-0.17055349	0.2156359	-0.18284698	0.1816865	-0.17056616	-0.1448111	-0.1278416
0.08302189	-0.14939742	0.09708433	0.14002135	-0.08734997	-0.135402	-0.13099161	0.13316856	0.1025597	0.13526268	-0.12981296	0.09650677	-0.10150233	0.08888919	0.07786898	0.10024833
-0.6310582	0.81591636	-0.8881783	-0.80776054	0.84471273	0.8121347	0.72435695	-0.87649256	-0.84244686	-0.7931711	0.7822957	-0.8368453	0.7810138	-0.7674329	-0.77837396	-0.8997844
-0.79662114	0.81681037	-0.7967165	-0.85155666	0.8737134	0.7849495	0.773025	-0.821124	-0.87414676	-0.80426663	0.84013444	-0.78404933	0.7872096	-0.76702625	-0.8037694	-0.8047105
-0.9475194	1.0375389	-1.0219687	-1.017666	1.0614719	0.9969091	1.0394204	-0.96694773	-1.0683876	-1.0363102	1.0141797	-0.9804934	1.0382612	-1.0272775	-1.0027046	-1.00476
-0.37795505	0.46096483	-0.40631518	-0.40688032	0.4515144	0.46138746	0.43838817	-0.4789543	-0.4853764	-0.47793108	0.4799954	-0.41648528	0.4299705	-0.43726754	-0.4321585	-0.4703894
0.12893628	-0.13514276	0.15531796	0.12464855	-0.1136694	-0.04140306	-0.0278143	0.08209267	0.06202102	0.05360559	-0.095436424	0.06842623	-0.053950675	0.11458507	0.10998997	0.0863839
0.20566152	-0.21593028	0.26139674	0.24500702	-0.28578696	-0.20627846	-0.27381185	0.24861485	0.27518094	0.28923732	-0.26434004	0.20751806	-0.2022387	0.22600068	0.27394587	0.24196383
-0.6805879	0.6605221	-0.6226248	-0.59215426	0.63122106	0.6370279	0.6212156	-0.6319026	-0.6502439	-0.6451134	0.6605479	-0.6282262	0.57144904	-0.58643955	-0.6297754	-0.686634
-0.60573304	0.63429075	-0.6165288	-0.6568915	0.651924	0.6898734	0.67172486	-0.6324981	-0.7052763	-0.6641357	0.6684119	-0.6624802	0.6402645	-0.61566335	-0.69244117	-0.6700892
-0.87011796	0.9520761	-1.0655255	-0.9288175	0.950316	0.9167219	0.94897664	-0.95672095	-1.0479838	-0.9887166	0.9350892	-0.94384855	0.91201013	-0.92003506	-0.92784244	-1.0709804
-0.76298857	0.726929	-0.8474237	-0.8013212	0.77327883	0.734895	0.7690988	-0.74206805	-0.8400746	-0.7858705	0.7280579	-0.73338443	0.80556923	-0.7950625	-0.72990257	-0.7935455
0.6714187	-0.6399087	0.70389885	0.61776197	-0.6219534	-0.6304377	-0.65143543	0.62402445	0.7043758	0.6660233	-0.6040335	0.694852	-0.6305004	0.618845	0.6726621	0.699997
-0.6813631	0.7171086	-0.72094953	-0.6689442	0.6869391	0.6680709	0.68586314	-0.7781569	-0.77232677	-0.69530547	0.744179	-0.73230195	0.69202524	-0.7026567	-0.6733723	-0.7206351
0.56962025	-0.60274345	0.59579706	0.56696475	-0.6111385	-0.6152453	-0.6128071	0.5964222	0.6019	0.6385567	-0.65459853	0.65624577	-0.6260582	0.6157022	0.6575793	0.62112135
0.013382394	0.0006653848	0.071760766	0.0013781529	0.011805262	-0.01520967	-0.0570816	0.06377404	-0.0031729795	-0.012733942	0.008491167	0.07576318	0.011114268	0.06713445	-0.01724132	-0.00205719
0.19548555	-0.13493489	0.16793044	0.14436238	-0.16752851	-0.13588437	-0.13586141	0.14596462	0.16682012	0.19064084	-0.1497004	0.15973237	-0.12199557	0.12892905	0.15136503	0.16377722
-0.50985825	0.57895535	-0.6128081	-0.528993	0.53322184	0.5493852	0.597204	-0.52270216	-0.5609726	-0.56761396	0.60963523	-0.5578186	0.5875314	-0.60016805	-0.5722237	-0.57253504
0.92248183	-0.9228901	0.9610896	0.95017177	-1.0113951	-0.99552447	-0.9364656	0.9469008	1.0375025	0.9918063	-0.94008	0.92933035	-0.955604	0.960089	0.9687157	1.0300341
-0.047626916	0.33978888	-0.41291744	-0.3443711	0.41002274	0.23992749	0.26952252	-0.42804492	-0.51620764	-0.2951774	0.46097693	-0.42433795	0.34455907	-0.3235814	-0.3135592	-0.4342768
0.103452355	-0.040638484	0.06138299	0.07225294	-0.08207137	-0.07674305	-0.07958187	0.1064546	0.04449059	0.064468525	-0.10039138	0.09122842	-0.11585679	0.11501313	0.10259439	0.057656024
-0.60477823	0.56706864	-0.61415344	-0.57681	0.63691074	0.6274465	0.59699315	-0.56907153	-0.6421422	-0.59228873	0.5955173	-0.65853477	0.5920171	-0.6416231	-0.57480013	-0.6157533
1.1702704	-1.1954314	1.1418804	1.120754	-1.1683006	-1.147526	-1.13718	1.1063353	1.2216568	1.1820983	-1.115942	1.1583974	-1.125896	1.1874543	1.1447716	1.1454576
-0.39614084	0.6525061	-0.6277373	-0.6965198	0.70740205	0.58537054	0.5609337	-0.7132767	-0.69427854	-0.66201574	0.70675826	-0.7025061	0.69516534	-0.6184733	-0.60804045	-0.71714586
-0.37502852	0.30192408	-0.3002031	-0.30358982	0.28955185	0.3433498	0.29315066	-0.3447274	-0.30691448	-0.2907972	0.26959994	-0.3353797	0.2467835	-0.29427588	-0.3304751	-0.3238185
0.6801671	-0.653216	0.6291563	0.64740145	-0.7328648	-0.6331267	-0.6606894	0.7127556	0.7416433	0.73430586	-0.716631	0.70133555	-0.69161963	0.6450223	0.66787773	0.74365366
-0.67712677	0.74923337	-0.77561164	-0.67085713	0.74729323	0.6968235	0.73551416	-0.6656133	-0.7890962	-0.7197703	0.6797444	-0.7320588	0.64484924	-0.72870004	-0.673334	-0.71914566
0.7873519	-0.85000336	0.8253918	0.77805656	-0.86050063	-0.84956247	-0.8486247	0.79535794	0.89449924	0.84709066	-0.8192378	0.8856592	-0.83011323	0.8659347	0.8176128	0.8942358
0.79162645	-0.7696841	0.8187663	0.7956235	-0.7692513	-0.72180563	-0.80726886	0.77733827	0.8367452	0.7729265	-0.82736844	0.7518993	-0.8061178	0.7881114	0.8203177	0.7901345
0.8298769	-0.88783	0.83091724	0.84451675	-0.8988367	-0.8815113	-0.87775964	0.8882391	0.9736088	0.9123964	-0.8290915	0.87608695	-0.86534387	0.87527597	0.855298	0.961276
0.8874719	-0.8420783	0.8553694	0.87657887	-0.88055295	-0.87194985	-0.88061386	0.8290817	0.890506	0.90201676	-0.89341235	0.8777278	-0.8701151	0.9177311	0.8425688	0.91280097
0.46115	-0.6017957	0.5280273	0.5324849	-0.6405386	-0.57556444	-0.5531805	0.580331	0.6555852	0.6321799	-0.60761714	0.64614147	-0.5770231	0.5739026	0.55265546	0.5980632
0.76301473	-0.7417226	0.7415896	0.7880174	-0.76929855	-0.7736585	-0.7894155	0.7222065	0.7870474	0.75320095	-0.7622594	0.79316914	-0.77388686	0.7095257	0.732956	0.7630238
-0.6034423	0.6754949	-0.7634541	-0.72692734	0.7853877	0.66600835	0.74084544	-0.70389056	-0.76284075	-0.7705513	0.71567935	-0.78894067	0.76146615	-0.72567755	-0.7042804	-0.78373784
0.2776105	-0.3298264	0.28892735	0.29918173	-0.31095114	-0.30485862	-0.28915778	0.35759774	0.35052904	0.3305991	-0.351238	0.36009702	-0.2784055	0.33927956	0.3120125	0.32534888
0.11513105	-0.13793579	0.18031228	0.10535274	-0.08815303	-0.097707935	-0.1131929	0.10228575	0.10064543	0.06460443	-0.12005705	0.05825378	-0.057693914	0.11616077	0.118521765	0.12495781
0.17964266	-0.123466775	0.10539599	0.12534925	-0.082603075	-0.10966359	-0.12945803	0.096902885	0.0857588	0.08688485	-0.12420984	0.14062138	-0.079216555	0.066621296	0.08279617	0.088976994
0.32191738	-0.42930478	0.3309382	0.3678255	-0.37793845	-0.37149215	-0.40498197	0.40690106	0.4350415	0.34136125	-0.41507247	0.3807589	-0.3709029	0.41386113	0.34690404	0.42146364
-0.020640869	-0.002954682	0.004995674	0.025095472	0.025205921	0.04834086	0.013647139	-0.029444318	0.004435704	-0.03173118	-0.014499941	-0.02507755	0.0026243764	-0.03690452	0.028263919	-0.032250125
-0.5473876	0.49287057	-0.50108945	-0.47657424	0.5156639	0.51581615	0.49595374	-0.5679045	-0.47011724	-0.46333176	0.51472974	-0.4640445	0.46223235	-0.48621464	-0.5551386	-0.47146806
0.5736377	-0.57959473	0.6128615	0.6622383	-0.6552164	-0.6237025	-0.6670702	0.63478523	0.6800574	0.59432924	-0.6842992	0.6488064	-0.60254675	0.655413	0.6404801	0.7141275
0.3714621	-0.4029333	0.38521037	0.40404314	-0.4419987	-0.4054092	-0.37984484	0.35737428	0.38411918	0.4058002	-0.35724387	0.41823074	-0.36545816	0.37752253	0.41226882	0.3923206
0.8526434	-0.97183186	0.94556975	0.92283314	-0.8843412	-0.9095314	-0.92555237	0.89744955	0.9482128	0.8717377	-0.9603176	0.93528676	-0.87766	0.8826578	0.93262213	0.991125
-0.076106764	0.053984635	-0.04557336	-0.03543503	0.054342825	0.04479884	0.032784756	-0.0860536	-0.07885464	-0.103961624	0.09027606	-0.07895847	0.038736537	-0.03708704	-0.12082534	-0.044660125
0.033589635	-0.015229161	0.027846754	0.011898882	0.041017257	0.03549166	-0.004794909	0.017362861	0.01200787	-0.05053801	0.029120617	-0.041823864	0.019535156	0.032991063	0.020076187	-0.03752141
0.2741865	-0.30019817	0.330074	0.27902308	-0.25006172	-0.28205457	-0.31268588	0.2585367	0.3064436	0.24420501	-0.25487432	0.33587387	-0.31595916	0.3341445	0.2500942	0.2714317
0.67897344	-0.63645995	0.6656672	0.6988104	-0.720572	-0.6509679	-0.6321248	0.6646923	0.74265933	0.65997195	-0.6442641	0.69790256	-0.68978965	0.6318507	0.6784839	0.71982
0.075578324	-0.040139455	0.070144445	0.08862585	-0.0820399	-0.09716383	-0.036654454	0.03117776	0.0766008	0.08194245	-0.08412606	0.06722658	-0.023308516	0.043318033	0.027433079	0.06333922
-0.10723312	0.03641329	-0.07684886	-0.0836024	0.04977926	0.12687017	0.039195333	-0.057560846	-0.10113539	-0.058487576	0.09160791	-0.083565384	0.08494408	-0.08779418	-0.09251752	-0.038025714
-0.882423	0.95656943	-0.9703907	-0.9066022	0.9653382	0.85183644	0.907863	-0.92555386	-0.9612237	-0.93290925	0.96764773	-0.87612975	0.9155644	-0.92701536	-0.93208164	-0.9992208
-0.56606674	0.5663951	-0.54913455	-0.56480825	0.51701295	0.5458177	0.54649615	-0.5950894	-0.5757235	-0.57682264	0.49612263	-0.53923875	0.5516232	-0.5334139	-0.552736	-0.54131806
0.031801045	-0.08232499	0.0075148	0.067086585	-0.04620291	-0.03876116	-0.034413286	0.017121045	0.11256909	0.09897862	-0.05160168	0.04211181	-0.092216104	0.10597328	0.00967619	0.122693084
-0.40498418	0.56678843	-0.6544184	-0.6190175	0.667793	0.6051934	0.6020362	-0.64194304	-0.66000366	-0.5982895	0.6486463	-0.57488143	0.55541146	-0.5619714	-0.61286443	-0.65631133
0.01374429	0.022451743	-0.010470381	-0.007825385	-0.03398087	-0.01795829	0.026624076	0.016134227	-0.029287752	0.031590972	0.045295678	0.020460403	-0.019103462	-0.049032237	0.01558458	-0.017678237
0.03729762	-0.025477853	-0.002776896	0.013454233	0.027634682	0.012561988	0.008794565	0.031130493	0.0008577789	-0.028233621	0.032819286	-0.04400933	0.02903331	0.008312935	-0.024864128	0.04662458
0.40025005	-0.45811623	0.44022948	0.4398538	-0.45557022	-0.43446892	-0.42700577	0.41953373	0.41080856	0.3824912	-0.4215265	0.40767244	-0.41690052	0.4044106	0.3975749	0.39714634
0.68752724	-0.72253126	0.66786057	0.73558223	-0.6652302	-0.7321061	-0.6500264	0.7448978	0.74174744	0.7216756	-0.67072785	0.67909443	-0.70413035	0.72745025	0.65749294	0.7368211
-0.4424394	0.38942838	-0.4339576	-0.47587422	0.42233017	0.482399	0.39265153	-0.4789537	-0.434986	-0.44354126	0.39998558	-0.41525725	0.44239667	-0.46767807	-0.40110606	-0.45290354
0.7651957	-0.7521523	0.8441048	0.79406714	-0.8108125	-0.73017496	-0.7507183	0.7546177	0.83846605	0.7900676	-0.7262607	0.77957594	-0.792491	0.74323475	0.73956203	0.788302
-0.474746	0.68038994	-0.72293884	-0.684974	0.6657811	0.6108494	0.5683599	-0.66079086	-0.7113065	-0.6801387	0.6180754	-0.7079169	0.6606997	-0.63840586	-0.6346983	-0.66806495
0.2734065	-0.25430065	0.3287427	0.30733255	-0.22478387	-0.29940724	-0.29010007	0.29780203	0.34036583	0.21784173	-0.28025228	0.22730319	-0.23471116	0.31514758	0.2892138	0.3000434
0.7208753	-0.73894733	0.71395344	0.70449233	-0.77953076	-0.6752925	-0.74803305	0.6503699	0.74616206	0.6802708	-0.7356919	0.68452495	-0.68128395	0.67500055	0.7427832	0.8008732
-0.115004815	0.14861028	-0.08639601	-0.1638499	0.100235246	0.070422426	0.083335765	-0.09672414	-0.08542463	-0.118049204	0.10117376	-0.14829633	0.10132231	-0.1074095	-0.14097291	-0.1344464
0.69069266	-0.7113738	0.7351392	0.65595216	-0.7681813	-0.7267768	-0.69870186	0.64611006	0.77134943	0.69068813	-0.6632556	0.6953216	-0.7066691	0.6888523	0.6917566	0.74620813
-0.2534023	0.28267142	-0.25213954	-0.2854405	0.29642075	0.32678154	0.3008042	-0.28282422	-0.31028354	-0.26135397	0.30869922	-0.35937747	0.3004699	-0.34562162	-0.34395358	-0.3573996
-0.20558666	0.23824042	-0.34868273	-0.34224954	0.33317584	0.22445269	0.23387139	-0.25000697	-0.36883408	-0.28603995	0.27444822	-0.3248673	0.28931907	-0.29947507	-0.24968861	-0.28893387
0.36200166	-0.41253266	0.42551324	0.42531788	-0.42289674	-0.39430904	-0.45451927	0.4392616	0.44976792	0.40619898	-0.4492297	0.37785563	-0.3663271	0.4173845	0.39512762	0.4630314
0.5409979	-0.56634015	0.5538076	0.5123181	-0.5544726	-0.5149288	-0.56515485	0.5348449	0.54995567	0.5842869	-0.5152806	0.5736814	-0.49358943	0.5641109	0.53839785	0.58246976
0.77914286	-0.8190521	0.80867594	0.79407585	-0.8588611	-0.78145593	-0.8085883	0.7938436	0.80398685	0.830393	-0.83251697	0.75913525	-0.7402203	0.7761657	0.80303127	0.8366944
0.91703403	-0.90214455	0.93886846	0.91653067	-0.9513711	-0.9142745	-0.933859	0.9150906	0.96746546	0.8862924	-0.9364847	0.9748997	-0.9504291	0.89806944	0.88929266	0.98089534
-0.9203289	0.9913928	-1.0270841	-0.98843914	1.0235778	0.9886012	0.95366776	-0.9431463	-1.0610971	-1.0026752	0.9753398	-0.99360305	1.0191756	-0.9332116	-0.9762025	-1.0152235
-0.40293902	0.4151417	-0.3730317	-0.46062222	0.43997437	0.42834648	0.43072587	-0.39440042	-0.39954093	-0.39775315	0.4374877	-0.40773404	0.3722772	-0.39092788	-0.37773675	-0.47397238
0.73798597	-0.74876565	0.7805364	0.7080352	-0.77088076	-0.71092373	-0.7380423	0.71823347	0.7783886	0.81066346	-0.7868205	0.8180205	-0.76228184	0.77988416	0.73668504	0.80924773
-0.5653372	0.7047993	-0.65257925	-0.68019116	0.66850966	0.64855224	0.657161	-0.65902966	-0.6966862	-0.6439861	0.653852	-0.6381805	0.6435187	-0.6646505	-0.62380075	-0.6881315
-0.96746397	0.9828064	-1.0084268	-0.9985287	1.0113728	0.97274595	0.9644969	-0.9910217	-1.0179437	-1.0052392	0.95009255	-1.0321566	0.9555557	-1.0124484	-0.9293638	-0.99743384
0.31556007	-0.30226913	0.2940377	0.2534771	-0.30100566	-0.35479224	-0.30556142	0.3384068	0.33807248	0.2774112	-0.33841673	0.27796602	-0.3142073	0.35379747	0.30571628	0.3820602
-0.4027068	0.32578367	-0.36137185	-0.33990464	0.32865617	0.377728	0.4022997	-0.42349702	-0.372647	-0.32007715	0.37708527	-0.41767633	0.32200927	-0.38069504	-0.33847007	-0.3559516
0.49775276	-0.40832362	0.44299838	0.3684374	-0.47221544	-0.3889334	-0.46041518	0.40270105	0.4227985	0.4521951	-0.45991543	0.39835545	-0.38560283	0.46051922	0.4387482	0.47809166
0.39462852	-0.39181644	0.49618208	0.38700643	-0.3846268	-0.37346572	-0.36797673	0.37355927	0.49443594	0.4576969	-0.44353136	0.46380642	-0.4058526	0.46351588	0.4090892	0.40129226
0.5433959	-0.55287623	0.56906015	0.5505661	-0.5918023	-0.52729046	-0.537458	0.5454301	0.5643095	0.5428324	-0.54108757	0.60852224	-0.5536563	0.5887846	0.5253375	0.55109245
-0.81865674	0.8167896	-0.83177906	-0.7839399	0.85235655	0.8400126	0.79934996	-0.8263951	-0.89629304	-0.8022687	0.8145905	-0.8742187	0.8170452	-0.80321366	-0.86605936	-0.8838933
-0.6811718	0.78776324	-0.6781371	-0.7182592	0.7875518	0.68452394	0.7162144	-0.7498747	-0.81468064	-0.70964694	0.7101874	-0.7246895	0.71060765	-0.76669115	-0.75207615	-0.76286453
-0.2768075	0.2709927	-0.2757407	-0.2926446	0.2363494	0.2353544	0.28709456	-0.3223903	-0.26890382	-0.23893873	0.30830705	-0.29921973	0.28982168	-0.23597495	-0.27587095	-0.23240334
-0.30369082	0.24699512	-0.32696155	-0.22971344	0.30742142	0.29719496	0.2747557	-0.31358883	-0.23035106	-0.2859383	0.32233742	-0.22921272	0.25637582	-0.3035146	-0.3250072	-0.2788855
-0.6951708	0.8125458	-0.816666	-0.77963084	0.8024311	0.74600965	0.79465395	-0.77412444	-0.82077104	-0.77777356	0.8184934	-0.8307323	0.81500894	-0.7518997	-0.76382905	-0.8089929
-0.37112516	0.34452507	-0.34447262	-0.33452657	0.40547076	0.32650706	0.3213049	-0.3515874	-0.39665028	-0.3719933	0.42121083	-0.41059846	0.33136055	-0.41579643	-0.40707612	-0.3538004
-0.1317836	0.39621383	-0.47623718	-0.46884298	0.46793613	0.29083484	0.4048161	-0.45161536	-0.5212078	-0.39063716	0.47051936	-0.456133	0.44484302	-0.4643476	-0.40421027	-0.5176371
-0.727455	0.69630694	-0.7437242	-0.65295446	0.65656126	0.6413703	0.6323794	-0.6885826	-0.6801003	-0.68096393	0.7122224	-0.6629108	0.6882715	-0.63355434	-0.69755065	-0.6440561
0.16717725	-0.23578149	0.15091868	0.23087111	-0.20360962	-0.16186696	-0.20821965	0.19673584	0.17446968	0.20316018	-0.22634712	0.16498859	-0.1581407	0.20017424	0.1848532	0.1888639
0.8236028	-0.8167991	0.84838694	0.8525247	-0.9074572	-0.8371271	-0.85541636	0.8079982	0.8710701	0.864422	-0.83668363	0.87904626	-0.8364107	0.83280545	0.845607	0.9061371
0.24589698	-0.29310232	0.33089367	0.26794574	-0.269734	-0.25929043	-0.28396183	0.3070293	0.27658015	0.30950376	-0.2605627	0.26045623	-0.261035	0.31620753	0.26849148	0.34323066
-0.17291868	0.12183084	-0.14651057	-0.14953832	0.09251669	0.14138715	0.10805438	-0.11458859	-0.11928755	-0.10366199	0.16709964	-0.08309027	0.15270612	-0.13963084	-0.14536956	-0.16172397
0.68396217	-0.77137244	0.69105774	0.69002837	-0.6928622	-0.67590076	-0.75532067	0.6944038	0.7113366	0.69231313	-0.7447341	0.70796394	-0.6849159	0.73501956	0.7389271	0.742711
0.63734376	-0.61345667	0.6873781	0.6067354	-0.71012294	-0.6916413	-0.6915232	0.6631413	0.71066684	0.67051834	-0.6982863	0.6843809	-0.6816651	0.6518733	0.6770172	0.6425919
-0.56204236	0.6373731	-0.6129781	-0.6788345	0.71156275	0.5923642	0.67750734	-0.6059671	-0.7007945	-0.6078391	0.7082345	-0.69188523	0.613409	-0.64518374	-0.6650501	-0.7236044
-0.83273983	0.83349717	-0.86297435	-0.8071386	0.8117656	0.8675723	0.77893317	-0.81116587	-0.92896736	-0.84656525	0.8532521	-0.8428394	0.82693624	-0.8625295	-0.8130788	-0.82869846
0.79173106	-0.8199432	0.7517776	0.84642947	-0.82794863	-0.76489556	-0.7916182	0.8355744	0.91237396	0.84165996	-0.81854796	0.8682226	-0.84374857	0.7803367	0.86275846	0.8955556
0.42176884	-0.41527963	0.3992728	0.40360427	-0.37857747	-0.4198281	-0.37194496	0.39911085	0.3814464	0.3788998	-0.3548153	0.40925488	-0.41485757	0.40938273	0.42281184	0.43589756
-0.23431502	0.27600208	-0.26325324	-0.29107478	0.29123694	0.30098966	0.28530005	-0.21527095	-0.25519425	-0.22736035	0.2585693	-0.26825458	0.28890604	-0.28913525	-0.2861794	-0.26910934
-0.59500664	0.5553978	-0.60943305	-0.5957936	0.5480693	0.50945383	0.5383081	-0.56429505	-0.5384377	-0.5475492	0.5756194	-0.59803957	0.5489757	-0.523276	-0.5263718	-0.5732115
-0.21145228	0.24892154	-0.2784247	-0.23510253	0.3080586	0.2658659	0.29559004	-0.3216193	-0.331534	-0.29178956	0.2499037	-0.3264786	0.24370144	-0.24661249	-0.2820681	-0.33763862
-0.4158723	0.526256	-0.4472733	-0.46795362	0.51910543	0.5041682	0.48995575	-0.49840373	-0.5375515	-0.43362966	0.47958115	-0.4636723	0.49696457	-0.43980873	-0.47622898	-0.53291136
-0.6714379	0.73454326	-0.73007154	-0.68604183	0.70985013	0.68968415	0.68368614	-0.64990175	-0.7537461	-0.700956	0.7102933	-0.67742467	0.661498	-0.6667882	-0.65390223	-0.7498726
-0.47804853	0.632594	-0.5948132	-0.5880347	0.6182894	0.60910296	0.56193805	-0.65394115	-0.7212528	-0.6108122	0.63900477	-0.6172977	0.56990504	-0.5828761	-0.6172179	-0.67748874
0.110250704	-0.046139877	0.08583359	0.10338242	-0.11000981	-0.115233704	-0.09167843	0.094862916	0.07215639	0.04997418	-0.054825	0.069111414	-0.028219305	0.06445003	0.041495506	0.045782655
-0.52289385	0.48149407	-0.5295471	-0.4646629	0.46781886	0.45578632	0.48077387	-0.46633413	-0.46429864	-0.5019617	0.49405906	-0.50900334	0.50200593	-0.45728925	-0.48487777	-0.49496955
-0.007503171	-0.035381388	0.0069038966	0.06698837	-0.07273076	-0.053826652	-0.07250677	0.078413926	0.11233493	0.0689464	-0.045897897	0.11043927	-0.026905918	0.003415814	0.03159534	0.113417804
0.61608094	-0.6966271	0.6167514	0.59727323	-0.63698655	-0.6093857	-0.6419408	0.56469107	0.70695335	0.63111216	-0.6343306	0.6263216	-0.60556614	0.6163665	0.63381255	0.6555359
0.5070522	-0.65867	0.6376334	0.61192065	-0.67826056	-0.5782711	-0.55624443	0.5378686	0.719587	0.6436603	-0.6058482	0.61363244	-0.56364053	0.5968317	0.5843897	0.69539595
0.45550376	-0.44743446	0.49065503	0.4242264	-0.51222026	-0.46619293	-0.4365829	0.46997184	0.52161837	0.46031636	-0.44136548	0.45336318	-0.42599374	0.5166517	0.46916676	0.51467544
0.7855859	-0.82910055	0.8204013	0.8425837	-0.9095013	-0.82599086	-0.87089086	0.8881063	0.9195535	0.8568019	-0.84714097	0.9289481	-0.8538916	0.9109881	0.86606187	0.9523965
-0.29058498	0.4351675	-0.48477083	-0.44419166	0.44433698	0.37390345	0.32276654	-0.46953276	-0.49542165	-0.442806	0.40175107	-0.40951726	0.42966515	-0.3529257	-0.40853783	-0.4479963
0.88452005	-0.8665541	0.89386606	0.7961208	-0.84802496	-0.84801686	-0.8201405	0.87212276	0.945194	0.8445937	-0.8285605	0.8264524	-0.84109384	0.8361339	0.8669475	0.8840702
-0.8281185	0.88195544	-0.9250541	-0.8757159	0.8555324	0.83289677	0.83473945	-0.8537684	-0.95359397	-0.8812412	0.8339622	-0.877971	0.8494131	-0.90939075	-0.9060694	-0.8657522
0.5070202	-0.54531574	0.54692584	0.56797	-0.59860986	-0.5983968	-0.54906714	0.6115889	0.63963544	0.6303255	-0.55722225	0.599898	-0.5277657	0.63099045	0.5578328	0.58587146
0.77524835	-0.7319186	0.7557671	0.75284797	-0.74347055	-0.7435746	-0.78002715	0.7935211	0.7547295	0.76099485	-0.7190665	0.766469	-0.7604276	0.78223884	0.72102845	0.74880904
-0.5479653	0.56674486	-0.54598427	-0.5060347	0.554251	0.4926549	0.5602571	-0.50507116	-0.55602163	-0.50232196	0.52226216	-0.50738674	0.551393	-0.5424909	-0.4810138	-0.570494
-0.6260382	0.65077317	-0.6798844	-0.6662538	0.6677575	0.61589545	0.6413606	-0.67165345	-0.73575306	-0.7298874	0.6646429	-0.6853365	0.64409405	-0.69025934	-0.6482366	-0.7074785
-0.19082293	0.20235047	-0.18242645	-0.22278617	0.16353768	0.18194339	0.21041648	-0.23072515	-0.17917198	-0.25164863	0.19509575	-0.15717085	0.17524679	-0.23634556	-0.24034764	-0.20181298
0.7599467	-0.711649	0.7710719	0.7418768	-0.77133965	-0.7167308	-0.79135376	0.7165163	0.7967057	0.7271683	-0.7177671	0.79053503	-0.70603746	0.7142724	0.7018671	0.7579793
0.12685472	-0.12693773	0.17235065	0.16381454	-0.13109343	-0.1856198	-0.14350267	0.1348581	0.201016	0.19862103	-0.19078694	0.12442966	-0.161905	0.130222	0.19253875	0.14751707
-0.07519999	0.026270064	-0.08902657	-0.01696114	0.011500103	0.051219646	0.10033754	-0.09553738	-0.002638964	-0.064530686	0.095890835	-0.06673334	0.084633075	-0.019708231	-0.028190942	-0.074359216
-0.49380824	0.61170787	-0.6765502	-0.6107086	0.6628598	0.56115353	0.5625092	-0.60083705	-0.6892607	-0.5852162	0.67739844	-0.64522207	0.61899704	-0.61073023	-0.64677316	-0.6904065
-0.6402759	0.658272	-0.66231793	-0.73476774	0.7129774	0.6607943	0.67670393	-0.68382233	-0.7810842	-0.7529936	0.72318864	-0.6874126	0.7308116	-0.6933183	-0.66391975	-0.7330192
-0.8870108	0.9276356	-0.9103077	-0.9417113	0.91420263	0.9351861	0.8934101	-0.91924626	-1.0042979	-0.8645917	0.88340944	-0.91422325	0.8480552	-0.9173188	-0.9052116	-0.9062549
0.8264435	-0.831012	0.8310746	0.7993024	-0.83196896	-0.82708436	-0.85677725	0.81385255	0.9015941	0.7865013	-0.8456377	0.83032596	-0.80332184	0.87288916	0.85110843	0.87233186
0.117085174	-0.14332385	0.04010204	0.06428869	-0.14114451	-0.04585432	-0.12052659	0.043523856	0.071881495	0.06236197	-0.13443324	0.14206345	-0.081245676	0.06474321	0.13537848	0.12538366
-0.19690482	0.17254317	-0.22000617	-0.21852648	0.2243983	0.27349323	0.22374777	-0.26515108	-0.2246229	-0.27147835	0.22372244	-0.19733314	0.18225586	-0.18310581	-0.21816975	-0.21308202
-0.15718612	0.21714784	-0.23579542	-0.17678262	0.26448822	0.1985857	0.20040387	-0.17178738	-0.23006551	-0.24903953	0.22709431	-0.22914189	0.17487971	-0.17164274	-0.20886098	-0.18370841
0.32030106	-0.37719756	0.36624488	0.32436708	-0.3213607	-0.38137028	-0.38348997	0.3301262	0.31436506	0.3326082	-0.34188768	0.33477125	-0.3442033	0.3755012	0.32706252	0.32118896
0.6758506	-0.71054476	0.69966173	0.6275034	-0.64574426	-0.653205	-0.6721956	0.6628242	0.6619704	0.7126578	-0.68396074	0.6421031	-0.62758327	0.6215638	0.6958011	0.71680474
-0.0335463	0.01834006	0.03347793	0.0070248563	0.018979026	0.042549152	0.034598347	-0.02691494	-0.052469157	0.003898162	0.07062062	-0.062295534	0.01591454	0.0150516275	-0.00073913846	-0.0443016
0.47337037	-0.47326824	0.46944225	0.42721456	-0.47793755	-0.48518118	-0.4680615	0.44750208	0.47691175	0.3907239	-0.45054162	0.44003174	-0.4326874	0.44620574	0.45775187	0.40112725
-0.35873285	0.37003085	-0.34797034	-0.4158364	0.3714891	0.35198018	0.4106988	-0.42935473	-0.4541278	-0.38208643	0.37968463	-0.35947692	0.37500095	-0.3709334	-0.394309	-0.36014742
0.221231	-0.22665696	0.22534522	0.24464129	-0.21547706	-0.23716766	-0.22753967	0.22761327	0.24199727	0.17084214	-0.20551002	0.21297391	-0.15997319	0.20909059	0.22734345	0.21785304
0.9140241	-0.96960384	0.9772557	0.9762691	-0.95626664	-0.9517955	-1.0047789	0.93441725	1.0315512	0.98121417	-0.9297647	1.0065528	-0.9725788	1.0025612	0.9339825	1.0288199
-0.19177262	0.20312855	-0.21549892	-0.19464126	0.19075748	0.14682251	0.13833565	-0.13550873	-0.17851824	-0.21920209	0.24034181	-0.17705588	0.19586813	-0.18505308	-0.20008452	-0.1492252
0.41036364	-0.4503904	0.46612805	0.42399406	-0.5046133	-0.4597883	-0.4828153	0.4762672	0.42110544	0.47397265	-0.45337516	0.42735952	-0.41287866	0.4398219	0.47131637	0.49290293
0.2500603	-0.2361674	0.26238167	0.2300495	-0.2509772	-0.22445856	-0.2557561	0.30033812	0.22807616	0.21613571	-0.26705417	0.23999657	-0.232898	0.24082927	0.21814825	0.27430218
-0.31198424	0.3313384	-0.38695046	-0.35025126	0.39070192	0.35783115	0.36038056	-0.3488226	-0.34431916	-0.34770936	0.38945115	-0.3289225	0.3645287	-0.3163792	-0.33463472	-0.3103267
0.34402743	-0.2875498	0.2949377	0.27349648	-0.30536607	-0.23615931	-0.22602706	0.22524235	0.23044032	0.2594474	-0.26829973	0.22173916	-0.24321549	0.27123454	0.31387272	0.22459914
-0.67837596	0.64659125	-0.6798843	-0.67145807	0.622812	0.65347177	0.66822857	-0.67055583	-0.6844258	-0.6642374	0.6655055	-0.6527891	0.68549407	-0.7004984	-0.6463693	-0.6994915
-0.4254852	0.49278817	-0.45333806	-0.51724344	0.51589245	0.5122246	0.4512717	-0.47950056	-0.4761187	-0.43127736	0.45498136	-0.4672552	0.47940415	-0.49341956	-0.45948282	-0.47403935
0.40328404	-0.3802917	0.411777	0.38867766	-0.30803734	-0.32923368	-0.3677326	0.41106138	0.30859458	0.37451512	-0.3709548	0.32131538	-0.39363876	0.37511036	0.33295694	0.32192406
-0.31892836	0.34210405	-0.2802192	-0.28784153	0.3222558	0.33707824	0.29245436	-0.32192546	-0.3454683	-0.3230658	0.33131647	-0.29528043	0.2733038	-0.28562233	-0.31162328	-0.34036437
0.58189154	-0.58737665	0.5427399	0.56547564	-0.54912806	-0.5659974	-0.62091243	0.55779266	0.60815066	0.600828	-0.5606809	0.6041255	-0.52203715	0.5352497	0.5513983	0.5565864
-0.51498765	0.4714225	-0.52283585	-0.54809034	0.5211994	0.5212658	0.5199995	-0.463265	-0.5571329	-0.4980314	0.46219134	-0.5175529	0.5233428	-0.5364823	-0.53090835	-0.5172893
-0.34040105	0.31856176	-0.34436047	-0.32644477	0.41302738	0.30609643	0.3622029	-0.39538893	-0.3623386	-0.34701398	0.31673428	-0.40015462	0.34035614	-0.3281951	-0.37512356	-0.42155844
-0.15991634	0.18302242	-0.12586778	-0.22345994	0.1816875	0.18426777	0.1603097	-0.14843753	-0.21685292	-0.18394598	0.170924	-0.21696547	0.13991155	-0.14491598	-0.12972014	-0.16843626
0.50297433	-0.4790158	0.49723563	0.48262084	-0.49901423	-0.50157124	-0.49173343	0.42470154	0.4447798	0.46299076	-0.49834347	0.4202472	-0.43533567	0.47825027	0.49454954	0.43419892
-0.65874344	0.6411051	-0.6919432	-0.71207255	0.714179	0.7077586	0.6995474	-0.689531	-0.67642176	-0.67962265	0.7185803	-0.73126644	0.6313771	-0.6959802	-0.65825635	-0.6616501
0.77940035	-0.7784059	0.8246994	0.7614998	-0.81141156	-0.79018575	-0.73457783	0.7848901	0.8012041	0.82860345	-0.7691211	0.78604084	-0.7044787	0.81596845	0.78283876	0.828504
-0.11364492	0.041506197	-0.10502117	-0.08282929	0.07562659	0.11001865	0.11767066	-0.05710703	-0.13876426	-0.103647016	0.095276274	-0.11219043	0.12663211	-0.05113378	-0.06829125	-0.12658115
-0.26160723	0.2497839	-0.28530896	-0.21423662	0.24455754	0.24061282	0.279402	-0.23339878	-0.30794862	-0.27928352	0.24953185	-0.24400292	0.24016036	-0.2998238	-0.29409057	-0.2623572
0.61105084	-0.7213904	0.6889785	0.6333951	-0.6628076	-0.6658724	-0.6884891	0.65391874	0.689159	0.67365384	-0.6708806	0.67457443	-0.72510016	0.6636044	0.70105934	0.7605672
0.48142856	-0.58144087	0.51632565	0.5276254	-0.588151	-0.49896637	-0.52927095	0.5068323	0.59245574	0.51066756	-0.53845406	0.5351236	-0.5157299	0.48390794	0.5451224	0.5858069
0.45942432	-0.51573193	0.5525782	0.4752968	-0.56035095	-0.55861044	-0.5181142	0.5545234	0.541388	0.4860034	-0.57438296	0.53986806	-0.50174147	0.5145527	0.5632641	0.52616996
0.43426368	-0.48497847	0.5028355	0.4551191	-0.49146	-0.46496361	-0.45010376	0.4478384	0.47373286	0.4431076	-0.44962108	0.41746995	-0.4162252	0.42573136	0.47349465	0.44496757
0.6022248	-0.6386407	0.6696368	0.6169111	-0.56686056	-0.6374312	-0.6000867	0.63750935	0.58117205	0.65213007	-0.5851609	0.5541169	-0.5852351	0.64137197	0.5969257	0.5719597
0.86997604	-0.906048	0.9348114	0.88932395	-0.9630145	-0.8682474	-0.8896343	0.85049677	0.96786904	0.87088376	-0.95842576	0.96153235	-0.94324905	0.93529755	0.9516099	0.9577822
0.24362643	-0.26075718	0.2894686	0.19793123	-0.25416213	-0.28910035	-0.2352671	0.2159383	0.23610735	0.24086238	-0.27688313	0.25392225	-0.2501745	0.2821762	0.28001988	0.27683628
-0.586417	0.6191672	-0.63916916	-0.6780292	0.74478555	0.65114516	0.7133705	-0.6918462	-0.6819204	-0.69787645	0.6830144	-0.65021724	0.6646308	-0.7109165	-0.63022995	-0.7418638
0.010436436	0.033535697	-0.048589725	0.0018133771	-0.0011134566	0.07160102	0.019234173	0.01133917	-0.063019045	-0.041286353	0.07309496	-0.023814417	0.0065746526	-0.0070627583	-0.011063793	-0.009063533
0.26506832	-0.25001732	0.2004046	0.1556591	-0.16323462	-0.21989308	-0.17524126	0.25609493	0.19058083	0.24922355	-0.23419541	0.20067869	-0.2038109	0.23763633	0.22465272	0.19974689
0.8402405	-0.8942793	0.95734906	0.8637403	-0.9128144	-0.87083197	-0.8924472	0.83055973	0.9413488	0.9181459	-0.8957658	0.8919255	-0.86740255	0.89203584	0.8346085	0.8789613
0.33473966	-0.49666664	0.5123457	0.4909213	-0.5233019	-0.51839536	-0.48585308	0.4457207	0.6270831	0.5739356	-0.5776757	0.5249392	-0.44610074	0.54147184	0.47764626	0.569566
0.14835855	-0.15863158	0.20913781	0.21908812	-0.23343566	-0.15035336	-0.1469746	0.15152876	0.20315968	0.20442353	-0.14455931	0.20080996	-0.17252155	0.18332326	0.21293521	0.21944697
-0.66450983	0.661569	-0.64796346	-0.65556294	0.6713582	0.6253825	0.69781125	-0.6453498	-0.71126443	-0.6306555	0.63227606	-0.69882256	0.6530575	-0.70095617	-0.6867484	-0.70833355
-0.36139786	0.4606453	-0.446292	-0.4339682	0.48486358	0.40836856	0.39260486	-0.4730365	-0.47269177	-0.45399925	0.48122647	-0.42223617	0.43590903	-0.4650036	-0.461636	-0.50272685
0.527801	-0.4790964	0.49016985	0.42764312	-0.5055075	-0.44367102	-0.44735217	0.4298257	0.46554217	0.4588197	-0.4691262	0.48930863	-0.4206459	0.47489694	0.43744022	0.53697443
-0.71198547	0.71875715	-0.6829214	-0.65090907	0.74073803	0.705906	0.7284783	-0.63247854	-0.7480146	-0.6856256	0.6646437	-0.6572798	0.68981165	-0.7169035	-0.7244493	-0.67498535
0.17343734	-0.1158942	0.19531831	0.2022049	-0.21274133	-0.21508762	-0.12794371	0.14347373	0.20418867	0.21249422	-0.12366336	0.1781899	-0.20144972	0.18157741	0.16597006	0.19017407
0.6155283	-0.67529476	0.65239054	0.64953893	-0.6697348	-0.63278615	-0.6477871	0.55300665	0.7042107	0.58704007	-0.61670494	0.60002714	-0.58275604	0.62748015	0.60762775	0.61519116
0.75081366	-0.76010025	0.7260089	0.7608217	-0.7879519	-0.7031665	-0.7443793	0.7586973	0.8043913	0.77887213	-0.8139305	0.74333227	-0.7688465	0.74793446	0.7819219	0.78800136
0.18891743	-0.18849526	0.18833418	0.2000754	-0.23967507	-0.1949551	-0.17494555	0.21532445	0.23999186	0.1572859	-0.22365035	0.208544	-0.24564327	0.15364747	0.24345197	0.18131718
0.14765696	-0.18071291	0.121515915	0.18428737	-0.11970261	-0.18624797	-0.1167846	0.14467219	0.18298669	0.123674385	-0.13689342	0.16386317	-0.18424271	0.14657591	0.16104089	0.16978867
-0.91540414	0.96658397	-1.0211256	-0.9217045	0.90860367	0.94129235	0.9834369	-0.92556363	-0.9963605	-0.9621873	0.9225483	-0.9909918	0.9040823	-0.8941626	-0.93685895	-1.0117662
0.19517401	-0.25948733	0.29401207	0.29467493	-0.24983804	-0.23506579	-0.21322437	0.22783187	0.29771802	0.24696122	-0.22864774	0.24050047	-0.23933037	0.21160442	0.23273468	0.21014589
-0.054111365	-0.03513572	-0.028651461	-0.015810605	-0.008584958	-0.039056644	-0.038837824	0.01863489	0.028188555	-0.042629573	-0.025038028	0.034316584	0.04067521	-0.036463115	0.03696837	-0.011223786
0.09820125	-0.10712267	0.09118291	0.061300833	-0.08434828	-0.119124256	-0.09717347	0.1513539	0.08636905	0.0884744	-0.11023208	0.07333215	-0.12409102	0.07943634	0.06447402	0.057640605
-0.14675735	0.15485524	-0.120727755	-0.14772002	0.1740841	0.18360491	0.2006107	-0.14132142	-0.16048183	-0.18596378	0.18994172	-0.16787326	0.16077003	-0.12861212	-0.19391602	-0.19802247
-0.40220955	0.39406404	-0.41615987	-0.4425349	0.3638737	0.39985707	0.35942683	-0.4376082	-0.46485475	-0.35570642	0.42942876	-0.4313603	0.43532738	-0.39475915	-0.43955868	-0.44936365
-0.20523056	0.14096096	-0.143145	-0.21538809	0.1536961	0.16555384	0.15708894	-0.18659921	-0.15265402	-0.19738321	0.1843925	-0.21046099	0.1317761	-0.19760169	-0.12178482	-0.14469463
-0.18418762	0.1497193	-0.26112682	-0.1422589	0.1756482	0.21238756	0.210297	-0.15586749	-0.22642715	-0.14149898	0.21121873	-0.18784222	0.22178791	-0.1587477	-0.17872083	-0.19636907
-0.5418235	0.55036867	-0.6007708	-0.56290686	0.57611966	0.5770048	0.532746	-0.5533432	-0.6085518	-0.5308317	0.5565889	-0.561342	0.519976	-0.52830243	-0.58837885	-0.5583589
-0.51476306	0.6572853	-0.6152352	-0.5880111	0.63191605	0.6333193	0.6374476	-0.6550266	-0.6363921	-0.64499205	0.66533893	-0.638193	0.60482985	-0.60795534	-0.56515026	-0.6388003
-0.32258758	0.27416375	-0.28198504	-0.3424426	0.31078082	0.3187081	0.259722	-0.241979	-0.35199544	-0.297247	0.30136096	-0.3327299	0.3277821	-0.3116515	-0.34134698	-0.262279
-0.5782867	0.5757406	-0.52828944	-0.51290137	0.5927568	0.58138996	0.51112485	-0.5897067	-0.61656934	-0.6189654	0.5997552	-0.5305275	0.53546166	-0.52157056	-0.58460724	-0.59138346
0.61419606	-0.615103	0.60846657	0.68379164	-0.7083002	-0.62469333	-0.65474737	0.65801114	0.6587543	0.65347564	-0.61311513	0.6727977	-0.63377637	0.7066072	0.70405114	0.6948566
0.33872518	-0.30784008	0.25770876	0.2940571	-0.29548866	-0.34803367	-0.33181056	0.29908678	0.34258837	0.34885424	-0.2630055	0.3184433	-0.2652092	0.310587	0.3505752	0.28338766
-0.43557605	0.4452306	-0.46904394	-0.45009565	0.49942166	0.46699765	0.4891094	-0.40773883	-0.52590173	-0.45139423	0.49685028	-0.50395155	0.50409675	-0.45321214	-0.49174884	-0.4497684
0.78284603	-0.8136139	0.7865736	0.78629553	-0.84888667	-0.8130422	-0.7533911	0.7894732	0.892778	0.7869156	-0.76421535	0.8406297	-0.7286529	0.8126302	0.7780696	0.81174165
0.60964674	-0.56769466	0.6197159	0.65637624	-0.58047706	-0.6365242	-0.5630783	0.5920337	0.63854086	0.5732109	-0.56616616	0.57040733	-0.64656305	0.5875694	0.5545008	0.59194064
-0.64177334	0.66158146	-0.67693055	-0.69481754	0.6471322	0.66416574	0.6477123	-0.7259223	-0.7480503	-0.6115629	0.65224373	-0.6798692	0.6405564	-0.6617393	-0.6020688	-0.7174406
-0.12226861	0.107033685	-0.19178118	-0.11902373	0.081233695	0.08525678	0.08120938	-0.09435393	-0.15709315	-0.06617702	0.09666121	-0.07920579	0.1045382	-0.12531058	-0.12416117	-0.08360219
0.68360835	-0.736654	0.75423884	0.7494037	-0.72378135	-0.75123954	-0.7278276	0.66683286	0.76510346	0.7380281	-0.6896766	0.7174448	-0.7356868	0.7498541	0.75643045	0.7773806
-0.23254147	0.1497129	-0.27793497	-0.15985256	0.24912412	0.23114048	0.23642558	-0.20790711	-0.17975523	-0.19788118	0.16202846	-0.186992	0.24307814	-0.15900248	-0.20431027	-0.19568874
0.03760241	-0.04320995	0.053124506	0.11545354	-0.10744242	-0.08173688	-0.11424204	0.041238222	0.08966516	0.059744574	-0.078561045	0.03210618	-0.06377108	0.06235896	0.09004717	0.1191281
-0.87600344	0.9370402	-0.92393583	-0.86074257	0.9452608	0.85479033	0.93145984	-0.92078733	-0.9762007	-0.93391764	0.8743818	-0.9000955	0.9339679	-0.9293081	-0.92240447	-0.94463015
-0.23152074	0.23332727	-0.24319395	-0.29010066	0.22794493	0.32615772	0.2527978	-0.3220116	-0.2921965	-0.24635918	0.22649166	-0.2961926	0.26669085	-0.2767979	-0.26911932	-0.27180588
0.26548293	-0.23871455	0.2494182	0.30150875	-0.3062628	-0.21599	-0.20763765	0.2575423	0.24550141	0.24129002	-0.2418755	0.24615167	-0.2028958	0.2536285	0.2636947	0.23257953
-0.57386875	0.67525625	-0.6236389	-0.6625464	0.69205153	0.59780335	0.61064637	-0.6768166	-0.7122461	-0.6257447	0.6330773	-0.63516337	0.6881336	-0.6733111	-0.6204911	-0.7353615
0.35046074	-0.3283756	0.36803776	0.32234132	-0.3841404	-0.3310749	-0.30244443	0.32929724	0.35468447	0.31889266	-0.31700903	0.33612058	-0.3341128	0.31638044	0.3487445	0.31121314
0.40524736	-0.43672225	0.42014533	0.42117667	-0.4147399	-0.40822113	-0.4450307	0.43439573	0.5027533	0.39410788	-0.4618822	0.4076554	-0.39693347	0.39069098	0.40980157	0.49195996
-0.05727619	0.016724803	-0.041675396	-0.045666147	0.050058536	0.0016762634	0.05779716	-0.04257024	0.0051348656	-0.05936619	0.04524118	-0.025881004	-0.0074965474	-0.032320943	0.010358603	-0.03666409
0.032483142	0.01029779	0.016456293	0.0714707	-0.068969555	-0.024766264	0.006809321	0.05682064	0.0260197	0.010967935	-0.07174154	0.04208224	-0.028548073	0.027339729	0.038680065	0.065965556
0.475616	-0.46438834	0.48510373	0.4388996	-0.42553324	-0.44524953	-0.47606397	0.4585357	0.43985853	0.4542842	-0.4517969	0.44508952	-0.45840606	0.41485628	0.48096758	0.41020378
-0.52011913	0.48921916	-0.49572796	-0.4784853	0.48316842	0.5244669	0.5064205	-0.46770653	-0.45347217	-0.47113913	0.46838313	-0.49048984	0.48708227	-0.50041354	-0.45001698	-0.44837287
-0.2588171	0.28657448	-0.30419818	-0.2818654	0.27037984	0.23913604	0.27659893	-0.28797078	-0.24724244	-0.28003344	0.22681849	-0.272887	0.21257758	-0.29128498	-0.30546027	-0.26301324
0.8468058	-0.9416534	0.9090465	0.9125476	-0.88385946	-0.8703361	-0.8827267	0.9093462	0.9712023	0.8708266	-0.9463908	0.93651867	-0.87322146	0.8725624	0.92740625	0.88816285
0.6031488	-0.6342576	0.5986425	0.57762635	-0.7108624	-0.5982181	-0.5931626	0.6447921	0.6620919	0.6644435	-0.7039234	0.6218799	-0.6703661	0.637068	0.64971745	0.6577666
-0.5388504	0.55124366	-0.48717883	-0.514905	0.5299504	0.5438521	0.5104688	-0.51751655	-0.5539526	-0.5516546	0.5080164	-0.51840633	0.4662489	-0.54060304	-0.47508356	-0.49824324
-0.30099285	0.3287946	-0.31922254	-0.32729188	0.31213465	0.2923767	0.30568767	-0.23017785	-0.3191714	-0.26764232	0.2904212	-0.23417471	0.29608855	-0.26498336	-0.28243285	-0.3148503
0.17768578	-0.09883981	0.12981431	0.06909545	-0.11193969	-0.154484	-0.06993845	0.17034231	0.06401181	0.09697875	-0.14807692	0.0652789	-0.08566863	0.081135325	0.12521638	0.1067067
0.4623359	-0.43664366	0.46889833	0.41533265	-0.46416792	-0.42530805	-0.5058551	0.40032205	0.43739077	0.49940172	-0.43524408	0.42795417	-0.4776497	0.44697618	0.49456686	0.50562936
0.6001719	-0.57902366	0.64196193	0.60300666	-0.66840154	-0.5791101	-0.5821416	0.62926143	0.7097039	0.6442416	-0.68467516	0.6353087	-0.6195652	0.600967	0.6639842	0.63434327
-0.6866078	0.66693085	-0.7122964	-0.71214545	0.7059204	0.66915965	0.6710673	-0.67344075	-0.8037032	-0.67444175	0.73789054	-0.7311732	0.7055946	-0.68489766	-0.6991495	-0.73966855
0.75294554	-0.77969575	0.8349131	0.8389497	-0.82455605	-0.8507529	-0.84086007	0.84219503	0.93635553	0.80251384	-0.87004685	0.8748225	-0.77990717	0.8549299	0.81487983	0.84416294
-0.6408725	0.6947007	-0.71965057	-0.7659043	0.7233102	0.78047115	0.7298704	-0.71513474	-0.8174105	-0.71233433	0.72496057	-0.7238312	0.78039914	-0.6998759	-0.69789785	-0.76265717
-0.3929661	0.36160102	-0.33099002	-0.3551077	0.38018915	0.35470042	0.37272805	-0.34493464	-0.408592	-0.37499237	0.40929195	-0.40572688	0.350778	-0.36399338	-0.3596678	-0.36829352
-0.86848015	0.87733305	-0.89471424	-0.9457611	0.97589016	0.9576755	0.91475606	-0.896574	-0.9889921	-0.95486766	0.9365181	-0.9335199	0.9075448	-0.9405903	-0.8648705	-0.9283759
0.1763821	-0.15449423	0.09106099	0.15994947	-0.181177	-0.20337354	-0.20195626	0.120089464	0.21705578	0.22221977	-0.17326431	0.16258924	-0.2110358	0.17405322	0.19974972	0.17023855
-0.79225194	0.8496839	-0.8624052	-0.7909976	0.8647931	0.85400784	0.87223643	-0.82229716	-0.8275397	-0.8152731	0.8289926	-0.83077455	0.84446496	-0.84839475	-0.8726251	-0.82128435
-0.41780964	0.4167002	-0.3676869	-0.3326923	0.3845557	0.35162804	0.36860597	-0.3484179	-0.43939066	-0.34450525	0.41584766	-0.39321962	0.41046908	-0.3709895	-0.36620522	-0.35978237
0.5990904	-0.6238599	0.5318134	0.59817016	-0.66871345	-0.61686766	-0.6533442	0.629047	0.68305045	0.6567811	-0.6437955	0.6675652	-0.5788371	0.64694613	0.6048724	0.6881508
0.61217564	-0.69249934	0.66876805	0.71448815	-0.646158	-0.70678926	-0.6742878	0.605964	0.75656646	0.6895862	-0.64974463	0.7208154	-0.6283511	0.65672076	0.67081535	0.68475705
-0.8237433	0.88818115	-0.92736304	-0.8342561	0.94280714	0.8522371	0.8183413	-0.9142428	-0.9130342	-0.91296476	0.8612858	-0.84511787	0.8773896	-0.89853835	-0.88459617	-0.8979589
-0.18042076	0.19948265	-0.17108446	-0.19443765	0.21371289	0.2149222	0.23954305	-0.25844574	-0.2316844	-0.2272859	0.2184322	-0.26099694	0.1841892	-0.25023392	-0.2153452	-0.208612
-0.30192426	0.2566245	-0.3088633	-0.32491383	0.30163518	0.33105847	0.2900518	-0.3163795	-0.33703154	-0.27271363	0.25290003	-0.29665634	0.259483	-0.34304613	-0.25627118	-0.32373062
-0.65693873	0.67993647	-0.68764234	-0.67606926	0.66781926	0.7050629	0.69259906	-0.65049565	-0.7284114	-0.63713557	0.68969214	-0.7290375	0.65665597	-0.6511662	-0.7207744	-0.7296037
0.4971767	-0.48568246	0.49012777	0.5250076	-0.44333068	-0.4840003	-0.45277545	0.49390978	0.4730176	0.47763318	-0.4922517	0.43431476	-0.51295334	0.52861494	0.46990833	0.48175704
0.24664378	-0.2304317	0.16123456	0.22410253	-0.17886786	-0.2368131	-0.21465611	0.170259	0.23882332	0.24914308	-0.1674563	0.15979718	-0.17843904	0.18573149	0.22389282	0.2321306
-0.603409	0.68598497	-0.72697216	-0.6980602	0.69465905	0.6687915	0.67704016	-0.65483403	-0.7435811	-0.6720267	0.7080376	-0.6910091	0.6667367	-0.72481734	-0.6799362	-0.7225427
0.27588472	-0.13740763	0.1790979	0.19770232	-0.17240064	-0.22558029	-0.12884824	0.15461895	0.1339438	0.22275059	-0.17200975	0.15398103	-0.17026542	0.16192274	0.15556438	0.16743231
-0.60034055	0.55634713	-0.55266416	-0.63948995	0.55426514	0.5936805	0.5849068	-0.56263256	-0.5679443	-0.6129294	0.551486	-0.5610013	0.63567257	-0.63242656	-0.63389444	-0.6314904
-0.25912982	0.6279357	-0.60658944	-0.7131757	0.7516648	0.48709902	0.5510777	-0.6940706	-0.76972264	-0.60883296	0.6673307	-0.68454206	0.6812097	-0.657133	-0.58686197	-0.7739065
-0.16176288	0.15121144	-0.21232969	-0.20312163	0.15489443	0.21136652	0.19907361	-0.119344175	-0.1711453	-0.20073292	0.21571876	-0.23810335	0.14277354	-0.21257001	-0.14209823	-0.16577499
-0.7360985	0.80461913	-0.73192304	-0.80034125	0.7896245	0.77330184	0.73741484	-0.7301146	-0.760847	-0.7237119	0.81091076	-0.81473416	0.8012886	-0.79097563	-0.78051335	-0.74910825
-0.4673265	0.51654804	-0.5147263	-0.43948004	0.5060708	0.4611431	0.46645147	-0.48736763	-0.46891087	-0.4703824	0.51980245	-0.49882105	0.46148464	-0.44430006	-0.49229294	-0.5014084
-0.42901602	0.38672894	-0.40582582	-0.3835034	0.45000872	0.386078	0.43932754	-0.3802283	-0.40634337	-0.4177579	0.42197716	-0.38355744	0.37083563	-0.43291387	-0.3709144	-0.46981338
0.63032854	-0.68259794	0.6041985	0.6967074	-0.66858184	-0.6141598	-0.71631926	0.64560777	0.6939962	0.6474843	-0.6520432	0.73440504	-0.6858021	0.6507018	0.64101654	0.70945096
0.032064594	-0.10693523	0.052240472	0.14220075	-0.13182293	-0.09195922	-0.12320337	0.055000264	0.15048397	0.12565014	-0.12902044	0.077968985	-0.07441568	0.11863434	0.13425885	0.091906086
0.27562624	-0.27851433	0.23552164	0.32757303	-0.2699752	-0.3131412	-0.33161485	0.3129592	0.2748705	0.33896023	-0.33178622	0.29045725	-0.24853311	0.2737484	0.272102	0.3379366
0.2512648	-0.25692633	0.35053614	0.2843516	-0.2385263	-0.26860827	-0.22740567	0.31624657	0.3139423	0.25162357	-0.23216717	0.30143255	-0.30261636	0.25973815	0.2554864	0.31044626
0.6665628	-0.6983908	0.6660383	0.6702755	-0.77219194	-0.731156	-0.7313237	0.6617066	0.80888224	0.7237094	-0.7619377	0.7031122	-0.72220135	0.69317454	0.6658782	0.7636664
0.66839236	-0.7441336	0.7381616	0.7364633	-0.74960095	-0.6926018	-0.7278614	0.7023179	0.71640104	0.7483402	-0.7062662	0.6647694	-0.72202545	0.663849	0.6651242	0.7768
-0.6659767	0.6878381	-0.7565699	-0.69093883	0.66267383	0.7251708	0.6717139	-0.6434419	-0.6483226	-0.6448764	0.66139704	-0.70291144	0.6484906	-0.66022426	-0.6832965	-0.6430787
-0.08712133	0.11085652	-0.089548685	-0.19746177	0.13340738	0.1567822	0.18930633	-0.102311105	-0.19009694	-0.12387423	0.12967443	-0.12852362	0.11664955	-0.18364175	-0.16779195	-0.20678139
0.6287939	-0.7123034	0.67555785	0.68157315	-0.6556694	-0.6618025	-0.70782965	0.658129	0.7179005	0.7110521	-0.64915633	0.6473362	-0.6318575	0.6972187	0.7102769	0.6880543
0.7220744	-0.6819572	0.76083976	0.721569	-0.7605128	-0.72257954	-0.6869824	0.67284435	0.7775133	0.76713383	-0.73937637	0.70790154	-0.7335141	0.72889614	0.71904147	0.7961558
-0.7257744	0.7099804	-0.8146093	-0.7649263	0.75816	0.755036	0.75791544	-0.7754608	-0.75494266	-0.7369319	0.7668308	-0.69946676	0.77356076	-0.7969591	-0.7943203	-0.73823184
0.13896967	-0.13123024	0.20823789	0.17343077	-0.17473164	-0.1841834	-0.18185776	0.09402172	0.13697109	0.127942	-0.15464605	0.11069921	-0.10494023	0.1613977	0.19235428	0.10681048
-0.78841	0.77651983	-0.76860213	-0.7749984	0.75925684	0.79205644	0.785138	-0.7326034	-0.8462833	-0.76593316	0.83932614	-0.8192895	0.80623853	-0.8291301	-0.7338544	-0.8227202
0.021275781	-0.0890535	-0.01526633	0.03347382	-0.08416	-0.023890529	0.002401914	0.039004255	0.082835175	0.061074544	-0.0044598477	0.06477877	-0.037761796	-0.008981563	0.08490958	0.04097633
0.36204967	-0.31215206	0.3445861	0.29822126	-0.25347868	-0.30843133	-0.3182431	0.26918244	0.2935568	0.2550463	-0.3008505	0.21685435	-0.29326546	0.31181395	0.28762683	0.31031314
-0.7908075	0.8187548	-0.9308313	-0.8417868	0.83271295	0.8092077	0.8218105	-0.8196018	-0.8910935	-0.8555682	0.8828459	-0.89274454	0.8831135	-0.87841964	-0.8953218	-0.8983854
-0.57147276	0.58787876	-0.6975242	-0.67565995	0.6369794	0.58700705	0.6273067	-0.65531313	-0.63005835	-0.59076136	0.61580306	-0.6288698	0.6229404	-0.66195744	-0.65679806	-0.62057716
-0.6329519	0.5604926	-0.6675215	-0.54243255	0.59850997	0.54049724	0.5549565	-0.62228584	-0.56955963	-0.60628796	0.6169212	-0.5822607	0.6109261	-0.6000544	-0.53181773	-0.58735126
0.8421673	-0.90574074	0.89478207	0.93203306	-0.94511425	-0.8603776	-0.8894985	0.8582206	0.94196707	0.9092953	-0.8740581	0.9347629	-0.8508253	0.89974517	0.90182316	0.9703765
0.14720434	-0.18862882	0.1733944	0.18115303	-0.12474393	-0.13687313	-0.18705426	0.1379239	0.22197026	0.20814924	-0.1628854	0.15244794	-0.19021417	0.21776842	0.18380113	0.19762728
0.5959224	-0.5610073	0.58059967	0.6176488	-0.5726029	-0.57321095	-0.5457598	0.60039264	0.69129527	0.6206113	-0.60611963	0.60145754	-0.52606905	0.58178514	0.57849884	0.59403
0.12314809	-0.02820923	0.09564443	-0.005390112	-0.075728536	-0.012322619	-0.09221573	0.06669401	0.0022778546	0.0853301	-0.0751441	0.0033310067	-0.045355063	0.036654763	0.07878881	0.0025660582
-0.44152802	0.51468897	-0.43808138	-0.48147908	0.46404654	0.5136381	0.4465757	-0.506848	-0.5812392	-0.48610276	0.4920863	-0.52483726	0.52089626	-0.44500414	-0.4848365	-0.5185374
0.31716424	-0.36693278	0.32580453	0.37899074	-0.32581478	-0.3469934	-0.33234444	0.35118252	0.35201913	0.28920206	-0.37698826	0.33284545	-0.2772625	0.3730836	0.3788643	0.3524078
0.20292512	-0.255754	0.22672962	0.29173583	-0.24991891	-0.23888709	-0.28138474	0.21009764	0.24422517	0.26580283	-0.24869534	0.3006514	-0.21869215	0.24288847	0.24226663	0.2935473
-0.39604768	0.4940708	-0.4620445	-0.46575677	0.4758766	0.46808714	0.41417637	-0.4888433	-0.45633957	-0.41334373	0.4464853	-0.46875232	0.41890892	-0.45760742	-0.44458503	-0.43876708
0.03285744	-0.026792387	0.03829605	0.012022217	-0.044886157	0.027902825	0.01746313	0.017131658	0.049363405	-0.02380935	-0.038117412	0.0013712035	0.012100093	0.019115897	0.0038103466	0.013018931
-0.07829737	0.016776841	-0.08125273	-0.03628205	0.045701083	0.08779112	0.040818583	-0.03125875	-0.06961784	-0.059165783	0.03791093	-0.06503404	0.029079007	-0.06875458	-0.011207198	-0.0754178
-0.7446451	0.8849767	-0.924588	-0.82837176	0.83286107	0.80380505	0.82919276	-0.9150362	-0.90602213	-0.89496654	0.8324992	-0.84952724	0.8914657	-0.8139087	-0.8195927	-0.9145786
0.50498503	-0.5465703	0.5795365	0.5667073	-0.59977114	-0.5831081	-0.61908156	0.57709664	0.7005792	0.6064321	-0.57255864	0.60245025	-0.5593907	0.61188763	0.5767111	0.6951112
0.36269313	-0.4137115	0.4190009	0.41859314	-0.38415006	-0.35717043	-0.34656268	0.37512547	0.41678035	0.40060875	-0.40205342	0.36848342	-0.37976694	0.41033944	0.4033425	0.42272493
0.72413766	-0.74046063	0.76024854	0.74826473	-0.7388451	-0.76200414	-0.7424371	0.7242286	0.78244436	0.7048567	-0.710601	0.7029224	-0.6876088	0.7286423	0.7239172	0.6914235
0.85351044	-0.8876923	0.9517551	0.96177465	-0.9450452	-0.9198884	-0.89406806	0.8708915	0.9606888	0.94868654	-0.89784414	0.931076	-0.9492246	0.8850601	0.935924	1.0004495
-0.64255863	0.724426	-0.73166436	-0.70972013	0.6637596	0.7218253	0.6482706	-0.74196434	-0.7413376	-0.72053534	0.72343534	-0.6712229	0.65166605	-0.64190066	-0.6679507	-0.68894356
0.0030850836	-0.08943015	0.025822274	0.07208686	-0.093046054	-0.06491715	-0.077166095	0.076833285	0.112818114	0.02757961	-0.08633544	0.08101685	-0.030174177	0.09651725	0.066206366	0.06194746
0.036305673	0.006514311	-0.039905064	-0.050262462	0.0025585215	-0.038897067	-0.021101566	-0.08462493	0.005797127	-0.042873077	-0.0030021314	-0.060823765	0.02318315	-0.056567024	0.001250764	0.013852457
0.5120667	-0.48539454	0.46981257	0.4862609	-0.49964112	-0.4181423	-0.4127533	0.46301886	0.43002564	0.4858946	-0.4218976	0.4168559	-0.47243202	0.4183841	0.40618503	0.46598798
-0.19313401	0.33917966	-0.3427907	-0.34878498	0.29174963	0.251149	0.32536903	-0.31700897	-0.3186187	-0.31918442	0.25039744	-0.25849503	0.31180713	-0.28627735	-0.26194462	-0.34929377
0.31226486	-0.3352135	0.24125953	0.32282075	-0.31726584	-0.30518895	-0.25224695	0.3569272	0.28479964	0.30544192	-0.23423131	0.3287586	-0.29083878	0.2650072	0.28891617	0.26132268
-0.42339817	0.42826223	-0.4976925	-0.4254627	0.4721057	0.44958615	0.48929465	-0.42207673	-0.5097307	-0.47889355	0.42914966	-0.43275112	0.44728935	-0.46854	-0.46139675	-0.5115719
0.4454487	-0.48401442	0.41112104	0.47130632	-0.5274741	-0.43976018	-0.4117082	0.39745605	0.48270622	0.51719683	-0.4526449	0.5035324	-0.45269716	0.4750636	0.4488312	0.50662374
0.8403948	-0.89747554	0.8876518	0.866967	-0.88020974	-0.9012019	-0.8905357	0.7925047	0.9557247	0.8224662	-0.8846847	0.93063295	-0.8647651	0.88745415	0.8642379	0.8659209
0.7029469	-0.69139284	0.7520874	0.7213226	-0.70834714	-0.70899665	-0.73263705	0.75185317	0.79037774	0.7748022	-0.7627252	0.7605516	-0.69716525	0.75121695	0.70415163	0.7779274
0.033074703	-0.021276738	0.025827253	0.004870968	-0.044724427	0.0023964094	-0.030172314	-0.015163165	-0.025125971	-0.023112997	0.013190127	0.055224393	-0.005422727	0.05042763	0.05572042	-0.0048050056
0.19486181	-0.24208917	0.215763	0.2677558	-0.22595927	-0.2528191	-0.30120412	0.25974667	0.28253105	0.28521726	-0.29445714	0.31468132	-0.31277427	0.24207902	0.25720972	0.29349068
0.9625195	-0.94287646	0.97847754	0.9249501	-0.9701981	-0.9516458	-0.9912405	0.99604416	1.0306033	0.93591857	-0.9097772	0.9370197	-0.9795996	0.9033039	0.97243243	1.0307055
-0.44534537	0.40077397	-0.47269148	-0.4877666	0.4748878	0.40258598	0.46638003	-0.45915014	-0.4715577	-0.43307745	0.4271681	-0.48551947	0.45093736	-0.40563887	-0.38360405	-0.42542723
-0.9540037	0.9301849	-0.9725206	-0.9198776	0.9862346	0.9281574	0.96262455	-0.9436433	-0.94619733	-0.9167645	0.88782096	-0.89904505	0.9090238	-0.9683555	-0.90211046	-0.98822105
-0.61830604	0.5909206	-0.60194266	-0.626293	0.68738556	0.6300919	0.62042737	-0.64010537	-0.6756552	-0.6524188	0.59571934	-0.5917854	0.6655842	-0.5825758	-0.58042884	-0.6127308
0.20485012	-0.2586163	0.2667963	0.2314248	-0.18218973	-0.18183737	-0.21162763	0.20790976	0.2418589	0.26053223	-0.1952846	0.25794253	-0.22972474	0.1731857	0.2501064	0.17397313
0.13654056	-0.103109576	0.05569824	0.16778637	-0.15753911	-0.17784923	-0.11486001	0.14887308	0.17794125	0.10236148	-0.16970946	0.14904383	-0.108201094	0.10076681	0.17189647	0.09542448
-0.57540655	0.6065898	-0.563376	-0.5586223	0.6656163	0.58099073	0.5499473	-0.64768946	-0.6119721	-0.64431447	0.5861011	-0.63105434	0.6021644	-0.64921194	-0.6012695	-0.596196
0.28188398	-0.2540797	0.29769135	0.25061023	-0.22043663	-0.23221532	-0.21752284	0.26467964	0.29141885	0.29637173	-0.24847652	0.28411585	-0.28169847	0.26399493	0.27634427	0.20581985
-0.08212159	0.047969405	-0.05794382	-0.06026299	0.09322189	0.11208669	0.11309207	-0.11450772	-0.10085758	-0.048106857	0.12928009	-0.050461408	0.034876663	-0.08024626	-0.05802848	-0.1326689
0.40093145	-0.36684668	0.38621026	0.30755892	-0.36509955	-0.31256062	-0.35589793	0.33907205	0.34940636	0.36778727	-0.3546732	0.3187594	-0.26016667	0.28806782	0.32696798	0.31908727
-0.7344102	0.76548225	-0.75424075	-0.72436076	0.7959059	0.74225444	0.76585543	-0.7211605	-0.7339291	-0.77161926	0.7857034	-0.74302465	0.72830045	-0.76011133	-0.73155826	-0.7818571
-0.25010198	0.29201877	-0.3406454	-0.3264043	0.37383667	0.2821806	0.27916566	-0.29580542	-0.42242777	-0.3664785	0.31637836	-0.3207072	0.3757217	-0.31625366	-0.3215163	-0.32473156
0.9087374	-0.9712055	0.93320954	0.95619476	-0.9471011	-0.93800956	-0.9732111	0.98011804	0.98180413	0.96700674	-0.9034669	0.91292065	-0.9331655	0.89460236	0.96387416	0.92235255
0.5257559	-0.63514835	0.57891136	0.5892039	-0.60724664	-0.54263675	-0.5891879	0.5338583	0.66196775	0.5805149	-0.6342397	0.6261105	-0.5593298	0.61610067	0.63061345	0.68835455
0.33781353	-0.41380984	0.35242957	0.4348771	-0.43727723	-0.36833096	-0.38220936	0.4240447	0.4370122	0.39114693	-0.41880542	0.41266355	-0.34814408	0.35516852	0.35108602	0.3820212
-0.4379892	0.509251	-0.51440686	-0.51537573	0.51703846	0.48860446	0.5190228	-0.4513652	-0.52968454	-0.4856315	0.48948932	-0.52588505	0.4693448	-0.4548716	-0.4968389	-0.5085954
-0.19612338	0.25503817	-0.31636673	-0.21795976	0.29232574	0.19225413	0.23640227	-0.28941876	-0.26814437	-0.25959826	0.28857735	-0.28146875	0.21358359	-0.24277423	-0.23645818	-0.2921239
0.82693803	-0.846999	0.9405726	0.8493758	-0.8806931	-0.8985713	-0.8284307	0.86190736	0.9509664	0.8954782	-0.9063065	0.8745165	-0.8302093	0.87467605	0.81225234	0.92830795
0.6346075	-0.6717687	0.6379295	0.6378178	-0.6710928	-0.6777299	-0.6703242	0.6746882	0.75574243	0.67580396	-0.72954065	0.6512429	-0.65652746	0.7156138	0.69186413	0.74356633
0.22951022	-0.20476846	0.123896316	0.11225998	-0.107856564	-0.20041981	-0.16556299	0.1975865	0.14043245	0.12499131	-0.11537689	0.1717662	-0.12869525	0.1465442	0.18352745	0.1435639
0.5794984	-0.64738995	0.6040512	0.6422762	-0.6152374	-0.629298	-0.6042896	0.6345557	0.7070216	0.6550264	-0.62818164	0.674835	-0.5976317	0.60744804	0.6634926	0.6684105
-0.13952087	0.46825346	-0.49802804	-0.5337373	0.5444316	0.3655377	0.38021508	-0.575338	-0.48517466	-0.4279076	0.5166812	-0.46013588	0.4840977	-0.42160994	-0.3988857	-0.52901876
0.08813301	-0.085008994	0.11624458	0.06814061	-0.14105935	-0.057522796	-0.069805175	0.03517876	0.14876336	0.11681147	-0.056284238	0.07773205	-0.12495842	0.07574696	0.13193889	0.12426126
0.47477835	-0.47609693	0.46881622	0.43008223	-0.53328246	-0.43132082	-0.4622137	0.4123817	0.51598424	0.47794497	-0.47772333	0.51178885	-0.48934978	0.46717057	0.47797146	0.5640343
-0.8320222	0.79533803	-0.93059427	-0.7956649	0.91220355	0.8474608	0.8435419	-0.88649553	-0.87155074	-0.8201327	0.847362	-0.82970846	0.80811685	-0.8750444	-0.87221104	-0.8991694
-0.92064124	0.92524683	-0.91677684	-0.91021234	0.9173645	0.9747697	0.9243645	-0.9633079	-1.0142529	-0.897033	0.97491246	-0.91365314	0.92230463	-0.9717822	-0.9783216	-1.0117911
-0.25495568	0.2870436	-0.3806779	-0.2808894	0.257061	0.27784935	0.2929371	-0.30385697	-0.28331286	-0.2709576	0.2998711	-0.29609197	0.2464184	-0.3021197	-0.29933906	-0.263156
-0.07704163	0.12726843	-0.11744916	-0.090055056	0.16424586	0.08400225	0.083629474	-0.10230609	-0.11309471	-0.13689102	0.12973063	-0.1261749	0.18153703	-0.08626192	-0.09431119	-0.10817044
-0.81327116	0.8715086	-0.901956	-0.9191523	0.93456167	0.89203364	0.89900184	-0.8352359	-0.9318426	-0.8742015	0.86969554	-0.9179901	0.86178386	-0.8771868	-0.850621	-0.8907373
0.71595883	-0.7649538	0.85172564	0.81317264	-0.8410609	-0.78551954	-0.8231511	0.73332274	0.83701247	0.8009396	-0.7864595	0.7732728	-0.8094776	0.7852129	0.80765295	0.8271779
0.5638711	-0.58517915	0.5976342	0.53397083	-0.5231092	-0.57412463	-0.5460854	0.5485752	0.56534904	0.61051893	-0.55381614	0.58121884	-0.53464335	0.5858815	0.5546442	0.59310293
-0.41142598	0.44557688	-0.48869452	-0.4727223	0.44469664	0.4471889	0.44328433	-0.4031015	-0.4320088	-0.4015805	0.4765255	-0.44946158	0.4056671	-0.41657227	-0.4333363	-0.41460943
0.7653176	-0.82088155	0.77726203	0.7967645	-0.84363806	-0.7625041	-0.83270824	0.7991839	0.861785	0.85759956	-0.8400105	0.8092409	-0.76496553	0.7945886	0.831176	0.84885764
-0.5253053	0.6666408	-0.6752269	-0.7550611	0.7204762	0.60991293	0.6158598	-0.76178634	-0.789828	-0.6998326	0.7479788	-0.7331751	0.74421537	-0.662108	-0.7027641	-0.74768984
-0.4264183	0.5313624	-0.54687387	-0.5561989	0.52992123	0.50286055	0.50156784	-0.49550745	-0.5236751	-0.48415083	0.5584286	-0.5250763	0.4757576	-0.47373092	-0.48731488	-0.5366328
0.048688218	-0.08815329	0.050595555	0.009957988	-0.018401554	-0.08242986	-0.054402024	-0.004298631	0.022912867	0.052934486	-0.09949492	0.0108231325	-0.02276643	0.105084635	0.046329614	0.021832848
-0.33268622	0.6294701	-0.6456213	-0.670832	0.6643933	0.52508974	0.49489853	-0.72392	-0.77166206	-0.6301484	0.629603	-0.72793347	0.62238073	-0.62728494	-0.5688784	-0.74918884
0.044875246	0.077367224	-0.11616974	-0.063812435	0.083605416	0.053711366	0.0769262	-0.10402799	-0.10659591	-0.09727692	0.07496651	-0.08120509	0.15890948	-0.11978952	-0.1246621	-0.08874366
0.11250301	-0.09578506	0.05991896	0.04775623	-0.06253258	-0.08888684	-0.11822392	0.054324653	0.0650246	0.107816525	-0.12064508	0.10925535	-0.06754141	0.093617365	0.09022428	0.049455937
0.38289684	-0.29447034	0.33272994	0.2809969	-0.279653	-0.28783476	-0.30688217	0.39001226	0.35636705	0.35641918	-0.3272782	0.33321744	-0.3134179	0.2989261	0.32159328	0.28922093
-0.19529964	0.28341037	-0.2982303	-0.32878155	0.34516838	0.2759111	0.24475773	-0.33361903	-0.3373659	-0.32573676	0.34417665	-0.29385948	0.31412977	-0.25799516	-0.23879726	-0.3436261
0.45891136	-0.5510515	0.5208701	0.5756935	-0.62385863	-0.5441245	-0.61490744	0.52841794	0.57465667	0.5828023	-0.6170639	0.6337771	-0.5674414	0.59731984	0.59046715	0.63872236
-0.09365775	0.09779414	-0.06083975	-0.022544574	0.08389082	0.10630797	0.03548716	-0.10098326	-0.023403399	-0.059301063	0.04931793	-0.08743014	0.07743318	-0.06285764	-0.04784416	-0.035611793
-0.6937022	0.7617777	-0.6919396	-0.7031702	0.7640227	0.7182918	0.70164984	-0.7157188	-0.81938744	-0.7036028	0.7246414	-0.77043235	0.73169464	-0.71301645	-0.7217411	-0.8007073
0.16814484	-0.08306456	0.08393288	0.08492394	-0.04625317	-0.08941633	-0.0247068	0.07385095	0.07877447	0.03246986	-0.09401671	0.09032235	-0.04294343	0.107716225	0.05425862	0.006468987
-0.72137916	0.75141245	-0.8158157	-0.7738057	0.81849116	0.79050165	0.72700405	-0.81551147	-0.82481873	-0.7544001	0.7845528	-0.81677985	0.7431171	-0.75002337	-0.7473568	-0.82215995
0.08851274	-0.14974946	0.17613196	0.13151813	-0.1572111	-0.1313627	-0.08938978	0.10577865	0.11404105	0.15568472	-0.14781386	0.11938027	-0.119514115	0.16065983	0.1549056	0.1273338
-0.8582843	0.8639021	-0.7988261	-0.86661065	0.83035487	0.87124074	0.84743106	-0.84117174	-0.9046963	-0.8622376	0.8381313	-0.8581435	0.85790074	-0.8341181	-0.8044571	-0.9363739
0.13711385	-0.22499137	0.21274762	0.15739283	-0.15817009	-0.18353452	-0.20232828	0.15010904	0.22976136	0.21068987	-0.17644717	0.1918283	-0.2361361	0.24432115	0.19112001	0.2427951
0.66697735	-0.70058066	0.6494523	0.7397391	-0.7199795	-0.6824286	-0.65970343	0.66622096	0.7592411	0.7172277	-0.7549485	0.72866887	-0.69819415	0.7369366	0.6805785	0.71838176
0.029524669	0.070951566	-0.043835424	-0.060779274	0.037134767	0.027301243	0.022748912	-0.029504409	-0.0894974	-0.03325809	0.03535835	-0.08681751	0.0051870933	0.021893533	-0.034299698	0.00909862
-0.01013767	-0.05380735	0.029397978	0.059614155	-0.057951067	-0.017823843	-0.09148229	0.026945563	0.07088976	0.022615103	-0.079651386	0.08280744	-0.04164227	0.056199852	0.00065741007	0.029741965
-0.03299054	0.024129508	-0.043878462	-0.10827947	0.05476637	0.09204552	0.110752076	-0.050377056	-0.09193978	-0.07042888	0.08708435	-0.08867344	0.11747795	-0.041961234	-0.060822416	-0.063369
-0.67671746	0.7843785	-0.77480495	-0.7693911	0.7832538	0.7876899	0.7303663	-0.7578521	-0.79652494	-0.7315832	0.71726984	-0.72573894	0.78858286	-0.78706366	-0.72679114	-0.7529699
0.18684743	-0.19033118	0.16317746	0.2189044	-0.16134249	-0.17770751	-0.16172835	0.15631005	0.18890095	0.19802716	-0.17282084	0.17061198	-0.21802786	0.15717044	0.192663	0.17270555
0.47465295	-0.40671164	0.4220752	0.49123043	-0.4809999	-0.4067345	-0.43962568	0.3871525	0.49881017	0.41092366	-0.4496208	0.4508981	-0.5004531	0.4997506	0.47506008	0.504785
-0.13253172	0.114770725	-0.15778746	-0.079466134	0.123066075	0.1174298	0.12551773	-0.1104697	-0.11106502	-0.15317747	0.11072636	-0.12637404	0.16215219	-0.09967567	-0.1264336	-0.08602297
0.5446121	-0.56113285	0.61003184	0.53526205	-0.55988735	-0.5149351	-0.56968933	0.5423673	0.6017212	0.5889471	-0.528918	0.5910706	-0.49604666	0.561797	0.57398975	0.53120273
0.4410747	-0.54538363	0.5160164	0.4713252	-0.5116737	-0.5183307	-0.4750208	0.45684668	0.50487095	0.50204283	-0.47397697	0.5466213	-0.51769596	0.5496125	0.5453318	0.57129794
-0.49624592	0.42266956	-0.49084145	-0.44051337	0.43987286	0.4578626	0.4427008	-0.43477553	-0.42138788	-0.47743973	0.40305623	-0.40305805	0.40593743	-0.48544526	-0.49633828	-0.4419876
0.07681628	-0.10470186	0.024446826	0.107069075	-0.0879677	-0.062163487	-0.038151108	0.035781357	0.09042174	0.07202152	-0.03202494	0.056447927	-0.084998526	0.09585874	0.07560764	0.06479172
0.3328554	-0.35374153	0.40610433	0.33683208	-0.36233664	-0.4121412	-0.36408028	0.36142215	0.430724	0.42166257	-0.3950472	0.39084917	-0.4322373	0.3453363	0.38462138	0.347647
-0.561863	0.54750603	-0.64784306	-0.5514245	0.63699186	0.6218782	0.5792601	-0.57219833	-0.614053	-0.58656883	0.60349476	-0.61626744	0.56226593	-0.537789	-0.57919014	-0.5937063
-0.4268333	0.47084033	-0.47598755	-0.44386703	0.46853465	0.42589378	0.45227945	-0.4460561	-0.48525903	-0.44159383	0.44272408	-0.3833428	0.44099778	-0.4503437	-0.40589508	-0.46287122
0.74137914	-0.7335681	0.83734316	0.7634024	-0.77014196	-0.75370395	-0.8027497	0.77620244	0.79520136	0.7710035	-0.80411655	0.72790295	-0.72291106	0.74366236	0.7753372	0.7775553
0.90490806	-0.961132	0.9502876	0.94058293	-0.985372	-0.97366285	-0.95129967	0.9387534	0.99897635	0.89764065	-0.91505575	0.97714275	-0.93736815	0.9091742	0.8887161	0.9383517
-0.07765004	-0.004143684	-0.06789788	-0.02200642	0.009837359	0.03180655	0.036140017	-0.04770536	-0.08436209	-0.091297425	0.07937755	-0.0068648597	0.013765224	-0.015725328	-0.018704023	-0.06357716
0.08465332	-0.04410282	0.110981606	0.12786965	-0.06156507	-0.06505138	-0.0789383	0.045089215	0.08599729	0.10599496	-0.103454836	0.06726761	-0.11344072	0.046357896	0.051572062	0.05726229
0.36256295	-0.3881801	0.36617452	0.3899309	-0.4575288	-0.3822579	-0.4090696	0.39805225	0.44443956	0.4300918	-0.37794298	0.37419796	-0.40215054	0.4069338	0.39607993	0.38025907
-0.5300033	0.57779557	-0.6026901	-0.6488906	0.6683741	0.6145837	0.60913396	-0.6529876	-0.65317094	-0.6536606	0.6277816	-0.6132324	0.5950346	-0.65160763	-0.6094677	-0.6331688
0.52749145	-0.5137394	0.46799	0.49806833	-0.5203859	-0.54120296	-0.47710723	0.51056373	0.5240674	0.5633063	-0.5509965	0.5624738	-0.46483064	0.5241262	0.49320015	0.5183595
0.058758184	-0.035095472	-0.046788663	0.007862028	0.039703127	0.031855125	-0.012290156	-0.031107306	0.008850372	0.002628948	0.043656528	0.024368152	0.00717051	0.04104105	0.019197617	0.0105595235
0.72547054	-0.823735	0.7310668	0.76784855	-0.76243556	-0.77404183	-0.7684388	0.7832849	0.7860282	0.8389307	-0.80808264	0.7922751	-0.74581903	0.7626599	0.83945274	0.82124424
-0.0065241437	-0.0062318593	0.023765227	0.07676962	-0.04530647	-0.0034575018	-0.020841112	0.0039144554	0.06879157	0.04622532	-0.047681533	0.011475396	-0.0025417297	-0.002272235	-0.007683021	0.0490843
0.048844755	-0.018900322	-0.043786928	-0.053099085	0.018699024	-0.040418785	0.05445754	-0.005086251	-0.03250929	0.030634327	-0.004002108	-0.026758563	0.030572757	0.036351766	-0.02086038	-0.008718141
0.059568074	-0.001258821	0.02971189	-0.021154102	-0.032123715	-0.062595524	-0.021146402	0.017417565	-0.008605825	0.070118114	-0.0078111235	0.062426977	-0.008725095	-0.0018490407	0.04714283	0.08266421
-0.27108353	0.34840736	-0.27513117	-0.33167046	0.3033188	0.29174703	0.31738073	-0.34853005	-0.30918592	-0.3085814	0.3419612	-0.32083106	0.33383146	-0.28635535	-0.30592853	-0.33793184
0.69523203	-0.70768464	0.7186052	0.77978647	-0.793723	-0.7671422	-0.7842118	0.6994852	0.7804667	0.7022212	-0.7079587	0.7325085	-0.6882027	0.73682696	0.70254683	0.7599699
-0.28191638	0.30222586	-0.26922145	-0.22746114	0.28279105	0.26172802	0.31323242	-0.19531408	-0.3046871	-0.25886244	0.24906552	-0.28526145	0.29912695	-0.2226119	-0.2891034	-0.31739348
-0.7273823	0.70318323	-0.6935732	-0.6803737	0.71049875	0.6927953	0.75434285	-0.6549799	-0.74334174	-0.70250845	0.7067716	-0.6704942	0.71014535	-0.6814457	-0.65758425	-0.7816941
-0.85014075	0.84209245	-0.8738738	-0.8067266	0.8365509	0.7941057	0.8021322	-0.8239093	-0.9140086	-0.81169444	0.8898519	-0.8384378	0.8327452	-0.882862	-0.8477927	-0.89580166
0.71308535	-0.77453876	0.7467903	0.787181	-0.812818	-0.76542485	-0.7598208	0.6987343	0.87318707	0.7943059	-0.7487854	0.7909486	-0.7634375	0.7402485	0.769401	0.8005939
0.61873347	-0.6900919	0.6323914	0.6050133	-0.655113	-0.607878	-0.6387045	0.6545315	0.6598445	0.6915246	-0.70161307	0.6294412	-0.5969557	0.6259958	0.6440167	0.6949405
0.66907805	-0.6632879	0.65873873	0.6830847	-0.6597275	-0.66270375	-0.7200101	0.65602845	0.7165839	0.6505293	-0.6984817	0.6958185	-0.66043997	0.71202946	0.6722075	0.66292435
-0.27564088	0.25173667	-0.25384223	-0.2770427	0.31079766	0.31721422	0.23138699	-0.21914095	-0.27103332	-0.2585882	0.27576682	-0.24318847	0.30256876	-0.26787198	-0.23882681	-0.25485998
-0.6112715	0.71331	-0.8054895	-0.716205	0.7399097	0.6957218	0.758263	-0.7159103	-0.8072038	-0.70914525	0.78195256	-0.78077507	0.75876164	-0.7403831	-0.6960285	-0.7784655
0.393766	-0.37334925	0.41851518	0.36905554	-0.4605418	-0.41603488	-0.356602	0.39683333	0.39984262	0.44755024	-0.39103848	0.42569348	-0.4445316	0.35902196	0.39456925	0.42918292
0.34910277	-0.31354588	0.26813355	0.28928262	-0.30496207	-0.34024882	-0.3220774	0.19402233	0.34304535	0.33713514	-0.35094422	0.3445592	-0.2574159	0.35280123	0.26819718	0.39394113
0.08426301	-0.10340265	0.17097192	0.102083534	-0.11614831	-0.07880672	-0.1448625	0.13035223	0.149411	0.15802236	-0.095227994	0.14992099	-0.1665058	0.10347897	0.05772809	0.16811453
-0.46586236	0.559238	-0.61605835	-0.5274704	0.49615115	0.5677331	0.49658933	-0.520094	-0.58202565	-0.49408364	0.5824345	-0.5512418	0.522249	-0.50570786	-0.50872207	-0.5594653
0.6063373	-0.60544956	0.56894726	0.5884588	-0.62991256	-0.5940288	-0.5614318	0.5756994	0.64011544	0.5647515	-0.6308376	0.55944586	-0.5988919	0.59161997	0.57941157	0.5860172
-0.76709425	0.8206854	-0.78283864	-0.787878	0.77372295	0.8002623	0.7961255	-0.78999686	-0.8071527	-0.7548921	0.8154702	-0.8598041	0.75783306	-0.8220691	-0.74364024	-0.84645486
0.27588624	-0.20065042	0.27800947	0.22286372	-0.25789547	-0.2056562	-0.28784558	0.22631685	0.27710363	0.19667454	-0.2892316	0.22114968	-0.25267592	0.26471445	0.2593855	0.25524944
0.4422424	-0.46015048	0.4910304	0.43721882	-0.55361074	-0.48904583	-0.49205714	0.4375523	0.60219604	0.45900917	-0.53649664	0.5591983	-0.5279567	0.5038115	0.5179868	0.5342238
-0.31371844	0.32198533	-0.3184744	-0.32587144	0.2946123	0.28144747	0.30487868	-0.27074268	-0.31083173	-0.26691744	0.3350345	-0.35348096	0.29507694	-0.3594616	-0.28203654	-0.30464196
-0.12527488	0.018279446	-0.08995599	-0.061778817	0.058505543	0.09074813	0.01576107	-0.058395047	-0.043298867	-0.09652983	0.07335667	-0.07644187	0.03608772	-0.07860245	-0.10903314	-0.060879633
0.8768028	-0.8460509	0.92283416	0.85484725	-0.89352953	-0.9035134	-0.8864552	0.8444841	0.8818767	0.8742417	-0.8856238	0.84387815	-0.8830974	0.87669736	0.8651944	0.8949214
0.3745637	-0.39003575	0.44150072	0.38671368	-0.38543665	-0.43455932	-0.3665367	0.37239215	0.41212192	0.38662532	-0.35515353	0.34915242	-0.36809707	0.4192328	0.37475082	0.4293835
0.8885188	-0.93206984	0.88714045	0.9050441	-0.91478443	-0.9301444	-0.9400849	0.85928226	0.9812828	0.95779413	-0.9723388	0.9725447	-0.92617893	0.86902577	0.9500843	0.96737456
-0.08930113	0.060556427	-0.16966878	-0.1058604	0.070900045	0.10966814	0.06725334	-0.102727585	-0.07658053	-0.060141735	0.14160316	-0.06658321	0.08544093	-0.14416778	-0.12265152	-0.049714033
0.2445557	-0.21840852	0.24161956	0.2318534	-0.23656717	-0.27893367	-0.2837267	0.24796912	0.32128033	0.26547033	-0.23209389	0.2704513	-0.27193457	0.25367507	0.21767002	0.3098464
0.7690319	-0.8152762	0.87655085	0.8056663	-0.91193724	-0.80223924	-0.88950914	0.819133	0.87534815	0.8350116	-0.8956779	0.89279467	-0.83742803	0.84223455	0.89060706	0.9219561
0.69274026	-0.72288185	0.65721244	0.7182172	-0.69587636	-0.6757465	-0.71999943	0.63438237	0.72555035	0.72361094	-0.70734274	0.7256587	-0.63360554	0.66856086	0.649794	0.73995113
0.2460618	-0.19683781	0.22775063	0.2114001	-0.19418244	-0.20081815	-0.22076479	0.18515679	0.22824496	0.23581222	-0.17468557	0.19408843	-0.13998094	0.24770674	0.18605088	0.22769526
-0.1754966	0.20138621	-0.20471254	-0.2077113	0.18926278	0.25293344	0.245667	-0.17980938	-0.25019625	-0.25106406	0.25089842	-0.18037052	0.19671541	-0.21632454	-0.1765084	-0.20721284
-0.5435814	0.61120594	-0.5966536	-0.5581746	0.5789219	0.5938891	0.5527557	-0.6319896	-0.6247152	-0.62451744	0.6033195	-0.5519469	0.53352565	-0.5356851	-0.5698681	-0.5838116
-0.45280683	0.4432044	-0.5277467	-0.50227267	0.48984352	0.5217925	0.4477709	-0.4674703	-0.5376427	-0.5285642	0.5393464	-0.4677026	0.48325825	-0.48688155	-0.4896136	-0.5539898
0.6920436	-0.7080781	0.67581564	0.66178995	-0.7394642	-0.6479268	-0.7004893	0.65002114	0.7008781	0.65618956	-0.6962168	0.6689063	-0.6503666	0.67131984	0.653407	0.75281036
0.79982495	-0.83294964	0.84549546	0.80952156	-0.8015437	-0.7545439	-0.7570682	0.8140466	0.88387674	0.7658479	-0.8195075	0.8351841	-0.7535748	0.77281386	0.7730956	0.8746147
0.36305404	-0.3628672	0.3964104	0.36639395	-0.38040462	-0.3785529	-0.3968355	0.37607014	0.43744865	0.39268202	-0.37037978	0.40999106	-0.4296288	0.3697267	0.4133884	0.44964576
0.7252061	-0.69301176	0.7564758	0.7392802	-0.7572348	-0.7580441	-0.76213473	0.7110462	0.7169914	0.68540144	-0.7020454	0.7482214	-0.71148354	0.7673044	0.7021072	0.72723585
0.40999934	-0.3469156	0.356245	0.310226	-0.32276213	-0.3745013	-0.3174074	0.37406895	0.39913714	0.36280283	-0.39782074	0.32109565	-0.37635544	0.3924163	0.38368294	0.36240065
-0.3200056	0.3298344	-0.25042167	-0.35217625	0.29721257	0.29730806	0.34573528	-0.2523557	-0.314223	-0.31380248	0.26800746	-0.35365543	0.29246032	-0.2985779	-0.27604303	-0.3157301
-0.09640885	0.15509179	-0.0801114	-0.15283202	0.15615392	0.12668988	0.097584926	-0.20891368	-0.1710315	-0.178933	0.09340501	-0.09916971	0.119426996	-0.14132187	-0.18960881	-0.13428397
0.9555878	-0.9997978	0.9456908	1.0197488	-1.0201335	-0.9410189	-1.0057696	0.9236482	1.025973	1.0365047	-1.0104558	0.9738266	-0.9355199	0.9534993	0.949015	1.0449685
0.9865725	-0.9618082	1.0102153	0.96702904	-0.98058563	-0.98436636	-1.0154902	0.9450074	1.0222132	1.0313337	-1.034674	1.0391148	-0.9700625	1.0356575	0.94382197	1.0405017
0.41220906	-0.38754332	0.38718307	0.45531228	-0.43453357	-0.46924007	-0.42996633	0.38480267	0.47217017	0.4457446	-0.40438774	0.43308368	-0.4217637	0.42435417	0.44752288	0.42796007
0.3053379	-0.33468807	0.351752	0.30332133	-0.34051776	-0.34457186	-0.26695296	0.27481678	0.30763835	0.28030717	-0.30277735	0.33515355	-0.33506656	0.32788518	0.25824893	0.34592637
-0.16568564	0.18130586	-0.23367384	-0.23675802	0.18784465	0.20591022	0.12035781	-0.17720577	-0.21521975	-0.18445714	0.22962995	-0.15453412	0.17295036	-0.13179126	-0.20785314	-0.17890424
-0.36346632	0.36630434	-0.46189734	-0.3364839	0.3747968	0.36462504	0.41672748	-0.36647174	-0.42092136	-0.343568	0.39683735	-0.40929222	0.35646784	-0.34631383	-0.3629978	-0.4037285
-0.05731867	0.040327318	-0.12564167	-0.08580044	0.0717338	0.09901026	0.122518465	-0.14353947	-0.10462323	-0.12996824	0.09597617	-0.10763544	0.07553648	-0.072561935	-0.0591897	-0.082710475
-0.42167115	0.37109664	-0.36571744	-0.4073969	0.36163077	0.42203978	0.42924067	-0.39743334	-0.3949702	-0.38458478	0.36310723	-0.3750375	0.40072381	-0.36419955	-0.35002843	-0.35042456
0.41473514	-0.39290735	0.5036065	0.46158552	-0.42354274	-0.44182694	-0.41802663	0.43286586	0.41601408	0.43587306	-0.43196815	0.41489998	-0.42082492	0.39143822	0.40313935	0.42117953
0.5996794	-0.54666907	0.64148754	0.5625664	-0.5931419	-0.5653947	-0.5851563	0.6181883	0.62251467	0.6467954	-0.616391	0.5716227	-0.5923415	0.62188494	0.6116586	0.6715672
-0.4902669	0.4871036	-0.5396439	-0.47201562	0.44154263	0.46386355	0.4697928	-0.49167162	-0.55662644	-0.4436559	0.49243215	-0.45662972	0.50645995	-0.44915894	-0.43352517	-0.5015682
0.2637986	-0.25163975	0.2699734	0.21119647	-0.29786298	-0.2699761	-0.24141312	0.2256279	0.2573685	0.19621588	-0.20778345	0.20127155	-0.26899573	0.19771683	0.28218603	0.2829622
-0.6085004	0.6662776	-0.6155066	-0.6356837	0.6091169	0.6117016	0.66802573	-0.5997245	-0.6666223	-0.6825354	0.66331166	-0.635727	0.616822	-0.66492504	-0.592525	-0.7124524
0.48009717	-0.44744995	0.49894834	0.44555855	-0.49462834	-0.46684948	-0.49683312	0.4462561	0.51222533	0.5074899	-0.49785244	0.48610038	-0.5257164	0.4531968	0.48786518	0.4922036
-0.783173	0.8283132	-0.85273194	-0.77784586	0.8548037	0.7664428	0.834101	-0.8451409	-0.81413376	-0.83814406	0.7690164	-0.8468291	0.83009446	-0.85599345	-0.8060381	-0.84332144
0.343787	-0.4069045	0.3345287	0.3972627	-0.38821718	-0.3802	-0.37359604	0.3807957	0.3693531	0.33892483	-0.3262453	0.37681603	-0.3881013	0.3746729	0.3321673	0.3447175
0.2072933	-0.23351252	0.18327518	0.17502598	-0.1697549	-0.1860968	-0.22016285	0.16962789	0.24351504	0.22316529	-0.23155116	0.15980789	-0.18133365	0.18900031	0.24288961	0.23062511
-0.4920296	0.49834064	-0.45977458	-0.49003872	0.4336506	0.48804203	0.43734857	-0.49461898	-0.50580025	-0.48530513	0.47456136	-0.44235998	0.45610675	-0.4161961	-0.41929373	-0.51836777
0.11754164	-0.08365225	0.15431249	0.12040578	-0.05074509	-0.103515625	-0.057467353	0.14173812	0.060793836	0.079656854	-0.0806607	0.121565126	-0.14439759	0.12389594	0.11275252	0.053577825
0.8456581	-0.8703832	0.8364046	0.7896971	-0.87913257	-0.79138696	-0.8527289	0.8026281	0.924558	0.85124475	-0.8838467	0.82124996	-0.79549384	0.82473916	0.87891483	0.91927415
0.7107189	-0.7547198	0.75486666	0.73960984	-0.7236426	-0.71703374	-0.76375014	0.6877012	0.7937992	0.7756739	-0.69091636	0.72143316	-0.7052069	0.7709292	0.72509366	0.78518516
-0.05335476	0.015797481	-0.028842758	-0.036047675	0.039861556	0.06378122	0.04331922	-0.099920444	-0.042908676	-0.10227444	0.062421013	-0.052427474	0.11651234	-0.085980795	-0.05612034	-0.105958454
-0.74377096	0.7901363	-0.820827	-0.80477333	0.7797682	0.7430807	0.7947882	-0.72788113	-0.850582	-0.7396463	0.7487012	-0.7857855	0.7319137	-0.73488784	-0.7909837	-0.84445125
-0.56443703	0.61772776	-0.7559453	-0.6349657	0.71064174	0.64711356	0.70143133	-0.6153773	-0.68960655	-0.6927033	0.69161457	-0.70006675	0.63348114	-0.65876645	-0.6500647	-0.7471288
-0.36413693	0.35610753	-0.3898984	-0.3211527	0.33729303	0.3695637	0.37640873	-0.37421134	-0.3150841	-0.3478184	0.35745993	-0.35096386	0.37743983	-0.3699781	-0.36294147	-0.31203488
-0.44521293	0.52116495	-0.5266763	-0.5190722	0.5186655	0.45770386	0.4527468	-0.55650157	-0.5862269	-0.4672863	0.5552332	-0.48845392	0.4672614	-0.5001084	-0.52821594	-0.5930093
-0.5606223	0.7041365	-0.67592865	-0.63818485	0.6837896	0.58889234	0.6481523	-0.68249285	-0.7259399	-0.6594169	0.71910125	-0.6792974	0.6732448	-0.6837306	-0.64505374	-0.6652214
0.52954304	-0.50767547	0.54478526	0.55136245	-0.51796263	-0.5018794	-0.5299405	0.5503059	0.5420212	0.56677365	-0.55111134	0.49455497	-0.5250037	0.51480854	0.48007318	0.56070787
-0.9009408	0.91347694	-0.8730403	-0.8499279	0.85494196	0.9195056	0.8833085	-0.8372583	-0.9382876	-0.9237058	0.8809438	-0.8623672	0.8450102	-0.8375564	-0.8885412	-0.8696708
-0.28530145	0.40674162	-0.43660858	-0.449478	0.42633113	0.3525817	0.37233326	-0.43609816	-0.52588546	-0.36481518	0.439756	-0.4422496	0.44621003	-0.3520563	-0.43677083	-0.45504937
-0.68287796	0.80756253	-0.7759161	-0.8523623	0.8313826	0.80558944	0.8263016	-0.78981024	-0.8301399	-0.8239027	0.8468746	-0.8695909	0.81332064	-0.76403457	-0.8161314	-0.8532523
0.50195676	-0.4661397	0.54929984	0.4433132	-0.45862988	-0.5138476	-0.5097652	0.5259647	0.51024646	0.47776827	-0.44322932	0.48397303	-0.4961168	0.49294773	0.48191026	0.4910953
-0.56540346	0.59854996	-0.67958564	-0.63427144	0.68837357	0.6751306	0.60112524	-0.61869407	-0.70925164	-0.61724496	0.6733538	-0.6757015	0.65597737	-0.5869445	-0.62353784	-0.62067866
-0.5508944	0.54968137	-0.5972048	-0.59411794	0.60936487	0.60071015	0.57737345	-0.53373814	-0.5938493	-0.5757876	0.59331083	-0.6358136	0.61489123	-0.5431172	-0.5381408	-0.57374984
-0.40745085	0.43372846	-0.47082195	-0.4566159	0.49843815	0.46414307	0.41196325	-0.44671652	-0.4835054	-0.48725376	0.41362995	-0.42418	0.40323123	-0.47484434	-0.4427143	-0.44781938
0.31116316	-0.32595965	0.35405883	0.32813957	-0.2981421	-0.3120175	-0.31794393	0.3008183	0.321486	0.28562355	-0.29044858	0.3531246	-0.2735406	0.31908855	0.33643287	0.32810235
0.36700356	-0.35135806	0.32262352	0.33544326	-0.29664013	-0.33501372	-0.32293758	0.33793092	0.2961893	0.36851293	-0.35960165	0.27250147	-0.32142466	0.32334718	0.37828305	0.32169372
0.771001	-0.7287475	0.78835887	0.72654885	-0.77919364	-0.7054561	-0.7481597	0.7547191	0.8046391	0.76524067	-0.7534821	0.7227771	-0.78721696	0.7799222	0.7448675	0.8281283
0.6459471	-0.6987132	0.7102508	0.6888133	-0.7006945	-0.6469787	-0.72609663	0.6873971	0.7233971	0.6582285	-0.7054769	0.74520755	-0.69504106	0.66957617	0.6868083	0.74878496
-0.28128713	0.28791052	-0.36663514	-0.26123327	0.30855328	0.28694686	0.24605316	-0.26133844	-0.30922824	-0.3252857	0.26219523	-0.23837985	0.28714955	-0.24539933	-0.24449074	-0.2586455
-0.98594254	1.0034627	-1.0212858	-0.99082565	0.9614542	1.0186207	0.98112047	-0.99772567	-0.9926761	-1.0259067	0.95167756	-1.0216304	0.9897732	-1.0100751	-0.978834	-1.048781
0.23136765	-0.25591767	0.29538602	0.299141	-0.29898366	-0.22775818	-0.28222716	0.2797153	0.30924675	0.22758386	-0.2464636	0.28976774	-0.24009201	0.29372108	0.25046653	0.22600219
0.051550616	0.003012735	-0.02691536	0.02411892	0.049070556	-0.032984767	-0.013568551	0.056972474	-0.02328458	0.020203736	0.040931158	-0.042334996	-0.027527556	0.03937852	0.024426594	0.015464196
-0.11787814	0.25495568	-0.18740225	-0.19554253	0.20218223	0.21606198	0.22847357	-0.20056818	-0.16124791	-0.20481573	0.24450326	-0.20782964	0.20665483	-0.24694233	-0.17957297	-0.24497636
0.07420939	-0.05824129	0.0707574	0.020741764	-0.019274337	-0.043111097	-0.053301003	0.01653516	0.011525435	0.0009951565	-0.07138581	0.07952235	0.01583345	-0.0056161154	0.057876904	0.01983858
0.67207694	-0.61329925	0.60588527	0.66246396	-0.7119231	-0.68980044	-0.7007854	0.60925835	0.73683876	0.61286265	-0.67251354	0.6311293	-0.5937013	0.67191356	0.6561216	0.71090233
-0.049334206	0.2224923	-0.29122594	-0.3533179	0.28100538	0.18472263	0.19211684	-0.29365432	-0.32409248	-0.23577063	0.27673322	-0.27873817	0.35871267	-0.23316756	-0.22679473	-0.3273609
0.75624883	-0.72534394	0.7613985	0.6728215	-0.7717567	-0.7632318	-0.7499318	0.6702912	0.7420121	0.71457297	-0.6987903	0.76365924	-0.7253176	0.71094596	0.7199517	0.75537956
0.3087005	-0.31205627	0.31789118	0.30321324	-0.28793234	-0.26563755	-0.34127286	0.22511494	0.29142594	0.31449685	-0.3134562	0.33162144	-0.30695075	0.27633145	0.33601213	0.33276802
-0.31938362	0.37569034	-0.4184591	-0.32904997	0.40521812	0.38112804	0.4090517	-0.32409787	-0.43105185	-0.33397943	0.40977138	-0.40518588	0.40596795	-0.34936312	-0.38511333	-0.3737944
-0.094432645	0.014218761	-0.041279536	-0.034024008	0.030482806	0.04231711	0.012227909	-0.1056519	-0.06673691	-0.011243838	0.058107026	-0.020682989	0.059782673	-0.018437833	-0.037851848	0.0011815083
0.30375683	-0.3711288	0.35477093	0.3042414	-0.35133615	-0.3163313	-0.3112132	0.36892238	0.35791576	0.2963849	-0.33514085	0.3528552	-0.3685115	0.34898844	0.305376	0.36212128
0.056010615	-0.04793464	0.08290542	0.06662287	-0.09274441	-0.047158122	-0.096173845	0.08451806	0.09580758	0.106917106	-0.027992047	0.06620332	-0.094921686	0.09446563	0.08014028	0.058401246
-0.08787321	0.023870708	-0.04130074	-0.05586113	-0.012154513	0.08095111	0.06391129	-0.0008357001	-0.03857265	-0.054053526	0.046614785	-0.05714008	-0.011374022	-0.040237103	-0.06357653	-0.034107774
-0.22313833	0.309657	-0.23636587	-0.3088081	0.26392308	0.23892403	0.22701922	-0.2909467	-0.33445236	-0.2913271	0.23965971	-0.29462284	0.25375462	-0.26010424	-0.30097175	-0.25268507
-0.01022112	-0.05122684	-0.009857245	0.010964162	-0.03416236	-0.03431753	0.043556925	0.029404191	0.052301496	-0.0004863531	0.031067254	0.04999092	0.027795497	-0.045331523	0.028342048	-0.0016487805
0.797878	-0.75640476	0.8425028	0.7583876	-0.75904226	-0.82408667	-0.7762022	0.7826967	0.85759795	0.7719963	-0.7452639	0.77056485	-0.7582139	0.77845955	0.8107539	0.84366584
-0.90246505	0.9815898	-0.96420765	-0.97681	0.93252075	0.925547	0.99566525	-0.96264476	-1.0682545	-0.92229015	1.0083662	-0.9966997	0.9354217	-0.93209195	-0.9749427	-1.0061502
0.2312294	-0.2697715	0.21827589	0.23558742	-0.26706922	-0.24768469	-0.28402233	0.19022074	0.3591376	0.23018226	-0.26695785	0.25318617	-0.25248948	0.21985851	0.2909023	0.27777988
0.031907573	0.021405559	0.050050862	-0.01158202	0.05106347	0.025244439	0.028465627	0.011404406	-0.040126573	0.0012800612	0.018403903	0.022020772	0.041551303	-0.053649444	-0.021440133	-0.0022294524
0.78664553	-0.81721514	0.79728764	0.8311857	-0.80944574	-0.7666611	-0.79415375	0.763452	0.89969265	0.8308409	-0.82637835	0.84485567	-0.84070885	0.7803364	0.77252066	0.85421824
0.5855675	-0.62351894	0.6145135	0.54140675	-0.6143884	-0.57390743	-0.5897523	0.53493816	0.57215583	0.5575119	-0.5741317	0.55762595	-0.60821575	0.5989663	0.61325216	0.5574485
-0.095167205	0.11197074	-0.13197602	-0.12121437	0.09313071	0.10549418	0.048393205	-0.13244565	-0.14886284	-0.10818312	0.12782602	-0.0672539	0.0777527	-0.10604335	-0.06810933	-0.13601069
0.41820568	-0.37272245	0.41009492	0.42253977	-0.41424152	-0.4073926	-0.36763406	0.3557679	0.37970757	0.43442768	-0.36666694	0.45286128	-0.43371356	0.4223565	0.4247243	0.37081164
-0.25131726	0.24664147	-0.27418178	-0.22916842	0.3139446	0.29722878	0.2307199	-0.24770407	-0.25969538	-0.22421761	0.28296086	-0.24736987	0.27796662	-0.25752753	-0.26607248	-0.22191599
0.40096408	-0.37233976	0.43834212	0.31565198	-0.341549	-0.39840806	-0.366129	0.37508655	0.3395451	0.37062073	-0.36181402	0.39844558	-0.35275468	0.4031409	0.37379587	0.33076206
-0.36152	0.41817486	-0.46632245	-0.3998854	0.4293205	0.3514642	0.35871705	-0.38750973	-0.37482715	-0.40543965	0.3614888	-0.41014865	0.39715004	-0.41478863	-0.35336438	-0.3718993
-0.532287	0.6775789	-0.66381985	-0.69413877	0.64455223	0.6095053	0.65661615	-0.67952836	-0.7456854	-0.6177098	0.6275781	-0.6796465	0.6149029	-0.61933637	-0.5989514	-0.6826461
0.12897453	-0.1703427	0.23584275	0.13713181	-0.19936556	-0.20506139	-0.18425116	0.1305501	0.24375236	0.17091677	-0.21407753	0.16428119	-0.20434386	0.14704996	0.15745501	0.15580356
0.11524089	-0.10657172	0.11466539	0.07782334	-0.064197436	-0.15769729	-0.13386203	0.11350616	0.07344786	0.08277837	-0.12843475	0.11378429	-0.09143471	0.10983356	0.10268837	0.049097825
0.15178427	-0.075329565	0.12899198	0.09196601	-0.1000681	-0.075281166	-0.10853351	0.04683832	0.14113288	0.11048822	-0.12565984	0.082152575	-0.11615802	0.115874484	0.13564439	0.10775912
0.029675882	-0.022127375	0.03894723	-0.05458208	0.0018611097	-0.00029308887	0.059755217	-0.042757276	-0.06407421	-0.034371108	-0.001886186	-0.07641458	-0.013079709	-0.0074702515	-0.030342733	-0.06387417
0.68548304	-0.75133556	0.7761965	0.749667	-0.7430402	-0.72580636	-0.75501645	0.73248047	0.8198332	0.79525846	-0.790326	0.7347141	-0.6801711	0.78529483	0.7012204	0.8003862
0.7148858	-0.7394469	0.7912612	0.76452726	-0.81623745	-0.7293532	-0.7239003	0.7168316	0.8685141	0.7630083	-0.77730143	0.7688572	-0.7437542	0.7255548	0.7441166	0.78871095
-0.5508307	0.6921949	-0.76590735	-0.7207572	0.6832978	0.6789582	0.6359837	-0.7155347	-0.7265242	-0.68511814	0.6755222	-0.74349105	0.7207909	-0.6920586	-0.6711282	-0.7923766
0.22145236	-0.2218931	0.2644425	0.27304175	-0.27133727	-0.23294696	-0.27067086	0.23903726	0.2553207	0.24681075	-0.2794707	0.20970845	-0.20348082	0.245165	0.24952964	0.26255575
0.48652834	-0.5843744	0.6040152	0.61161345	-0.6301968	-0.63037467	-0.6388541	0.59873724	0.67765236	0.6066723	-0.6424489	0.63965094	-0.5837397	0.5723552	0.61972296	0.666229
-0.83763075	0.81703764	-0.8374957	-0.77932924	0.88126856	0.8258332	0.78485984	-0.8128489	-0.9010427	-0.833934	0.84324795	-0.841919	0.8664139	-0.81631464	-0.84818643	-0.86707145
-0.08509332	-0.17750123	0.2755952	0.23787495	-0.2527144	-0.12154213	-0.09449763	0.24684754	0.19237706	0.16273503	-0.21674702	0.24786575	-0.25756094	0.17111708	0.1731756	0.17313056
0.7414235	-0.84169954	0.8170999	0.8140117	-0.8625183	-0.8474626	-0.7893379	0.8092632	0.8809787	0.8050672	-0.7851522	0.8103047	-0.84110457	0.7838139	0.77311	0.85942954
0.5416729	-0.53872454	0.5104543	0.45464623	-0.5374686	-0.456503	-0.5191783	0.5156834	0.51754475	0.5355746	-0.5295459	0.538508	-0.4819336	0.47941425	0.44523817	0.4814599
0.2667476	-0.26506418	0.23389167	0.25516212	-0.2917701	-0.21858989	-0.24937235	0.24474072	0.26247263	0.29202488	-0.25610748	0.23555683	-0.25179186	0.25392145	0.29823798	0.2238845
0.62476075	-0.66970307	0.7180334	0.64051664	-0.7367004	-0.6606135	-0.6683737	0.64503694	0.70608115	0.6509027	-0.6980182	0.66270095	-0.6197352	0.6500521	0.6481632	0.6701523
-0.36141485	0.32107177	-0.40483138	-0.32580483	0.323454	0.36377046	0.40910918	-0.3277081	-0.33978394	-0.3204485	0.31158036	-0.37027314	0.3889532	-0.3226953	-0.38311413	-0.38751167
-0.057286505	-0.012188231	-0.023291476	0.013767936	0.00878862	0.062263798	-0.007230814	-0.024431435	-0.07062059	-0.02950401	-0.016450107	-0.026064994	0.026855737	-0.05115525	0.0129865175	0.003189437
0.48291305	-0.4822771	0.4872881	0.45199388	-0.43222877	-0.38917476	-0.4204563	0.46596962	0.50853544	0.48049948	-0.4589071	0.44218814	-0.45689267	0.45901734	0.47653288	0.4339644
0.7977681	-0.8832438	0.92215544	0.8454544	-0.8369115	-0.84505504	-0.8251669	0.8363257	0.8926465	0.8627889	-0.8310056	0.8963364	-0.9007355	0.8200214	0.8671989	0.9409645
0.42956418	-0.49790743	0.41591358	0.49298543	-0.5285267	-0.47770926	-0.42583218	0.40357012	0.48710865	0.48580715	-0.4863059	0.48450318	-0.49869442	0.49640408	0.48837602	0.5025545
-0.81989264	0.8261985	-0.7994769	-0.8225582	0.862775	0.8049862	0.8416555	-0.8174277	-0.8436023	-0.7861701	0.79233617	-0.8628228	0.8027938	-0.8530417	-0.8167198	-0.80158424
0.61546177	-0.6349891	0.70497775	0.6217673	-0.6826359	-0.68188584	-0.61406523	0.6694274	0.69267887	0.64166397	-0.6925531	0.6412674	-0.6593034	0.60932034	0.61331433	0.68887407
-0.38360134	0.3491961	-0.36117882	-0.3678242	0.39609924	0.33104977	0.42549953	-0.41249695	-0.36097848	-0.36288798	0.3666153	-0.35051692	0.3335782	-0.42820093	-0.39666528	-0.38001192
-0.6760309	0.6462396	-0.625005	-0.6762652	0.6863451	0.6339459	0.6760584	-0.68324065	-0.6718698	-0.6641363	0.59774387	-0.659273	0.6633142	-0.68023103	-0.6113841	-0.6265954
-1.0047805	0.94649273	-1.0269732	-0.9980987	0.99334913	0.9248022	1.02192	-0.9816575	-1.03404	-0.9462397	1.0118634	-0.98387986	0.98236424	-0.9612822	-0.9418099	-1.007328
0.10650583	-0.1710783	0.054490734	0.13899478	-0.16387682	-0.15011016	-0.14349219	0.12361024	0.1164569	0.13710858	-0.16145544	0.13914351	-0.1553158	0.06545596	0.1317278	0.08967848
0.69364685	-0.700359	0.7355296	0.6791465	-0.69785756	-0.6310184	-0.6378291	0.65985143	0.71829504	0.6474774	-0.7157371	0.7419693	-0.7183549	0.6486463	0.70718616	0.72848904
0.32351524	-0.29571286	0.3466002	0.35261837	-0.34480113	-0.3566766	-0.28557393	0.32578683	0.32551864	0.31512448	-0.2878379	0.33213866	-0.3520243	0.3512766	0.3037619	0.37259966
0.09909549	-0.018287037	0.056496784	0.060648944	-0.074542224	-0.08217269	-0.021972021	0.024961242	0.014829445	-0.010236262	-0.07676114	0.043668948	0.0017812414	0.03025553	0.03575928	0.0142401215
-0.40733063	0.5153245	-0.5225883	-0.5460671	0.523978	0.47358483	0.50653476	-0.50143147	-0.56360936	-0.48137406	0.50891817	-0.48178533	0.52131194	-0.46425784	-0.5428532	-0.5400501
0.08171711	-0.09185628	0.07439649	0.08824811	-0.11908902	-0.1451792	-0.07490413	0.07589397	0.12031123	0.089450546	-0.08453755	0.084642045	-0.13331708	0.094658926	0.09764525	0.09238046
0.14672756	-0.055992685	0.026495423	-0.018798614	-0.066298276	-0.023769686	-0.092445254	-0.0035120938	0.053351726	-0.0012020151	-0.025936171	0.020499557	0.03202793	0.015691925	0.032702178	0.052544087
-0.010507448	0.005841722	0.00039002547	-0.049280804	0.07705829	0.04240838	-0.016974244	0.02399355	-0.01068193	-0.035588175	-0.003661876	-0.012645627	0.0053744055	-0.043628518	-0.07335661	-0.060975146
-0.4738621	0.5234579	-0.6066649	-0.51313066	0.577571	0.53744376	0.55392367	-0.5497696	-0.6065825	-0.5569336	0.5790249	-0.601193	0.5504711	-0.56323177	-0.5652595	-0.53290474
0.3692283	-0.29923335	0.34650123	0.30821988	-0.29685333	-0.35151425	-0.31964725	0.2756464	0.36856696	0.3237142	-0.35324448	0.33831382	-0.33319926	0.30263907	0.33955497	0.3146821
0.8123424	-0.8942286	0.82684916	0.8399416	-0.8928372	-0.8062262	-0.8561988	0.80025387	0.89929056	0.8469921	-0.8274009	0.83785766	-0.88524956	0.8958792	0.89481187	0.88386977
0.018548032	-0.02900804	-0.028760707	0.03393563	-0.051075652	-0.041800667	-0.026499068	0.02533899	0.026377195	-0.020604469	-0.060819745	-0.029669566	-0.054768953	0.03175033	-0.00707758	0.050819233
0.5077902	-0.48762113	0.6077087	0.5335598	-0.5559332	-0.55555046	-0.49828097	0.5324141	0.5332415	0.4932789	-0.481296	0.558969	-0.54020166	0.56482995	0.50151443	0.5369458
0.20057724	-0.21402296	0.2273823	0.14298213	-0.18673442	-0.18413264	-0.1611928	0.15990521	0.13486034	0.14153439	-0.17106389	0.15866533	-0.18395406	0.15022258	0.22395551	0.22221212
-0.21632487	0.2161673	-0.26880378	-0.2954146	0.27187005	0.28052676	0.20574936	-0.1949392	-0.21421383	-0.29207718	0.23771487	-0.22124518	0.22193684	-0.22611979	-0.29332998	-0.26530123
-0.15159686	0.11171275	-0.10911615	-0.124966554	0.10055902	0.073800914	0.16113429	-0.07099471	-0.08805914	-0.09407055	0.08240061	-0.15761577	0.061923776	-0.13790376	-0.084655315	-0.066830866
-0.23769645	0.32507157	-0.34712464	-0.35771963	0.3638129	0.33695763	0.32682025	-0.33911866	-0.30049637	-0.31596676	0.32034394	-0.27219245	0.29053754	-0.25762638	-0.31347126	-0.32735944
0.02466685	-0.01833831	8.0699785e-05	-0.003916803	0.038676705	-0.021274414	-0.03689082	-0.02645719	0.036891237	0.029133819	-0.034882687	-0.035865244	-0.0136051215	-0.033889588	-0.012370426	-0.040623832
-0.57350355	0.5620783	-0.5339035	-0.5703631	0.53048587	0.4965823	0.5055893	-0.544029	-0.51304895	-0.51021695	0.5546607	-0.5744992	0.5476629	-0.5432507	-0.4918264	-0.5093934
-0.17553817	0.22733426	-0.21216707	-0.21536294	0.21874878	0.21878488	0.2382714	-0.23512219	-0.215492	-0.20576197	0.18045512	-0.16933693	0.25739107	-0.2591817	-0.22881277	-0.26992676
0.10333357	-0.1586755	0.099055305	0.08004027	-0.1040456	-0.15920714	-0.15332887	0.119065024	0.10805663	0.11424064	-0.11458255	0.15665112	-0.14293803	0.12911053	0.091379344	0.09217335
-0.5225391	0.5731114	-0.5973994	-0.5973182	0.5985827	0.50441825	0.5379862	-0.58682853	-0.545475	-0.5979801	0.60420465	-0.5751051	0.56426746	-0.56275153	-0.54139036	-0.5371663
0.39771438	-0.36334944	0.39340255	0.33037585	-0.36929122	-0.38831848	-0.4031792	0.39243108	0.34316915	0.35937697	-0.34569663	0.40221453	-0.35632926	0.36121973	0.40122676	0.40311345
-0.2077627	0.2812075	-0.35743624	-0.34099135	0.35290796	0.30405557	0.33880308	-0.40134293	-0.3731108	-0.29283488	0.33236673	-0.34972736	0.30731332	-0.31489515	-0.2758002	-0.421224
-0.32379305	0.2920739	-0.28418297	-0.24660613	0.26106408	0.29712483	0.29930875	-0.24840385	-0.28105417	-0.32476455	0.28908587	-0.30162683	0.2804278	-0.30843166	-0.28087837	-0.25572944
0.28154644	-0.31122416	0.29012364	0.34144837	-0.33647966	-0.3696538	-0.34775504	0.363934	0.3390131	0.34854895	-0.30290505	0.30418205	-0.29090178	0.29845527	0.29891682	0.3506922
-0.12743539	0.081574395	-0.12215186	-0.09427852	0.12522958	0.045756277	0.07259954	-0.12550114	-0.045528498	-0.06952414	0.05079441	-0.10959336	0.103801325	-0.100289986	-0.030234426	-0.07354562
0.051945653	0.023584398	-0.02181704	0.009846718	0.022758469	-0.046595078	-0.044628818	0.018051123	0.04265506	-0.0016495049	0.007378733	-0.022155337	0.003583698	-0.043572553	-0.019329444	-0.014138685
-0.2677017	0.3178929	-0.30917537	-0.22267112	0.2713253	0.2818944	0.25155705	-0.30452594	-0.2732577	-0.241124	0.2720593	-0.3140723	0.2701497	-0.27081063	-0.2823209	-0.3318176
-0.7660408	0.7134908	-0.7716963	-0.75906664	0.7101719	0.73060167	0.71029085	-0.6837822	-0.7292358	-0.6864705	0.69495654	-0.69548243	0.6810559	-0.7307449	-0.73636216	-0.75398743
-0.11174301	0.043567777	-0.054410066	-0.085283004	0.13598415	0.098031744	0.14303389	-0.09967395	-0.13798156	-0.070686765	0.061367303	-0.12749816	0.11947445	-0.056774218	-0.13127634	-0.09288532
-0.22439642	0.18262647	-0.1995034	-0.19127694	0.1381877	0.14625616	0.17893486	-0.2258753	-0.23076032	-0.12638251	0.15830855	-0.123249106	0.15234742	-0.12463461	-0.1999869	-0.2299364
-0.06970083	0.029405968	-0.096186094	-0.09388271	0.080643624	0.006063709	0.10639552	-0.081424	-0.09903823	-0.018622335	0.124580264	-0.0773579	0.06259407	-0.012370693	-0.081581	-0.061608404
0.03329239	-0.04772167	0.09636102	0.009319189	-0.10439568	-0.088104226	-0.04967973	0.14449537	0.068117544	0.035565384	-0.046489358	0.10746458	-0.07503944	0.08835293	0.06053065	0.08155287
0.66249174	-0.64191324	0.6595586	0.6612347	-0.7048424	-0.7008031	-0.7136591	0.70665836	0.70953053	0.68817014	-0.6594077	0.66667175	-0.65594155	0.6987934	0.6322042	0.70823157
-0.70223624	0.691901	-0.77634984	-0.71002614	0.7383528	0.75013465	0.7279671	-0.7003188	-0.73615205	-0.69350576	0.75309324	-0.70940936	0.7181393	-0.765655	-0.7428342	-0.7199992
-0.40411094	0.37199834	-0.4212967	-0.30866757	0.36706188	0.38021	0.30636996	-0.41460976	-0.33515677	-0.3693685	0.37799424	-0.35863474	0.3083698	-0.4142477	-0.31851214	-0.3742179
-0.13006225	0.16357829	-0.24154061	-0.16871674	0.24188864	0.21632142	0.23485924	-0.2127409	-0.19759528	-0.24427223	0.16802077	-0.21738584	0.16131021	-0.21150132	-0.2149949	-0.21905635
-0.31082243	0.35205948	-0.4339312	-0.40028527	0.33490235	0.3912195	0.35658407	-0.3472585	-0.3608228	-0.40822026	0.39307708	-0.3406087	0.3611532	-0.35074103	-0.3772846	-0.38345137
0.6835707	-0.70475984	0.6540174	0.6998807	-0.62925005	-0.66996324	-0.6546428	0.6469299	0.65820646	0.66878533	-0.7037072	0.66217023	-0.6045841	0.66458094	0.6371036	0.70487183
0.051308047	-0.066475004	0.043841384	0.11530572	-0.07334546	-0.08449297	-0.096245095	0.07298835	0.06716109	0.04070999	-0.08346173	0.14205955	-0.11360691	0.11739882	0.12784246	0.113807775
-0.87576073	0.8925547	-0.93144655	-0.9022506	0.9056896	0.883054	0.966393	-0.9702771	-0.9551336	-0.9424838	0.91418236	-0.9256538	0.89394325	-0.8953534	-0.9581546	-0.93976593
-0.7565758	0.76819134	-0.7758248	-0.72557646	0.7703613	0.7557253	0.7026102	-0.7812068	-0.8285792	-0.72493356	0.74953467	-0.7918931	0.7357387	-0.7373136	-0.7113892	-0.7979526
-0.6049785	0.67822707	-0.69412225	-0.70075613	0.6637201	0.67125154	0.67428046	-0.6185228	-0.7020594	-0.6923876	0.69900006	-0.7230385	0.6265752	-0.66807073	-0.67135555	-0.67921484
0.5623432	-0.6769953	0.6120851	0.65575814	-0.72183734	-0.7192435	-0.63844043	0.72519916	0.7775659	0.7244267	-0.7322958	0.721398	-0.66156816	0.6968532	0.67262703	0.75003225
0.6002052	-0.6542203	0.6309734	0.66138154	-0.6635084	-0.6306469	-0.65743655	0.6326224	0.6736875	0.68965083	-0.69872075	0.60743356	-0.679799	0.6493306	0.63092905	0.6608481
-0.19911316	0.19095175	-0.22685452	-0.2147784	0.12520379	0.18063141	0.16010211	-0.14355548	-0.14512041	-0.13050346	0.18097106	-0.11780985	0.20597558	-0.14468588	-0.20111455	-0.20686667
-0.12941164	0.13437572	-0.14470524	-0.2065421	0.18852623	0.15584913	0.15104747	-0.18151993	-0.22631386	-0.1302669	0.20614828	-0.17609452	0.18839455	-0.14398555	-0.20993176	-0.1657519
-0.05359271	0.109874755	-0.086653255	-0.05136269	0.08656053	0.10768255	0.06668428	-0.036969	-0.106163755	-0.08957151	0.103811674	-0.11528455	0.06568801	-0.093015544	-0.053355385	-0.051890448
0.05303349	-0.050364166	0.048916493	0.085123345	-0.06705603	-0.0230489	-0.054571304	0.06538755	0.065416925	0.048211034	-0.0424436	0.043422226	-0.041705146	0.09732449	-0.00606772	0.07616452
0.51188064	-0.55720985	0.5759331	0.5329757	-0.6726467	-0.57907796	-0.5281731	0.57794315	0.6452132	0.5992388	-0.62445885	0.5709118	-0.5436704	0.551557	0.5670795	0.66664124
0.43384135	-0.4272097	0.44279525	0.41674486	-0.48905027	-0.44518185	-0.44912603	0.3984567	0.40925056	0.4827847	-0.39331973	0.45310712	-0.4397205	0.40079868	0.44059697	0.4389568
-0.7546283	0.71327144	-0.7355644	-0.7031066	0.7745051	0.7582157	0.7849239	-0.7308324	-0.7686231	-0.74861777	0.76157063	-0.7326471	0.7576423	-0.7904619	-0.70127195	-0.8329777
0.8240075	-0.90077686	0.87243843	0.85631335	-0.9295791	-0.93049616	-0.945044	0.8217592	0.9023265	0.91938305	-0.85547745	0.94555014	-0.84076947	0.9130295	0.90832216	0.97665864
0.023434326	-0.09635062	0.026258392	0.07472858	-0.07826249	-0.033110607	-0.041449685	0.009794629	0.10022513	0.10181614	-0.07789047	0.09432684	-0.06743221	0.09934044	0.049871046	0.09180981
-0.8428845	0.8789806	-0.8448907	-0.90142924	0.9217489	0.88554126	0.833244	-0.8997106	-0.90609264	-0.914415	0.8574525	-0.93946034	0.8262028	-0.9207129	-0.8295378	-0.9025464
-0.4016414	0.44356886	-0.3817628	-0.35418332	0.42965758	0.39116234	0.44086066	-0.33807567	-0.4654706	-0.39786154	0.37753242	-0.39595464	0.40837857	-0.40036058	-0.43145522	-0.40826845
0.47731313	-0.65474945	0.55316126	0.619897	-0.64353037	-0.54438484	-0.6142867	0.56047004	0.7077363	0.60804576	-0.59736615	0.6452898	-0.6062481	0.6046982	0.6127642	0.70624775
0.6867551	-0.741494	0.70546234	0.7227515	-0.75406134	-0.6722452	-0.66345346	0.688441	0.7237507	0.6991468	-0.7448886	0.66960734	-0.7332456	0.70092136	0.7132892	0.7298864
-0.059497245	-0.028502282	0.0180171	0.07098562	-0.0011011934	-0.030726625	-0.038811978	0.035787582	-0.019895172	0.051069826	-0.060534578	-0.005768593	-0.024890296	0.026202908	0.029921267	0.01339911
0.7629647	-0.7392358	0.75936574	0.6819672	-0.73318595	-0.74559176	-0.78041726	0.67254996	0.7998315	0.754004	-0.74292046	0.7374484	-0.69489235	0.6919198	0.77259946	0.715425
0.55058104	-0.6288235	0.58971345	0.5654496	-0.6139236	-0.6017456	-0.5603363	0.5766457	0.56773424	0.6259248	-0.5638711	0.5873807	-0.603148	0.5678998	0.6162451	0.6221216
-0.012031582	0.067865886	-0.03414679	-0.04036959	0.07635011	-0.009144241	0.09061987	-0.0012760069	-0.093643926	-0.050440922	0.08999342	-0.041685626	0.046337284	-0.07962035	-0.025550738	-0.078713626
0.08766444	-0.07528284	0.1606323	0.059403114	-0.12658629	-0.15819411	-0.14358243	0.110548176	0.13986039	0.09276378	-0.1416175	0.12165445	-0.15018979	0.08203574	0.11464784	0.11937089
-0.69114995	0.76310223	-0.79551655	-0.8086005	0.7698019	0.7251149	0.8033013	-0.7716548	-0.8143714	-0.80986243	0.8166599	-0.77131754	0.80484253	-0.7932445	-0.72934985	-0.8477051
-0.2760295	0.36419237	-0.32826835	-0.3196407	0.32313797	0.30656642	0.3772197	-0.3334698	-0.33235237	-0.3445605	0.35779333	-0.31889114	0.395365	-0.33791786	-0.3340164	-0.39179468
-0.70759606	0.78006965	-0.81234425	-0.77899766	0.8642567	0.7756849	0.8233839	-0.8347116	-0.8451203	-0.8478179	0.8019293	-0.86243063	0.8049123	-0.7894683	-0.8461864	-0.8637877
0.7296759	-0.6984608	0.75991565	0.7278613	-0.75672734	-0.697112	-0.7026823	0.73103684	0.7453719	0.69599855	-0.7354289	0.72365004	-0.76280016	0.74266225	0.74697834	0.7724901
-0.37456173	0.39373243	-0.46890816	-0.4666979	0.48542452	0.46417567	0.3964199	-0.38417187	-0.44563094	-0.46305686	0.42529106	-0.46696112	0.39322135	-0.47705737	-0.47135293	-0.42274693
0.3362992	-0.30525222	0.31198263	0.3570834	-0.34620577	-0.32210317	-0.32715392	0.28407514	0.34475195	0.32902142	-0.3831895	0.31082818	-0.3058362	0.37101135	0.36556995	0.38844383
-0.24479586	0.21684283	-0.22458385	-0.19581456	0.26158178	0.20682667	0.19496967	-0.291038	-0.2299399	-0.2491896	0.2469567	-0.2018714	0.26792338	-0.22879991	-0.27540317	-0.23460613
0.25276068	-0.225301	0.23580521	0.24584608	-0.25202578	-0.28127238	-0.21697359	0.20542896	0.26708025	0.2479955	-0.3038058	0.27162454	-0.29857582	0.25050485	0.29413578	0.23994511
0.41336146	-0.33807117	0.28841376	0.33343866	-0.35031527	-0.31798863	-0.3578498	0.29995993	0.33662677	0.36253288	-0.28733543	0.33432752	-0.29039925	0.3680858	0.37897766	0.346514
-0.39649996	0.44107363	-0.3890974	-0.4552822	0.5153376	0.43905455	0.4479066	-0.4488204	-0.45840958	-0.4324911	0.46645835	-0.5121228	0.43806472	-0.44587103	-0.44033864	-0.5146801
-0.81248343	0.8667047	-0.8501283	-0.8247864	0.8822323	0.8282667	0.86287785	-0.8317514	-0.83154225	-0.8457637	0.8555568	-0.79504496	0.81084394	-0.83523947	-0.79511195	-0.88711363
-0.14162104	0.115555175	-0.1376933	-0.06454742	0.034847133	0.09271986	0.08252611	-0.0953597	-0.06191529	-0.08269804	0.046534926	-0.038277756	0.06412083	-0.040328927	-0.07237015	-0.05574677
-0.25975913	0.26985437	-0.29514104	-0.3173344	0.30341724	0.30905637	0.31318477	-0.26888362	-0.25906202	-0.2988562	0.24084488	-0.2542032	0.22170037	-0.3148783	-0.29671085	-0.26102594
0.49475828	-0.4636764	0.44630194	0.5108885	-0.51962465	-0.46667525	-0.4781398	0.47511187	0.4730631	0.43368518	-0.4926654	0.5094817	-0.42485264	0.43003124	0.46359494	0.5150381
0.68385184	-0.75204605	0.75725776	0.753076	-0.76553726	-0.70473725	-0.70023805	0.7438474	0.8164789	0.79930437	-0.7786854	0.783928	-0.75591075	0.73834974	0.74363613	0.80875283
-0.843104	0.9013375	-0.83125204	-0.8416683	0.8516818	0.80913234	0.8008046	-0.8919077	-0.93534815	-0.8812045	0.89384836	-0.9002605	0.83820784	-0.82043827	-0.8326611	-0.9165704
-0.24163169	0.25997406	-0.21490872	-0.25774252	0.22882684	0.21283662	0.27281195	-0.2439429	-0.30508512	-0.23242633	0.23773962	-0.22749977	0.22378346	-0.26188895	-0.18835308	-0.20369981
-0.7651762	0.7841992	-0.8512148	-0.8448083	0.80129087	0.83129734	0.8038505	-0.8103918	-0.89156973	-0.8429909	0.7800909	-0.8378492	0.8228669	-0.8381612	-0.7697745	-0.8663997
-0.3984907	0.4968565	-0.49048448	-0.43733373	0.48883486	0.5056721	0.4637195	-0.5005357	-0.5449751	-0.48792621	0.46299002	-0.45586547	0.4792085	-0.4535159	-0.48068178	-0.44806325
-0.5564006	0.62096936	-0.65818906	-0.59317636	0.6421358	0.58869505	0.54961085	-0.6116392	-0.67233765	-0.5545392	0.54887635	-0.6233032	0.5899922	-0.58613956	-0.605554	-0.6008796
-0.76354957	0.7268685	-0.69756097	-0.7216357	0.809662	0.7365338	0.807683	-0.78468657	-0.81467164	-0.7243053	0.816527	-0.7766454	0.752108	-0.7554602	-0.7916246	-0.8096313
-0.8169107	0.8833179	-0.85311264	-0.87574756	0.92239755	0.85339	0.8726753	-0.8077166	-0.88726896	-0.90069383	0.90091866	-0.8350456	0.82343185	-0.82627434	-0.8128561	-0.8615482
0.655962	-0.7531581	0.66883266	0.71487916	-0.7533022	-0.72714806	-0.74744034	0.75637823	0.77278256	0.7210491	-0.69980013	0.6912638	-0.7648077	0.7547653	0.68862426	0.7258358
-0.3967622	0.4923858	-0.53523386	-0.4829552	0.55114204	0.5331053	0.45473558	-0.48163	-0.50579697	-0.4649429	0.5183475	-0.5542684	0.5602143	-0.49280548	-0.4588617	-0.52206594
-0.6271892	0.74892795	-0.7476079	-0.6965872	0.6773386	0.66426873	0.6445564	-0.6993881	-0.7144987	-0.73038715	0.66911596	-0.7099577	0.7047455	-0.6802745	-0.7337337	-0.76414156
0.6815069	-0.6521	0.6981716	0.64315236	-0.6562699	-0.6662135	-0.6776258	0.6292678	0.6673503	0.6672793	-0.7084883	0.6899391	-0.61111677	0.6351113	0.6710356	0.6750578
-0.6070514	0.68668294	-0.63882846	-0.7116096	0.63636255	0.67683375	0.7050115	-0.61994684	-0.6666068	-0.6524653	0.7045217	-0.7326242	0.6352022	-0.6894375	-0.6462926	-0.701847
0.49789986	-0.4535418	0.49775773	0.44520417	-0.4951888	-0.46775728	-0.46322492	0.4412477	0.50831413	0.44075894	-0.45516348	0.4802691	-0.45160937	0.4723526	0.44397148	0.48547083
0.43200463	-0.5439903	0.502547	0.53703177	-0.6340162	-0.49294722	-0.5592584	0.52712256	0.61938435	0.5580277	-0.6097954	0.5304348	-0.5575783	0.53379023	0.54550505	0.5911608
-0.29234895	0.4322949	-0.45924184	-0.40021864	0.45326057	0.40342557	0.341199	-0.42570153	-0.44419095	-0.4128807	0.47672722	-0.44204062	0.41266277	-0.37784073	-0.3675683	-0.47131985
-0.034570277	-0.020831618	-0.013013188	0.004011665	-0.015179079	0.018749004	0.007553514	0.042523526	0.04669552	0.022168033	-0.05708051	-0.018053293	-0.045894925	0.03876169	-0.009156516	0.048687257
-0.48570153	0.49623644	-0.56829125	-0.5524115	0.5215981	0.47595903	0.5587118	-0.5227217	-0.5137295	-0.5314207	0.5241429	-0.51185507	0.53907144	-0.52202874	-0.5161831	-0.5412181
-0.32605958	0.30202913	-0.36497357	-0.25644916	0.25808197	0.29587284	0.3346313	-0.26021016	-0.27503222	-0.3038247	0.336062	-0.26574814	0.3397082	-0.29331145	-0.27628207	-0.27197963
-0.25507948	0.27531955	-0.2766462	-0.2757871	0.280294	0.20432696	0.24049659	-0.25983152	-0.26382238	-0.22729927	0.23959625	-0.2030434	0.26132643	-0.24547833	-0.27718455	-0.23134692
0.69098455	-0.6824554	0.72445923	0.6939528	-0.72797024	-0.6790329	-0.6830966	0.67313606	0.7171285	0.71270776	-0.74905115	0.7507883	-0.6814367	0.6838484	0.6784005	0.6893421
0.64024603	-0.6591411	0.6500921	0.6928254	-0.6235675	-0.63257486	-0.5970157	0.644908	0.72371763	0.61165744	-0.6508706	0.69705755	-0.6156684	0.6447463	0.61530834	0.67433226
0.048887398	-0.024072748	0.073993616	0.033288844	-0.036920644	-0.02986297	-0.10522088	0.10580362	0.045597743	0.09004518	-0.061831497	0.05156803	-0.033047512	0.09706842	0.0655075	0.01584086
0.7600689	-0.7845227	0.7995572	0.7567265	-0.7944754	-0.82117206	-0.79388964	0.797558	0.8150698	0.7729349	-0.7527919	0.7827837	-0.76987183	0.78725624	0.7565053	0.8092958
0.2812854	-0.36570114	0.30724227	0.29993013	-0.2812766	-0.32712978	-0.3366539	0.28561386	0.2924389	0.29978722	-0.3228823	0.29011646	-0.33113122	0.33570665	0.31685078	0.2780211
0.6467071	-0.7399344	0.71632373	0.7446196	-0.70253444	-0.6823277	-0.7273676	0.69005924	0.7120908	0.73047197	-0.6606833	0.7248497	-0.7110745	0.7297843	0.73597544	0.7418641
0.7789335	-0.70103025	0.7935222	0.722609	-0.73509824	-0.69920415	-0.75478166	0.7872207	0.7928672	0.70277107	-0.7160739	0.79973143	-0.71264285	0.79845905	0.76422644	0.79753494
-0.19970326	0.3338576	-0.2796141	-0.29094875	0.2780359	0.2555185	0.27332106	-0.27754134	-0.2727863	-0.28782868	0.3035238	-0.27753398	0.32625535	-0.25088945	-0.31880984	-0.28927562
0.27064788	-0.2873583	0.33115283	0.28149223	-0.24898681	-0.32198706	-0.25364423	0.29123563	0.28414762	0.2632258	-0.28761616	0.29209703	-0.33047456	0.27600974	0.31874165	0.24803302
0.28963196	-0.26537725	0.24744006	0.23425627	-0.31475854	-0.29892498	-0.2521499	0.2635726	0.281137	0.27037218	-0.3191258	0.2563586	-0.27125546	0.28095797	0.2510378	0.24781618
-0.39047593	0.3584817	-0.40472674	-0.35078713	0.4389887	0.4241179	0.41765243	-0.36845583	-0.4197399	-0.4044443	0.4452475	-0.427682	0.4428043	-0.3609408	-0.41786927	-0.36863345
0.3406143	-0.39241803	0.30246943	0.39608133	-0.40124276	-0.30692035	-0.36550063	0.2920638	0.40107873	0.33317718	-0.3585081	0.39346695	-0.30778795	0.3367308	0.37089595	0.3541687
-0.4539778	0.6779017	-0.6803666	-0.6275757	0.7247685	0.62335384	0.6205859	-0.63098776	-0.7173746	-0.65034634	0.668733	-0.6427879	0.637917	-0.60447276	-0.62364495	-0.66306615
-0.37607017	0.394565	-0.44009498	-0.39429754	0.38497162	0.39796367	0.42051497	-0.43067536	-0.39120248	-0.42638665	0.4178979	-0.37798068	0.4191737	-0.46059176	-0.39210752	-0.46197215
-0.045895424	0.08985161	-0.0620532	-0.05346265	0.09339978	0.09171363	0.026810749	-0.1282981	-0.06916751	-0.08065101	0.10318783	-0.096949115	0.01583875	-0.101644814	-0.092287965	-0.0990766
0.07754975	-0.097182184	0.13464402	0.14833947	-0.12104115	-0.16211866	-0.07612571	0.07584999	0.08559634	0.08046714	-0.06376462	0.11364604	-0.08650447	0.14723887	0.090755835	0.15678261
-0.22715338	0.24208115	-0.28435096	-0.23965006	0.28725713	0.29400948	0.28056535	-0.31526208	-0.3128828	-0.31903234	0.26219228	-0.33539867	0.30309442	-0.3049174	-0.24227645	-0.2856816
-0.13831657	0.11044403	-0.09965612	-0.091519356	0.08098452	0.12100787	0.123659186	-0.16503051	-0.07287274	-0.079185806	0.066687636	-0.12283744	0.12311736	-0.12484073	-0.12355792	-0.14474884
0.7981745	-0.7766614	0.7995301	0.83806276	-0.773883	-0.7731513	-0.7943497	0.74493396	0.8191929	0.8374856	-0.7717893	0.8356507	-0.7975591	0.7610961	0.7457503	0.77353936
-0.17670083	0.19692415	-0.20365134	-0.21524478	0.19742562	0.15954277	0.15982227	-0.20141664	-0.22810827	-0.16271877	0.2152697	-0.15586756	0.17786926	-0.20415524	-0.15201952	-0.1900383
0.44583544	-0.46148524	0.4242957	0.4791327	-0.48516122	-0.4195311	-0.47464514	0.46909508	0.4827651	0.4333357	-0.49080786	0.49244478	-0.37798405	0.44013083	0.45287752	0.44062188
-0.018995393	0.0019133409	-0.06258623	0.0027628168	0.004240134	-0.023704747	0.00974186	0.018462209	-0.035897337	-0.019531222	-0.030294333	0.012830357	0.032236237	-0.031946957	-0.0065485267	0.025452685
0.83508545	-0.801957	0.823851	0.82752526	-0.7888986	-0.8490298	-0.81716686	0.8195372	0.85816175	0.8646527	-0.7819618	0.8830775	-0.78084475	0.81124264	0.8542393	0.8767046
-0.040186368	0.05107737	-0.0069898902	-0.050450493	0.062084235	0.03071485	0.045409888	-0.02117089	-0.0061064847	-0.0058850423	-0.03152959	0.00042100195	0.015749777	-0.036958106	-0.02469485	-0.014304417
0.85767	-0.8154675	0.85975355	0.84897476	-0.88704115	-0.85989076	-0.8294364	0.80602825	0.8702635	0.8986865	-0.87812585	0.8948287	-0.8344879	0.9129634	0.84741354	0.90202206
-0.3213032	0.27497852	-0.34574896	-0.30750215	0.2705034	0.26031104	0.2936619	-0.26585883	-0.28992146	-0.24509636	0.26012805	-0.21625109	0.24020195	-0.30904853	-0.27370867	-0.21961898
-0.68051535	0.72029567	-0.75359195	-0.67963654	0.7026247	0.71426374	0.6960462	-0.70471966	-0.7147506	-0.74639714	0.69624484	-0.6588925	0.6595271	-0.738625	-0.7356417	-0.69985193
-0.078775704	0.12172892	-0.08697169	-0.055610538	0.093858674	0.055719104	0.12612538	-0.121848196	-0.10922089	-0.090317056	0.09832944	-0.050734058	0.064198226	-0.05586408	-0.10322401	-0.052431207
-0.5399055	0.6532333	-0.64355433	-0.57465494	0.59323215	0.62771416	0.6114532	-0.59683985	-0.61857766	-0.66731787	0.5838661	-0.6452389	0.6314427	-0.6231668	-0.6359515	-0.6373737
0.22457542	-0.33313003	0.22475697	0.25555205	-0.28943062	-0.23796019	-0.2397245	0.2521959	0.2813309	0.30985883	-0.23577714	0.24650314	-0.29113433	0.3046716	0.24045382	0.28010023
-0.59814984	0.65447575	-0.680786	-0.65881354	0.67863166	0.62514293	0.6598881	-0.6107843	-0.65581954	-0.6402059	0.60268235	-0.6127701	0.6430155	-0.6506516	-0.6035114	-0.6937708
-0.0882558	0.14842375	-0.18412817	-0.15813528	0.12864606	0.10446559	0.1675697	-0.15938061	-0.17272545	-0.17994575	0.09158283	-0.18171328	0.14346294	-0.17026322	-0.17831959	-0.11713586
0.7159124	-0.8168631	0.7680455	0.7334529	-0.7449919	-0.77519596	-0.81793857	0.79595226	0.7740301	0.8215199	-0.7513873	0.7331927	-0.77672946	0.7731885	0.7551403	0.81218153
-0.4040165	0.6418683	-0.6708644	-0.59879386	0.6637557	0.52979153	0.53266776	-0.6781746	-0.6738485	-0.60483634	0.61209327	-0.6643939	0.6092101	-0.55917764	-0.6188612	-0.6984393
0.58038855	-0.67255116	0.61227924	0.6118041	-0.62738264	-0.66979814	-0.6458658	0.63566613	0.6367053	0.65766823	-0.6424475	0.64735144	-0.67991483	0.60685927	0.6209289	0.636749
-0.20884067	0.12775263	-0.20514946	-0.16738886	0.13961394	0.14868027	0.20473272	-0.18236618	-0.10991987	-0.20905706	0.12103332	-0.15795074	0.15059505	-0.22533716	-0.15823287	-0.13485448
-0.26193616	0.21527566	-0.21287414	-0.23026538	0.17118949	0.27220932	0.19492717	-0.20585828	-0.20913103	-0.25186345	0.18330206	-0.18228912	0.18984388	-0.22423294	-0.194031	-0.18020652
0.9112347	-0.93538964	0.9299347	0.8678414	-0.9476918	-0.93577397	-0.93600863	0.92684907	1.014485	0.90169495	-0.9356798	0.90376914	-0.88003606	0.90365446	0.9191195	0.98881114
-0.91880834	0.8966048	-0.9729566	-0.9107171	0.89432234	0.87976885	0.8759769	-0.8778739	-0.9625005	-0.941389	0.9574419	-0.94724184	0.92903864	-0.9248666	-0.8781831	-0.92906654
-0.83215106	0.84016067	-0.8572651	-0.91898793	0.85365206	0.8764668	0.824019	-0.9083872	-0.9653973	-0.90114427	0.85651296	-0.8599096	0.89463055	-0.8331144	-0.86894906	-0.8795517
0.63673955	-0.7220179	0.64676684	0.6704359	-0.6915594	-0.73994416	-0.7056858	0.6844265	0.7593318	0.7422087	-0.7396823	0.74214804	-0.6974413	0.6656935	0.7275354	0.76368034
-0.4009377	0.6318262	-0.68006545	-0.62317806	0.65716577	0.5363697	0.5915011	-0.7086145	-0.77503616	-0.6412912	0.6863282	-0.6633249	0.7153215	-0.5867594	-0.5882514	-0.7656818
-0.23276879	0.23176986	-0.26692447	-0.25065157	0.27114365	0.28671423	0.21032035	-0.20153025	-0.29644108	-0.25483847	0.29322034	-0.30892715	0.28865167	-0.23861018	-0.25293288	-0.25365332
-0.61639756	0.73693967	-0.7357423	-0.7556947	0.75870705	0.70576596	0.73929375	-0.7546334	-0.77462834	-0.72915334	0.7041994	-0.75530636	0.74094397	-0.77998656	-0.75651264	-0.79185665
0.0251399	-0.00045095128	0.02975694	-0.016612768	0.043181174	0.023823377	0.022578433	0.06569677	0.025272181	0.0075746183	-0.019114949	-0.02462742	-0.0003631199	-0.027873334	-0.009899672	-0.050729275
0.51510763	-0.44384477	0.53680855	0.5210762	-0.4388101	-0.47588357	-0.44842005	0.5063458	0.4678431	0.4840234	-0.47053647	0.48537317	-0.48554736	0.48982772	0.4876939	0.48222777
-0.75911057	0.81077343	-0.7689064	-0.80909944	0.8073441	0.7658971	0.72290707	-0.7765427	-0.8042695	-0.71542597	0.7500272	-0.7972694	0.73435354	-0.75518405	-0.7384712	-0.81043106
-0.19339108	0.2540396	-0.28138503	-0.29016453	0.21569681	0.22449678	0.27453902	-0.24921043	-0.2669879	-0.22453395	0.23431449	-0.24032637	0.2968957	-0.20878746	-0.20528089	-0.27595174
0.47569707	-0.44432905	0.48651072	0.5092852	-0.49585325	-0.43863544	-0.46952277	0.45388067	0.4639425	0.52643305	-0.47957674	0.5084925	-0.42126432	0.47962236	0.44789553	0.4827556
-0.69491804	0.70818436	-0.7330417	-0.71265113	0.76524544	0.6923371	0.7395685	-0.69672894	-0.7614677	-0.7663079	0.76533717	-0.7660572	0.7275147	-0.71108216	-0.6613324	-0.7566577
0.2758635	-0.29086605	0.26477367	0.30480745	-0.31005043	-0.31420532	-0.33305123	0.27261037	0.30164316	0.34257147	-0.25934988	0.26438573	-0.25093338	0.33878842	0.30474505	0.3507724
0.080317594	-0.045296	0.015953427	0.079874024	-0.028193127	-0.084043376	-0.09700742	0.036319267	0.10671932	0.107927285	-0.0787202	0.077744186	-0.05935064	0.102081746	0.05012813	0.08717258
-0.6944332	0.79386264	-0.7575312	-0.78044486	0.7724678	0.76641786	0.7556786	-0.79282665	-0.85471505	-0.8252222	0.79439586	-0.79654753	0.80802053	-0.8195329	-0.79277724	-0.82724756
-0.51993144	0.6229911	-0.66314226	-0.66330564	0.6385802	0.6159503	0.6423413	-0.69208616	-0.73327947	-0.62507784	0.6243152	-0.62851316	0.5842151	-0.6254408	-0.60900795	-0.66519505
-0.64017767	0.67935455	-0.729952	-0.7157313	0.7210464	0.74888676	0.6887715	-0.65838295	-0.75953764	-0.66511816	0.70177823	-0.7093159	0.6876112	-0.74956524	-0.6613789	-0.754964
-0.002021439	0.46791503	-0.5694755	-0.60872376	0.70348555	0.28177303	0.34873107	-0.6385675	-0.7678844	-0.46351033	0.61509174	-0.721998	0.6669062	-0.5540267	-0.4949684	-0.7058467
0.4863454	-0.53602934	0.591971	0.5362298	-0.5804227	-0.5963362	-0.5195767	0.5359913	0.6132474	0.568092	-0.63177544	0.56515354	-0.51711416	0.5892915	0.56379503	0.5999224
-0.5471097	0.46727028	-0.62057847	-0.53865385	0.5035504	0.56418526	0.5101458	-0.54363793	-0.5195003	-0.5148923	0.49997905	-0.47405556	0.4890989	-0.5410795	-0.50216705	-0.52645105
0.13158685	-0.18634182	0.03732151	0.12775026	-0.12096715	-0.20453084	-0.1634308	0.024269301	0.15986079	0.15542634	-0.099302106	0.07978582	-0.054648556	0.08689766	0.12097621	0.11603052
0.5472155	-0.58486575	0.6166592	0.5995511	-0.65784806	-0.65293723	-0.5683321	0.5452032	0.7159829	0.61757374	-0.6016348	0.6510316	-0.5688156	0.58010113	0.57993364	0.69363105
0.16397034	-0.19663593	0.17211534	0.15840346	-0.1437647	-0.1864012	-0.20659748	0.16731812	0.15679233	0.1880264	-0.16944213	0.21339922	-0.17950614	0.16208285	0.13538387	0.2182951
0.40538448	-0.4150654	0.3452571	0.36317846	-0.3322035	-0.4042308	-0.3939309	0.36859536	0.3614787	0.41767415	-0.3532339	0.34238803	-0.3837978	0.33003712	0.3306763	0.37383264
0.32836574	-0.2609569	0.31218067	0.281033	-0.27981514	-0.24072361	-0.26446784	0.29208222	0.30973178	0.29130423	-0.27974805	0.30137774	-0.21826911	0.27836588	0.26330447	0.2624804
0.17482522	-0.18985704	0.13252419	0.15952426	-0.1627382	-0.12577367	-0.21202826	0.14044102	0.16483721	0.15194438	-0.18928188	0.2159416	-0.19107088	0.15593114	0.13051096	0.15906508
0.6878711	-0.6701422	0.7320397	0.6857191	-0.7208069	-0.6814018	-0.7194563	0.6607627	0.7767193	0.7505772	-0.7308222	0.76866823	-0.64850074	0.66379434	0.68539417	0.7476535
-0.1835374	0.2867314	-0.33179775	-0.35878387	0.36655822	0.2405942	0.3292051	-0.37957734	-0.3933388	-0.33691168	0.28360757	-0.30505762	0.32558268	-0.35120192	-0.36544496	-0.318791
0.68720824	-0.7871736	0.6979433	0.74447536	-0.77296466	-0.7384524	-0.802102	0.7896476	0.8573682	0.79690725	-0.7984757	0.8035618	-0.73425627	0.8097237	0.73777014	0.8758033
0.2719925	-0.33695912	0.279635	0.2627753	-0.27826723	-0.22501828	-0.26553586	0.2923927	0.29249302	0.26497403	-0.29315236	0.3033462	-0.2271129	0.2604018	0.24623483	0.24347767
0.056644816	-0.051890995	0.08524992	0.14013186	-0.12856428	-0.078707874	-0.13433695	0.06853883	0.09253474	0.066589735	-0.056652896	0.090889305	-0.11060714	0.111311965	0.04584012	0.15309075
-0.23420294	0.22113433	-0.1796519	-0.19095352	0.19222772	0.23613371	0.18536142	-0.21635336	-0.21953243	-0.19401151	0.172095	-0.2061817	0.17795292	-0.20699002	-0.17968987	-0.19275007
-0.5992209	0.5965302	-0.56412387	-0.62419593	0.6733915	0.6222881	0.5650905	-0.5586905	-0.6825846	-0.63248277	0.6611646	-0.64996296	0.58384967	-0.5808669	-0.62819326	-0.66625077
-0.63672096	0.5554024	-0.58104825	-0.5734788	0.6389097	0.5637163	0.60914916	-0.6088515	-0.6533061	-0.58910114	0.5908442	-0.6324077	0.5647319	-0.63927716	-0.545058	-0.587931
0.54026544	-0.6207524	0.5575649	0.5274083	-0.62210023	-0.56193477	-0.6306962	0.51411444	0.69747984	0.59026474	-0.6098631	0.6362116	-0.59911066	0.6335774	0.5511114	0.61747503
-0.25753745	0.33790866	-0.3442271	-0.247304	0.314477	0.27871934	0.33277452	-0.33209628	-0.34722692	-0.2742971	0.2670182	-0.3169825	0.28011918	-0.35992298	-0.3207916	-0.3253586
-0.34617686	0.47829396	-0.461141	-0.41242993	0.4277455	0.39592317	0.4249257	-0.49245045	-0.4503162	-0.46247497	0.4044108	-0.45471102	0.46153808	-0.42691594	-0.40090448	-0.46407247
0.9075878	-0.93386257	0.9390872	0.85688895	-0.9512456	-0.86535394	-0.855717	0.90314376	0.9053248	0.9048723	-0.88165915	0.91308606	-0.83838516	0.9419934	0.9241071	0.93045336
-0.27389467	0.32478335	-0.3044073	-0.31090003	0.29019022	0.24405845	0.25371778	-0.32217053	-0.27891868	-0.29178652	0.32030714	-0.2599022	0.29403457	-0.3112638	-0.287059	-0.27223098
-0.6424945	0.6988787	-0.6673472	-0.6835415	0.6201147	0.6541402	0.6595946	-0.6905376	-0.6488973	-0.6750399	0.6488341	-0.6976355	0.68401784	-0.6332388	-0.5948378	-0.6747906
0.20686235	-0.20591785	0.18692498	0.17850061	-0.24670735	-0.17121252	-0.20528156	0.21063076	0.29019445	0.2095778	-0.21586338	0.21893746	-0.21618223	0.23051104	0.20457871	0.23317905
-0.08287644	0.084753975	-0.08412929	-0.084476255	0.07605581	0.10939918	0.08380048	-0.09905579	-0.1503463	-0.14915998	0.10383962	-0.08971169	0.16969362	-0.08337483	-0.12483361	-0.15051325
0.29794124	-0.19755116	0.2525425	0.18160473	-0.2662802	-0.24908027	-0.22862402	0.24671952	0.20790572	0.22043872	-0.23028265	0.2381413	-0.15113978	0.21596807	0.240156	0.22029962
0.008823634	0.019949256	-0.07857553	-0.095908076	0.13271828	0.041337308	0.05839814	-0.09023532	-0.09255669	-0.1028494	0.09407884	-0.09273746	0.11933439	-0.04840626	-0.118862495	-0.07962096
0.39408612	-0.52629936	0.5515623	0.52886784	-0.5510031	-0.52316916	-0.49500304	0.48175707	0.6700896	0.5322234	-0.552552	0.5320382	-0.49885002	0.5568421	0.55211604	0.59602153
0.56404644	-0.5380434	0.5292272	0.48874742	-0.48593175	-0.49318328	-0.48920974	0.50081474	0.49773243	0.5262677	-0.5183424	0.5413594	-0.54108346	0.5131026	0.50700593	0.5021888
-0.5584877	0.67906797	-0.7311537	-0.71593606	0.6527382	0.6430173	0.5884722	-0.6275825	-0.79381007	-0.7012315	0.673381	-0.72647	0.6695904	-0.6494364	-0.68530643	-0.67164034
0.09434634	-0.034637444	0.031135824	-0.0050704503	-0.046990123	-0.083459504	-0.063862495	0.042516828	0.07460084	0.05474107	-0.048560303	0.014369507	-0.01474078	-0.00063332997	0.074667096	0.014609092
-0.25489798	0.24258481	-0.2566771	-0.27866974	0.23141757	0.1988427	0.19048333	-0.2085118	-0.31199887	-0.2796451	0.23479843	-0.2522348	0.23300672	-0.19775432	-0.24979632	-0.22003393
-0.07394265	0.033296123	-0.034024965	-0.124119356	0.098853044	0.041255906	0.042603765	-0.08409098	-0.09591218	-0.11174597	0.08594212	-0.101142764	0.056324493	-0.10968206	-0.06842968	-0.07127255
-0.512064	0.51156056	-0.53096414	-0.45153362	0.5007111	0.4790818	0.50364625	-0.4892311	-0.5011963	-0.51372874	0.49764663	-0.47223383	0.5100486	-0.51251525	-0.5233275	-0.49003518
-0.4883415	0.60207695	-0.59686583	-0.638459	0.62651265	0.6006154	0.63644934	-0.6555721	-0.7391268	-0.68667847	0.6872092	-0.6312222	0.6690113	-0.6574511	-0.6787855	-0.6802131
-0.19104756	0.16971923	-0.20850204	-0.1618047	0.1576347	0.24575487	0.16960149	-0.21031839	-0.19851872	-0.22417368	0.1681184	-0.1816916	0.13995327	-0.18158431	-0.18548319	-0.157889
-0.51071644	0.5925096	-0.5819957	-0.5591149	0.6174121	0.57030475	0.56938976	-0.5564354	-0.64435506	-0.631129	0.57889485	-0.5575946	0.5781399	-0.5900515	-0.55996907	-0.6248064
0.67158115	-0.71126986	0.6653646	0.72436386	-0.7607368	-0.6918827	-0.73533255	0.7131418	0.7165476	0.71973693	-0.77168363	0.74549264	-0.67581433	0.71696836	0.6861393	0.7422496
-0.5256161	0.53751874	-0.5550127	-0.47361606	0.47916278	0.55946726	0.4686704	-0.57776546	-0.54815567	-0.51147467	0.5230925	-0.49632153	0.49425626	-0.5691975	-0.5092087	-0.51401216
-0.57691634	0.54574347	-0.57646984	-0.51747084	0.58872896	0.5702797	0.5355877	-0.5617622	-0.53813726	-0.5241134	0.5885943	-0.53823406	0.50857794	-0.5041328	-0.5518335	-0.60493135
0.7396158	-0.80741966	0.79688	0.80187607	-0.77789307	-0.84225315	-0.784477	0.74080914	0.8450098	0.85992175	-0.81409526	0.7756456	-0.7531143	0.82633424	0.8011466	0.8598725
-0.5952976	0.723833	-0.7609891	-0.7436316	0.7568472	0.72112936	0.70748246	-0.667149	-0.7716045	-0.7154992	0.7402142	-0.74579847	0.7257504	-0.7455097	-0.7238652	-0.75510603
0.55470276	-0.57487583	0.6178683	0.5936904	-0.6273659	-0.56664574	-0.5591624	0.5301026	0.63093704	0.6129229	-0.5605262	0.58686864	-0.57194483	0.62210685	0.5452624	0.61397934
0.6613244	-0.67848635	0.63237196	0.69527066	-0.6304341	-0.6369333	-0.67474246	0.6257537	0.6873102	0.64229876	-0.67475617	0.6546146	-0.70539	0.6374552	0.7006355	0.71197075
-0.0890426	0.033250492	-0.12130652	-0.050293434	0.09092105	0.04413624	0.03143491	-0.0540576	-0.10926334	-0.03545306	0.093110465	-0.064780876	0.021500995	-0.07245677	-0.058559608	-0.032008413
0.6096725	-0.66566306	0.7139374	0.7404412	-0.7554073	-0.7127439	-0.74034923	0.70253676	0.7998476	0.6872408	-0.678767	0.7445927	-0.6624448	0.6804086	0.6922842	0.72587895
-0.5220207	0.49849916	-0.5703082	-0.57820415	0.53091866	0.57045895	0.48984334	-0.5837012	-0.59665805	-0.5355433	0.5848213	-0.5068819	0.53124475	-0.48822534	-0.57201993	-0.5519356
-0.5149247	0.53369784	-0.49355412	-0.47599635	0.5280934	0.4872944	0.4646067	-0.5211307	-0.5497365	-0.49827012	0.47267336	-0.509059	0.5203554	-0.46149635	-0.45165905	-0.52063316
0.24113254	-0.17390841	0.21064152	0.2062003	-0.16930702	-0.21632867	-0.2576645	0.16516654	0.17006636	0.20979072	-0.18793094	0.20728508	-0.19276771	0.21323465	0.2158399	0.18291165
0.8543242	-0.89577514	0.9042186	0.92035717	-0.9332719	-0.874877	-0.89560217	0.87413085	0.90342057	0.93147707	-0.94862056	0.9428911	-0.9026624	0.95038724	0.8484606	0.8857378
-0.47026202	0.48155627	-0.5141845	-0.51069283	0.50446564	0.53292125	0.4947107	-0.4916321	-0.5023183	-0.5297403	0.48710647	-0.5443028	0.55058503	-0.54680395	-0.50254595	-0.54051334
0.5718237	-0.58423483	0.6094247	0.5685025	-0.64034885	-0.5698647	-0.6053728	0.62978446	0.647385	0.5960415	-0.61940527	0.6496182	-0.60478187	0.5860704	0.5955755	0.6531554
-0.67183226	0.78905743	-0.7177939	-0.7185412	0.73337907	0.754819	0.7248596	-0.78998727	-0.80597514	-0.71829915	0.77267617	-0.725722	0.7271559	-0.7020239	-0.6990605	-0.76537865
-0.22937664	0.16283217	-0.18148598	-0.17858663	0.21924573	0.17329752	0.17350182	-0.24484558	-0.19639765	-0.20300248	0.2136251	-0.16614759	0.19975625	-0.20566916	-0.17160197	-0.15840481
-0.49335667	0.49109185	-0.49524102	-0.47156805	0.5283905	0.5093049	0.55324185	-0.5819967	-0.5198684	-0.5664041	0.48096275	-0.55805206	0.52168787	-0.5465863	-0.50473195	-0.5648884
0.29978147	-0.27207604	0.2578172	0.29421437	-0.2804652	-0.28688443	-0.32012132	0.28889093	0.33814403	0.31784526	-0.25656545	0.27021584	-0.34553784	0.25677618	0.282997	0.28300893
-0.11957184	0.09869783	-0.13576747	-0.08285026	0.029937223	0.0475441	0.08734602	-0.06357554	-0.09268555	-0.047809422	0.12820026	-0.084029675	0.039589085	-0.09044253	-0.12651303	-0.12111725
-0.7342143	0.84413326	-0.79968154	-0.86074656	0.86312807	0.76295507	0.8023888	-0.771474	-0.8635796	-0.80676144	0.8602216	-0.77879965	0.81354535	-0.7847283	-0.7676612	-0.84031403
-0.221976	0.32253855	-0.28362843	-0.3483954	0.3134414	0.27327594	0.32473147	-0.34137464	-0.37847924	-0.3285616	0.35571855	-0.3619639	0.32614523	-0.27477154	-0.28245175	-0.34253916
-0.3638395	0.39406005	-0.3885164	-0.35654685	0.37122244	0.3751055	0.309019	-0.34368637	-0.37080905	-0.32072353	0.36615008	-0.37207502	0.354267	-0.3581349	-0.34900656	-0.40015724
-0.5499023	0.55756783	-0.60187566	-0.5954753	0.59514415	0.6051032	0.54203475	-0.53805363	-0.5937731	-0.5321927	0.552089	-0.5930518	0.5629779	-0.5720578	-0.5476347	-0.5947739
-0.50545216	0.50763506	-0.40022105	-0.43304023	0.48609483	0.42919075	0.4941497	-0.4964472	-0.5443358	-0.43887097	0.4844921	-0.48821032	0.48531654	-0.48290363	-0.46860626	-0.46512336
-0.33699894	0.33864936	-0.36786816	-0.31140158	0.3114135	0.29167202	0.35144052	-0.28597355	-0.3134105	-0.31807142	0.3791218	-0.30567273	0.34652045	-0.30816585	-0.30068448	-0.322151
-0.5967228	0.6181262	-0.60372585	-0.6179144	0.6445918	0.57453656	0.5948858	-0.56953794	-0.6875336	-0.6744069	0.6147968	-0.636995	0.5851661	-0.6104016	-0.63586056	-0.6111352
-0.0025216553	-0.0015492615	-0.031224264	-0.033543438	-0.0056061903	0.0027581619	-0.03607329	0.033821605	-0.032386597	0.03841504	-0.024732934	0.02817513	0.0017298289	-0.011398403	0.04714091	-0.013793571
-0.86947244	0.8873574	-0.9580733	-0.8915056	0.8807851	0.94107795	0.8650981	-0.8956664	-0.90566474	-0.9094078	0.87608445	-0.9598915	0.9037293	-0.9357267	-0.87097996	-0.8841008
-0.42670536	0.46877018	-0.45590642	-0.39492494	0.42229334	0.4489635	0.40864468	-0.46653843	-0.49346882	-0.43669826	0.47972867	-0.39088342	0.37877926	-0.41336057	-0.451465	-0.44131428
-0.78954154	0.809865	-0.9022396	-0.88142914	0.83978003	0.80047226	0.8734515	-0.8503977	-0.8884497	-0.8710797	0.8662397	-0.87999284	0.84199125	-0.8592361	-0.7959228	-0.8770794
0.40557417	-0.4205716	0.3629291	0.38808683	-0.38787076	-0.37398812	-0.40171885	0.40768528	0.3970861	0.4062299	-0.39091414	0.40506232	-0.35144737	0.3773938	0.39528313	0.37151274
-0.440864	0.5402212	-0.54548115	-0.5208483	0.55428743	0.54788357	0.53603745	-0.595893	-0.61651397	-0.54303074	0.5902487	-0.5617803	0.5111022	-0.5331795	-0.55092216	-0.6128182
-0.5218497	0.5855955	-0.6114958	-0.6156465	0.6557739	0.6220184	0.5781377	-0.63802594	-0.6831579	-0.60245615	0.6890066	-0.61949515	0.58653605	-0.6018334	-0.6037498	-0.718929
0.20426975	-0.27347618	0.20900287	0.2576273	-0.20180136	-0.2429	-0.21081915	0.21364596	0.2808768	0.18600366	-0.19376346	0.19556448	-0.1891917	0.22576714	0.2124286	0.20325316
0.40205464	-0.44235513	0.38952118	0.49340212	-0.51330423	-0.47023472	-0.5002197	0.46468833	0.48250818	0.43467152	-0.51799667	0.47867703	-0.45950112	0.47431758	0.5024757	0.4946925
-0.2588637	0.22145079	-0.2116285	-0.2635594	0.20990382	0.2565594	0.27074012	-0.28646624	-0.24801406	-0.2313451	0.28019258	-0.2512859	0.24334583	-0.26248458	-0.27147713	-0.28966057
0.089748494	-0.14492503	0.12860955	0.08044529	-0.10382195	-0.11947381	-0.12799272	0.111846104	0.1444362	0.16127603	-0.102321796	0.17862114	-0.108076654	0.1304709	0.11947696	0.13857673
0.7633503	-0.768866	0.79644626	0.7555212	-0.78583264	-0.7391474	-0.787688	0.6825922	0.7926277	0.79763657	-0.7282053	0.77384955	-0.70428777	0.7901808	0.7421291	0.80753165
0.74989134	-0.7063275	0.7424193	0.7686839	-0.72434264	-0.75131285	-0.7107427	0.6808318	0.7446435	0.6991289	-0.75173956	0.7363982	-0.7223528	0.743571	0.73940074	0.77565277
-0.72159517	0.79913324	-0.7819244	-0.7702544	0.7887629	0.72777283	0.7954759	-0.7948231	-0.8198586	-0.7577644	0.72417146	-0.78710616	0.79235786	-0.8083781	-0.73285717	-0.7569585
0.10041146	-0.03482373	0.058989994	0.084250405	-0.06308188	-0.11326206	-0.061078772	0.094364956	0.08017558	0.07995895	-0.11233551	0.0248424	-0.045823656	0.089377806	0.053927507	0.08964087
-0.47104803	0.5619302	-0.63566834	-0.6021573	0.5422539	0.50536823	0.53238046	-0.5997004	-0.65738136	-0.5721885	0.59598595	-0.62033707	0.54675734	-0.5555804	-0.5410352	-0.64498615
-0.3744068	0.38583624	-0.43633687	-0.4544757	0.45755652	0.37318635	0.3860964	-0.42100716	-0.47604817	-0.4684799	0.4150176	-0.4360098	0.38875476	-0.45918205	-0.3751272	-0.40425062
0.63254684	-0.7794381	0.7405152	0.70779294	-0.73380923	-0.74450594	-0.76405156	0.6962168	0.8563234	0.7937995	-0.80314827	0.7654087	-0.7803004	0.75337136	0.68946373	0.76535237
0.61118495	-0.52162606	0.6300321	0.52662545	-0.5741278	-0.54856807	-0.55826735	0.47701415	0.58455974	0.54452425	-0.48431647	0.5100992	-0.54223776	0.57597125	0.48365512	0.5337364
-0.04498967	0.1390653	-0.13889344	-0.18003362	0.21343684	0.13847722	0.182556	-0.18135753	-0.15795043	-0.12587053	0.137813	-0.18048513	0.16825038	-0.16617714	-0.12275494	-0.14296924
-0.58821505	0.63619184	-0.6514827	-0.7047297	0.6727001	0.62499684	0.607887	-0.6130829	-0.7144611	-0.6971084	0.6991814	-0.6762432	0.6614795	-0.68091637	-0.66678137	-0.6865392
0.28651908	-0.26728246	0.36648664	0.34016645	-0.31926075	-0.33447528	-0.2548322	0.27203068	0.34497416	0.34550244	-0.2884263	0.2981595	-0.34191763	0.32056588	0.27818164	0.27897874
-0.38612008	0.33627197	-0.41628563	-0.31496462	0.35968146	0.41454202	0.37467536	-0.3667298	-0.40765673	-0.34697258	0.3401714	-0.3752088	0.38125488	-0.4114728	-0.3457032	-0.37262374
-0.38789186	0.39428395	-0.409464	-0.42146942	0.3875746	0.3948057	0.38440418	-0.44383034	-0.441486	-0.38399124	0.39708954	-0.42261598	0.37632442	-0.4453357	-0.4678878	-0.44624317
-0.54679173	0.6218644	-0.6698805	-0.6439423	0.7245927	0.64443755	0.65823704	-0.6356413	-0.73899347	-0.6138481	0.6307742	-0.6540748	0.64446163	-0.6991024	-0.59928995	-0.67815655
0.44950348	-0.50575167	0.5389711	0.49361926	-0.54689103	-0.4543989	-0.48810408	0.4853402	0.5548903	0.49318954	-0.55853605	0.5488587	-0.497007	0.49437463	0.49437925	0.5709952
-0.3394007	0.35558176	-0.32738656	-0.3398257	0.32616284	0.3178291	0.3332982	-0.3812479	-0.29314154	-0.34023383	0.3541039	-0.3243024	0.32606485	-0.3209186	-0.34850264	-0.31898335
0.028351827	0.059706405	0.001577445	-0.07271802	0.03824765	-0.004968576	-0.0003066961	-0.008537097	-0.04272621	0.021897256	0.0041055884	-0.057571407	0.0450262	0.028387956	0.034858655	-0.05732306
-0.7069632	0.6385508	-0.68125075	-0.6724477	0.645877	0.6736257	0.6977129	-0.65762943	-0.6786714	-0.6633862	0.7398803	-0.68773794	0.6607947	-0.6834731	-0.7331436	-0.66223073
-0.109071314	0.052153084	-0.048516013	-0.04898884	0.10838955	0.03557532	0.091581486	-0.13242413	-0.06432962	-0.05650078	0.10316836	-0.08091139	0.059945494	-0.1319544	-0.12557657	-0.11076851
-0.6819658	0.65274787	-0.6926655	-0.60439295	0.6358153	0.6814327	0.6264134	-0.62470275	-0.73242724	-0.6772157	0.6701844	-0.7022821	0.6683053	-0.6886499	-0.68139863	-0.6813056
0.5901181	-0.54829043	0.5803751	0.45854703	-0.55801964	-0.5967716	-0.55301845	0.5559748	0.5488476	0.53889126	-0.5195641	0.53669584	-0.5616572	0.55138695	0.5820331	0.5538287
-0.6213196	0.64796335	-0.69223076	-0.64725757	0.6849326	0.7342928	0.6933403	-0.66235703	-0.77219045	-0.7313886	0.744266	-0.68137217	0.6364076	-0.6664615	-0.69925445	-0.75307906
-0.6619747	0.7144724	-0.7524548	-0.7493077	0.75541127	0.7211098	0.693837	-0.71390176	-0.7387834	-0.73176706	0.7488169	-0.7793587	0.75979877	-0.7513434	-0.7421057	-0.7404438
0.19576393	-0.22161222	0.23019134	0.114741124	-0.16593404	-0.19082148	-0.23138823	0.13865876	0.15711729	0.15099972	-0.16559415	0.17508623	-0.13301118	0.20494285	0.14315683	0.22083615
-0.64110285	0.7296165	-0.73860884	-0.68634635	0.7734668	0.6674606	0.74261886	-0.7372412	-0.8173457	-0.6956941	0.7461733	-0.6973376	0.758363	-0.7361426	-0.7104371	-0.8122419
0.2699342	-0.22971176	0.25039142	0.23215985	-0.20599733	-0.26490325	-0.23135777	0.18521899	0.25495502	0.19286734	-0.28318214	0.23476304	-0.22557342	0.2330489	0.26021126	0.22055829
-0.61546165	0.6503582	-0.6842307	-0.6314019	0.7040795	0.6202199	0.65035313	-0.68409723	-0.68960017	-0.7038053	0.67506176	-0.63861614	0.6932132	-0.66903096	-0.61816126	-0.70272595
0.8037441	-0.7856017	0.8218332	0.80241954	-0.8036879	-0.83680314	-0.8328677	0.7825553	0.8631001	0.8103123	-0.8274166	0.81820565	-0.83250755	0.7916072	0.7859424	0.84037536
0.71011	-0.69869167	0.689713	0.7418073	-0.7745102	-0.7173229	-0.6838697	0.6967733	0.7788872	0.7175425	-0.76786834	0.7806903	-0.70079213	0.73033917	0.6968294	0.7558383
-0.74092925	0.77894187	-0.8370108	-0.7767498	0.78530544	0.7812187	0.7638473	-0.75819826	-0.8220546	-0.80764383	0.81380624	-0.85340774	0.78550243	-0.75191754	-0.8015171	-0.85314465
0.56817496	-0.6135821	0.5556614	0.5518942	-0.62622786	-0.6372435	-0.6131337	0.57111996	0.6169003	0.56997335	-0.619409	0.5565783	-0.60651803	0.5589022	0.5582108	0.59943944
0.18327019	-0.15791841	0.17803356	0.20008673	-0.16023906	-0.19724411	-0.16897771	0.16218968	0.2106493	0.17112456	-0.17775077	0.19491105	-0.1634869	0.18238184	0.23642124	0.17889042
-0.8269178	0.9181347	-0.94537264	-0.8931142	0.95067686	0.92054504	0.9488467	-0.8682642	-0.95410055	-0.9341961	0.8763664	-0.9272609	0.89617664	-0.960537	-0.87545806	-0.9349162
-0.71006304	0.66193265	-0.7639235	-0.68811506	0.7676256	0.73431325	0.7059099	-0.6937761	-0.748397	-0.6975563	0.7370799	-0.70697564	0.69392073	-0.7362841	-0.6837161	-0.7807026
0.4862608	-0.44800332	0.4839522	0.5263832	-0.45832413	-0.46825475	-0.51543	0.4478704	0.50626093	0.47422293	-0.50543296	0.5184388	-0.532305	0.55193496	0.5121286	0.49171904
-0.49569216	0.49830437	-0.511957	-0.44559383	0.49698505	0.45638195	0.46705553	-0.5105381	-0.43814224	-0.47451222	0.47891426	-0.44896716	0.44769934	-0.42905647	-0.46485984	-0.5008721
-0.43765652	0.42181367	-0.48861575	-0.42830026	0.47025397	0.48676208	0.47100374	-0.4853622	-0.47832876	-0.50256604	0.4252019	-0.43609202	0.4855912	-0.4533788	-0.45635766	-0.5164566
-0.5906443	0.7257184	-0.6371908	-0.7408931	0.6863822	0.72150844	0.7009201	-0.69202304	-0.70937335	-0.6890485	0.7490071	-0.68465596	0.6861744	-0.6682932	-0.66654295	-0.753722
-0.022235777	-0.006009303	-0.052105866	-0.07298266	0.04919135	0.01480577	0.09317123	-0.09428026	-0.025344262	-0.05723848	0.031751193	-0.09678437	0.03297099	-0.080122754	-0.043319106	-0.04899208
-0.67223436	0.72738785	-0.69670457	-0.7472696	0.74809784	0.77411723	0.77055544	-0.7073919	-0.77714926	-0.75679535	0.7328343	-0.7344154	0.7031585	-0.6944544	-0.75677466	-0.79452205
0.7437407	-0.7527394	0.70645297	0.6550352	-0.7166115	-0.7118286	-0.75952554	0.7449771	0.7728412	0.7217837	-0.7627368	0.7504222	-0.7005182	0.6760257	0.6652136	0.75883615
-0.13212283	0.14095037	-0.092573896	-0.1339202	0.13803452	0.09630028	0.16694964	-0.09693735	-0.12010673	-0.121031545	0.17736037	-0.10359368	0.11734699	-0.150761	-0.08962308	-0.10453529
0.73267704	-0.7277818	0.68649554	0.7693859	-0.742277	-0.7491576	-0.7032008	0.7478785	0.7894152	0.7023084	-0.7032558	0.71142125	-0.6786026	0.76515245	0.7039228	0.7604441
0.39196756	-0.41774616	0.40898463	0.40997368	-0.46757296	-0.43496016	-0.47465345	0.44587222	0.4121148	0.42805466	-0.48653233	0.40539593	-0.43675014	0.4211897	0.48402217	0.4716603
-0.47394314	0.6393091	-0.5752548	-0.64887226	0.657736	0.6130537	0.56156766	-0.66203284	-0.64768475	-0.6554359	0.65617085	-0.6766163	0.5992145	-0.6291164	-0.603374	-0.6421999
0.23181663	-0.17521267	0.13095455	0.15093212	-0.11540552	-0.10858497	-0.13006379	0.07178929	0.15747611	0.17948718	-0.1579357	0.108667865	-0.05470612	0.16541855	0.1786053	0.089613676
0.37170655	-0.37117636	0.3697001	0.31540728	-0.36721957	-0.39628524	-0.3424591	0.34338447	0.3635346	0.3467272	-0.4000897	0.3590869	-0.37741092	0.3966448	0.4060071	0.37464255
-0.29492125	0.30151272	-0.3120178	-0.36832118	0.31668326	0.3769597	0.34775358	-0.375293	-0.32951042	-0.37827963	0.30555668	-0.32619247	0.34191966	-0.30518773	-0.32374445	-0.36174634
0.20113137	-0.20740213	0.21419884	0.23314708	-0.22108667	-0.21496484	-0.196935	0.15185066	0.24493186	0.1876565	-0.25748083	0.17276824	-0.19109039	0.17730199	0.2562449	0.23767121
-0.953323	0.97685665	-0.9397287	-0.9387163	0.96418947	0.9132901	0.8896351	-0.94329965	-0.9637302	-0.92494464	0.93876654	-0.9234239	0.9772885	-0.9112822	-0.95873934	-0.93934184
0.046156026	-0.111074366	0.15052278	0.07340297	-0.11524662	-0.049627606	-0.13214476	0.12752168	0.083959416	0.11737627	-0.11340083	0.13785832	-0.070132434	0.101338625	0.10808913	0.099963
-0.8097528	0.74947023	-0.7613113	-0.7600408	0.829234	0.80388635	0.7603219	-0.82006794	-0.8196207	-0.78851986	0.75180686	-0.7916647	0.7715149	-0.75911003	-0.7365671	-0.8031624
0.699954	-0.7316855	0.8035168	0.75915587	-0.802834	-0.7473825	-0.792361	0.77600974	0.811637	0.79278886	-0.8315672	0.752841	-0.7310298	0.7500626	0.7445876	0.86672133
-0.09121503	0.10900144	-0.08506994	-0.17203468	0.1782497	0.1615886	0.08560971	-0.16765526	-0.11230406	-0.12350396	0.16263682	-0.15541565	0.17715919	-0.17136772	-0.1383752	-0.15051122
-0.4473245	0.5313925	-0.55142856	-0.5548855	0.5974459	0.5136103	0.4897927	-0.577433	-0.58395964	-0.4988082	0.540277	-0.5328926	0.54274684	-0.50604934	-0.52051806	-0.5512944
-0.4178163	0.47093055	-0.4019532	-0.4123586	0.42543024	0.43090168	0.4314634	-0.43053162	-0.417761	-0.3906086	0.41604754	-0.38822043	0.45798436	-0.37040278	-0.4666067	-0.46545509
0.67531115	-0.72274864	0.71298295	0.7711674	-0.76379645	-0.7679902	-0.75831217	0.68167937	0.74414796	0.76166606	-0.7046215	0.79923576	-0.7433385	0.7153068	0.7543166	0.7765445
0.10971082	0.004655401	0.09877298	0.023958024	-0.05835151	-0.08395263	-0.007931584	0.10120843	0.036280237	0.07926455	-0.05415443	0.043050364	0.013401188	0.038235642	0.06717397	0.07064165
0.75508696	-0.81291	0.75089496	0.72688717	-0.779496	-0.7916555	-0.7310714	0.7254616	0.84987545	0.77589864	-0.7596104	0.75033575	-0.7695894	0.7698725	0.7440019	0.77503985
-0.6820118	0.68117124	-0.7097907	-0.6470903	0.67685515	0.6498821	0.7064114	-0.66481286	-0.7463442	-0.6896686	0.6824281	-0.7147743	0.67853314	-0.7072215	-0.71482694	-0.74642134
0.8783896	-0.83364767	0.848561	0.8598547	-0.8331845	-0.8999256	-0.81985384	0.8484098	0.88546723	0.90070975	-0.85861474	0.863339	-0.813208	0.8670117	0.82841724	0.9041017
0.23596048	-0.27284485	0.2512284	0.26826322	-0.30391154	-0.22188395	-0.29575324	0.253667	0.280276	0.31021437	-0.28826645	0.25785798	-0.25274962	0.2564385	0.23748246	0.2278481
-0.8592326	0.899685	-0.93959296	-0.8953067	0.9282078	0.92577624	0.9421609	-0.93032956	-0.9376306	-0.92524225	0.87117	-0.9468075	0.86714864	-0.9487961	-0.8787823	-0.9150859
-0.7907227	0.78241116	-0.75469846	-0.7576606	0.7940317	0.80298674	0.77654874	-0.76744765	-0.8031989	-0.8259972	0.7598367	-0.79117596	0.8137332	-0.8001649	-0.7487079	-0.8452135
-0.052530006	0.014971368	0.028418245	-0.016911738	-0.014012285	-0.008051503	0.00092515163	0.003500103	-0.04888376	0.00756916	-0.0070566996	-0.041463464	0.05242534	-0.005632635	-0.052305188	0.0074542076
0.3636224	-0.25464538	0.3125126	0.265809	-0.25957903	-0.25581422	-0.31134376	0.28301564	0.32671234	0.28437343	-0.33057022	0.32129833	-0.27866703	0.30992544	0.32106638	0.31493905
0.75493747	-0.7604934	0.8374692	0.7985593	-0.81260806	-0.78817886	-0.74484885	0.7160345	0.8035835	0.79178685	-0.82279736	0.8061094	-0.8095471	0.83122265	0.7969737	0.8529134
0.34399688	-0.3715654	0.34948316	0.42352918	-0.38062838	-0.3770123	-0.39695567	0.40789667	0.38643602	0.38690558	-0.44226027	0.43546227	-0.43677968	0.39321172	0.3854727	0.39574358
-0.40412056	0.50635993	-0.4327764	-0.41450796	0.44093347	0.4918564	0.48395425	-0.44314805	-0.4290224	-0.4832764	0.40575868	-0.45566973	0.47825202	-0.41383034	-0.41565162	-0.46305892
-0.026160764	-0.037533265	-0.04173457	0.05218976	-0.07731973	-0.075956926	-0.054158993	-0.0012159635	0.0064786673	0.05359601	-0.027195575	0.084070735	-0.012541381	0.020176234	0.008053046	0.08770939
0.6000621	-0.5616169	0.619477	0.5638941	-0.6057787	-0.6019063	-0.6289438	0.5409956	0.6324964	0.6215079	-0.5456121	0.5558192	-0.60303265	0.5389736	0.5364645	0.577557
0.5849771	-0.5873931	0.56630063	0.52291733	-0.60798633	-0.53197235	-0.55404365	0.51927996	0.58625907	0.61645055	-0.59911144	0.5610603	-0.5397406	0.54136366	0.56142	0.5478666
-0.6858233	0.66761494	-0.70203066	-0.68736035	0.67175215	0.6636711	0.64858705	-0.68301827	-0.7365201	-0.73943394	0.7011135	-0.6664453	0.73975146	-0.7059708	-0.66772324	-0.67147887
0.5899765	-0.57650995	0.564312	0.61423594	-0.58977556	-0.5825711	-0.61955494	0.6240526	0.65542436	0.59081155	-0.587344	0.6408673	-0.582237	0.56862324	0.5931341	0.6425429
-0.37377274	0.41769743	-0.4450358	-0.3979334	0.42368793	0.4192954	0.37065485	-0.40628603	-0.37679923	-0.39496446	0.42267945	-0.36022913	0.39333844	-0.43025655	-0.41192773	-0.41463354
0.2918853	-0.27861533	0.34090334	0.28643683	-0.34232903	-0.33004847	-0.27143225	0.2861932	0.3329507	0.2907461	-0.28237027	0.31099147	-0.32111713	0.28034127	0.27451906	0.35384148
0.10599262	-0.044609357	0.048631273	0.124414116	-0.07825983	-0.060785368	-0.046550035	0.08971459	0.084960826	0.045958944	-0.13933645	0.049627263	-0.13634825	0.05065868	0.121548854	0.10409959
0.097803496	-0.13457876	0.038269546	0.13229573	-0.087929614	-0.13099164	-0.09159475	0.09805503	0.085131	0.07489597	-0.0466766	0.051400345	-0.1291858	0.092768095	0.11578284	0.062178046
0.1584823	-0.19379754	0.24209028	0.27080598	-0.27640224	-0.24086373	-0.18906955	0.18109	0.26436284	0.2186379	-0.25041765	0.22515647	-0.257837	0.24646807	0.25504145	0.27725792
-0.4947239	0.70015	-0.7173245	-0.7314367	0.7587372	0.5975875	0.6856023	-0.7700177	-0.81944436	-0.69436353	0.7338722	-0.72551507	0.70643646	-0.68433905	-0.6515456	-0.83601886
0.46089762	-0.44411176	0.47062093	0.4473889	-0.42729276	-0.38876987	-0.41885248	0.38304815	0.50141305	0.3918246	-0.43636116	0.42592072	-0.4361232	0.46807787	0.3931819	0.45563236
-0.17432833	0.14557217	-0.18451235	-0.21980567	0.19958316	0.15835717	0.18825077	-0.18912362	-0.15036042	-0.1364093	0.2163127	-0.19431883	0.1629314	-0.14220764	-0.16187038	-0.20237496
0.01672045	-0.016544616	0.061646964	0.005436745	0.0038828072	-0.046168525	0.01355015	-0.026170397	0.01050314	0.0006889796	-0.066065624	0.021097885	-0.06254629	0.018963799	0.074899666	-0.010813266
0.6011185	-0.54587936	0.60466653	0.4871125	-0.6005035	-0.5569254	-0.5239485	0.5515287	0.62058944	0.562312	-0.51607025	0.53579026	-0.5595745	0.56364197	0.5669011	0.5388685
0.24767879	-0.18593512	0.20212644	0.24738659	-0.19494013	-0.24516837	-0.2482144	0.270948	0.24060187	0.21491277	-0.27889338	0.25083995	-0.2694225	0.19246787	0.2619503	0.21595725
-0.11771982	0.061078914	-0.105248116	-0.078878984	0.06795923	0.12281684	0.10708488	-0.15488896	-0.1061025	-0.12534496	0.116296954	-0.112148955	0.1309918	-0.113473475	-0.056623105	-0.12931694
-0.22186401	0.17184633	-0.15402347	-0.15420529	0.16359606	0.22016397	0.21113954	-0.20171356	-0.14036715	-0.16134037	0.17342235	-0.2157874	0.13351984	-0.12767828	-0.12887038	-0.13077793
-0.6185199	0.7205121	-0.85326296	-0.8244671	0.8212397	0.7597472	0.7604042	-0.7383705	-0.8918873	-0.75532556	0.7652003	-0.82830906	0.74500805	-0.78007793	-0.7780466	-0.8648807
-0.42119962	0.4444837	-0.44384113	-0.44882086	0.46640292	0.41321284	0.47499952	-0.45838788	-0.46132952	-0.46652496	0.45387816	-0.50700915	0.45385182	-0.43120337	-0.4898972	-0.4365979
0.61697185	-0.56033885	0.6129081	0.55807495	-0.662803	-0.56886506	-0.5786203	0.6130807	0.6154206	0.61429876	-0.6144451	0.56866133	-0.5836429	0.597834	0.6158601	0.61891854
0.6609128	-0.6732386	0.67216605	0.7369952	-0.7521902	-0.65736604	-0.71931845	0.7234141	0.71070397	0.6947217	-0.6670804	0.6662484	-0.64234394	0.65399903	0.72622997	0.7366172
-0.367691	0.32373226	-0.30344722	-0.32870266	0.2969722	0.28742602	0.28003222	-0.31675574	-0.3817156	-0.31030747	0.2770779	-0.3112577	0.3398817	-0.340056	-0.31324884	-0.36138642
-0.05694934	-0.0104011595	0.011017451	-0.07054747	0.040798735	0.008515452	0.015286357	0.009478328	-0.06424372	-0.052132137	0.07020275	-0.037524976	0.02893761	0.025644615	-0.06408255	-0.02715277
-0.8084113	0.7737625	-0.8649434	-0.7693464	0.7834741	0.805523	0.7907622	-0.8104445	-0.8627783	-0.7578297	0.8063678	-0.8207212	0.7606439	-0.8200581	-0.8038982	-0.82133853
0.6686115	-0.63853496	0.734713	0.59638697	-0.6488437	-0.6762602	-0.6361205	0.61266184	0.6752473	0.698302	-0.62475526	0.6146742	-0.61321557	0.6491755	0.6755521	0.685278
0.4688853	-0.51510715	0.5317375	0.49846932	-0.4631324	-0.5451975	-0.49014828	0.53914434	0.5022112	0.46112666	-0.52815115	0.5179922	-0.5130211	0.50490767	0.5393098	0.47762918
0.6669827	-0.6812094	0.74748194	0.6766541	-0.6951247	-0.6686865	-0.72567976	0.74060774	0.7328608	0.7286416	-0.7078096	0.7039895	-0.7472813	0.7653154	0.75588876	0.72531295
-0.6274582	0.6252924	-0.67323834	-0.6239933	0.61501175	0.5752676	0.65832174	-0.67595917	-0.6577669	-0.63239217	0.5817321	-0.64173317	0.62547565	-0.5778113	-0.58866954	-0.60764664
0.11654295	-0.16895707	0.16677031	0.15287635	-0.159124	-0.13256942	-0.16388562	0.124743916	0.13092585	0.07398035	-0.12660597	0.15189306	-0.08796892	0.094544284	0.14721897	0.17300875
-0.4077704	0.47227708	-0.5254165	-0.52540976	0.48435923	0.48999316	0.464072	-0.4910245	-0.46902737	-0.5205178	0.45290485	-0.5206513	0.46912357	-0.44648093	-0.43549475	-0.46379346
0.22743656	-0.21186672	0.21347308	0.16842367	-0.20636873	-0.22907105	-0.20296793	0.1863355	0.2118674	0.17058907	-0.1964684	0.15979922	-0.13376471	0.18748906	0.16114455	0.21786217
-0.87096506	0.8646981	-0.90904653	-0.8167315	0.9059157	0.8388134	0.87229323	-0.8171857	-0.86452234	-0.8285747	0.9041811	-0.91038156	0.855403	-0.8480117	-0.8178702	-0.8891161
-0.6947637	0.7452646	-0.79282975	-0.794561	0.8428013	0.8037163	0.76887584	-0.74562246	-0.79018056	-0.7741935	0.7750509	-0.7870364	0.7919333	-0.78572685	-0.7950161	-0.76569426
0.05924525	-0.04966258	0.08732268	0.08695089	-0.09517953	-0.066720754	-0.10324206	0.11982888	0.06808334	0.09847081	-0.08914532	0.063540034	-0.022698786	0.10276616	0.042696927	0.03674391
0.24837013	-0.2632425	0.23067203	0.22385749	-0.18744172	-0.18818888	-0.22846414	0.2555755	0.21324731	0.16506791	-0.18661888	0.18485714	-0.20683542	0.25662088	0.2371201	0.2218506
0.7003844	-0.70688003	0.6600721	0.7710912	-0.78181565	-0.6873287	-0.7812588	0.6993506	0.8107772	0.7547877	-0.72030354	0.7801895	-0.71914554	0.7285843	0.6965864	0.7303708
-0.63318986	0.691213	-0.6276532	-0.7195183	0.64346015	0.6577463	0.6918203	-0.7093895	-0.6854426	-0.6686483	0.6840753	-0.6836287	0.71784407	-0.7198834	-0.7213326	-0.72334015
0.68330854	-0.76033705	0.75850767	0.7087736	-0.78848416	-0.7029775	-0.73453355	0.7784427	0.76829135	0.766666	-0.747103	0.710363	-0.777659	0.78998643	0.7062129	0.73385674
0.36864716	-0.43653902	0.3520453	0.34557694	-0.41403916	-0.43798843	-0.35586914	0.4008065	0.4466941	0.39116865	-0.35774255	0.37954676	-0.3803878	0.37224922	0.43701994	0.41381016
-0.22026138	0.25282475	-0.27107227	-0.20461693	0.21396182	0.29326385	0.23508662	-0.25445178	-0.26296785	-0.26933542	0.2421469	-0.28603065	0.24125993	-0.25380123	-0.20178708	-0.2831812
-0.29821378	0.3259323	-0.43298832	-0.40359682	0.3954836	0.32116866	0.35208005	-0.34942135	-0.40430745	-0.3856609	0.39292178	-0.31767416	0.32461908	-0.32977855	-0.3435082	-0.34555373
0.39219126	-0.5268268	0.46094057	0.45006225	-0.4971243	-0.45726436	-0.5444276	0.5012818	0.52396005	0.50028306	-0.5344512	0.4991848	-0.46740106	0.5413989	0.5067503	0.59174216
0.74694026	-0.8455004	0.80179197	0.8172319	-0.78030294	-0.8227622	-0.76507694	0.7905909	0.85698533	0.8104885	-0.8254659	0.79275876	-0.78264874	0.8534422	0.80178696	0.82586867
-0.54938686	0.5001723	-0.52707535	-0.5789221	0.521141	0.48862696	0.5485319	-0.56556785	-0.51423895	-0.50439465	0.49694586	-0.58074373	0.49942803	-0.5116587	-0.52765816	-0.52062166
0.91812706	-0.9822395	0.9612822	0.9189152	-0.9155511	-0.946513	-0.94206715	0.96850663	1.0315944	0.9389062	-0.9033969	0.976994	-0.8849021	0.9845362	0.91158843	0.976736
0.9145648	-0.87015605	0.929364	0.93626666	-0.90562224	-0.8528457	-0.8623757	0.9043709	0.9418285	0.92224973	-0.90445304	0.92416435	-0.8720223	0.85500914	0.89585054	0.89931417
-0.5651665	0.5180492	-0.5898761	-0.5195608	0.5855553	0.6120082	0.5592331	-0.5366971	-0.5380213	-0.58909786	0.57443476	-0.5359207	0.5648756	-0.5998621	-0.5478849	-0.5893454
-0.01751197	0.03693933	-0.032318477	-0.034116264	-0.05267042	-0.05145607	-0.058113143	0.034963712	0.06121471	-0.018449377	0.03732383	-0.0025216942	0.0052504106	-0.031560704	-0.037704453	-0.009721404
0.6214491	-0.6467114	0.6825744	0.67563707	-0.6546228	-0.7175989	-0.6431837	0.67856693	0.7245468	0.69106114	-0.7023321	0.70318025	-0.68272084	0.7154549	0.65117866	0.75918293
0.053933434	-0.014847456	0.05582615	0.048581015	-0.026127148	-0.09338989	0.011569736	0.064576216	0.07044586	0.064802505	-0.059678342	0.024638098	-0.043196075	0.050077856	-0.009991203	0.013077977
0.29741156	-0.27747542	0.26961297	0.19377878	-0.28399837	-0.27526703	-0.23411867	0.22398755	0.29669726	0.2691226	-0.20147581	0.23503031	-0.24576986	0.2048991	0.23728025	0.26987413
0.97939086	-0.9360725	0.96034074	0.95732385	-0.95386374	-0.91917515	-0.8914493	0.9186333	1.0190997	0.896539	-0.9204952	0.9697454	-0.8978103	0.92006963	0.9250489	0.99770296
0.18697394	-0.11640193	0.15626584	0.17192839	-0.18157798	-0.14691934	-0.16843338	0.118117854	0.18455961	0.10712952	-0.11891248	0.17564811	-0.104099765	0.17538136	0.18657306	0.14430216
0.42780763	-0.4683128	0.45699292	0.49029604	-0.58053786	-0.4996978	-0.47464725	0.49714115	0.56667286	0.48074916	-0.5140309	0.513208	-0.43959668	0.51395315	0.491413	0.554367
0.7904114	-0.80191755	0.82523406	0.7662953	-0.7720575	-0.81045526	-0.8235883	0.7715955	0.8645079	0.7994371	-0.81837296	0.8091123	-0.7596035	0.78868043	0.7917914	0.7601254
0.5960133	-0.5324224	0.5140273	0.5839645	-0.5629834	-0.5586329	-0.57831365	0.5306447	0.5845174	0.60174453	-0.5132288	0.5939072	-0.58644664	0.57082427	0.5912761	0.57861936
-0.7453318	0.7658483	-0.82961696	-0.8033372	0.80734307	0.7406043	0.7989479	-0.80222714	-0.7866493	-0.82910067	0.80673033	-0.7718591	0.7682819	-0.7891454	-0.7596047	-0.83963996
-0.62508357	0.7724028	-0.8357343	-0.7409994	0.8600858	0.7076299	0.74390453	-0.74496984	-0.90040404	-0.77589357	0.7756947	-0.775036	0.7785726	-0.7994086	-0.8025494	-0.8653475
-0.5495975	0.62605494	-0.60989225	-0.6639383	0.6671257	0.5672337	0.61769015	-0.5930089	-0.66305995	-0.62857854	0.6337058	-0.6426152	0.6275771	-0.6757441	-0.6519492	-0.6954667
0.7928801	-0.8191523	0.8126566	0.79027313	-0.76717347	-0.77744085	-0.77841455	0.7478129	0.8552733	0.8277767	-0.81203747	0.78259665	-0.7748769	0.8136491	0.7520641	0.82576203
0.39228082	-0.48976165	0.35422638	0.450231	-0.4152421	-0.41089642	-0.4921158	0.3737765	0.49129394	0.44171903	-0.45011955	0.473987	-0.39663646	0.39775518	0.47255456	0.4321219
0.59288484	-0.5770579	0.5428924	0.5929493	-0.6214	-0.5727426	-0.6128827	0.6353947	0.6101104	0.6100804	-0.58040893	0.5810322	-0.5456074	0.59553254	0.58484834	0.60055906
0.58834803	-0.5636496	0.54411864	0.589177	-0.58543897	-0.63320917	-0.5643555	0.5953072	0.6386133	0.653346	-0.623777	0.62590593	-0.54638827	0.59365225	0.6162822	0.65480554
-0.667365	0.76313907	-0.7261418	-0.7254193	0.7609711	0.7586018	0.7216862	-0.7114406	-0.8548926	-0.7442173	0.8189604	-0.7952955	0.77623343	-0.74064434	-0.732577	-0.76814836
0.54372036	-0.51597065	0.5620285	0.5286783	-0.55631024	-0.5002934	-0.53241646	0.59227747	0.54705644	0.5703774	-0.50013757	0.49193844	-0.56660455	0.5834237	0.5140383	0.5189591
-0.10468889	0.09908386	-0.15006575	-0.09131119	0.0931514	0.116488926	0.06927594	-0.12966345	-0.060494356	-0.113708176	0.07772107	-0.06258959	0.11320666	-0.04360501	-0.057570048	-0.11866519
0.093305334	-0.07426149	0.016061764	0.056749318	-0.06711752	-0.08490271	-0.073002204	0.006306374	0.09532451	0.024719141	-0.002922288	0.040370222	-0.020964934	0.03157168	0.076493815	0.022702252
-0.035909723	0.022292081	-0.004174252	0.05273796	-0.060022153	-0.037857182	-0.031501073	-0.020736221	0.07456899	0.048167486	0.0049603162	0.015541434	-0.030532595	-6.0281847e-05	0.045569144	0.070976816
-0.40551624	0.43178183	-0.41399947	-0.44544014	0.40956032	0.43969536	0.3995257	-0.3465545	-0.3734443	-0.4069571	0.43134826	-0.37476727	0.4223253	-0.4176617	-0.37622353	-0.3972853
-0.05840247	0.023732465	-0.050878894	-0.0007095939	0.007127529	0.00480226	-0.0062565105	-0.048178256	0.009130748	-0.06836652	0.06470813	0.005739542	0.06731091	-0.010804916	-0.051102195	-0.008167794
0.7701594	-0.7788272	0.7690264	0.7377386	-0.75052726	-0.81051624	-0.7583478	0.76309484	0.80238426	0.78704244	-0.7613291	0.7942082	-0.7397299	0.7808016	0.7469077	0.7660171
-0.06791454	0.06435637	0.005488439	-0.06909551	0.06116272	0.027370151	0.03485284	-0.046062745	-0.01148895	-0.075064965	0.03506556	0.009410228	0.0014460881	-0.04016419	-0.024258532	-0.0065579787
-0.47173044	0.4838401	-0.46536225	-0.45380226	0.5119933	0.508465	0.5272772	-0.5143015	-0.51430315	-0.46295774	0.49737132	-0.44735524	0.4432421	-0.52411616	-0.49298692	-0.55217004
0.13362032	-0.123437315	0.108574875	0.12229694	-0.07323917	-0.154788	-0.08744646	0.16666205	0.10990387	0.121355176	-0.16345382	0.12199983	-0.09061609	0.17090563	0.11756775	0.12603611
0.5730655	-0.6768314	0.6618732	0.6381381	-0.6764419	-0.6567348	-0.57789826	0.56244826	0.6806207	0.59429306	-0.67496645	0.62563205	-0.57891506	0.6727863	0.6313077	0.65386164
-0.76950043	0.783162	-0.8607862	-0.8043495	0.819047	0.74488264	0.7509034	-0.73218673	-0.7656787	-0.8103418	0.75236195	-0.76291734	0.73231345	-0.76003104	-0.7813189	-0.7592472
0.37081954	-0.5325413	0.51866615	0.5567578	-0.5710334	-0.4795226	-0.48101157	0.5062658	0.7269945	0.5434104	-0.53661	0.5906039	-0.4904729	0.53144723	0.5069473	0.6501456
0.030609637	-0.1398784	0.0789209	0.08046579	-0.12882887	-0.07272526	-0.1423679	0.088051856	0.1379657	0.08052561	-0.0939695	0.15054592	-0.059906244	0.076801196	0.12518984	0.124128506
0.69526434	-0.7050027	0.75758827	0.6918024	-0.7877915	-0.72381574	-0.78270864	0.72821885	0.83523995	0.7290277	-0.73687756	0.75795525	-0.7036272	0.7741144	0.7464916	0.7724664
-0.32388958	0.37095356	-0.39745253	-0.35955465	0.38781485	0.288354	0.30472445	-0.39644262	-0.37997517	-0.342735	0.3889996	-0.3519303	0.33879906	-0.400539	-0.3001469	-0.37179768
-0.06867596	0.060753763	-0.046463087	-0.057655726	0.08015253	0.101554975	0.053722423	-0.09890183	-0.069208205	-0.04648887	0.08222048	-0.01914992	0.08273308	-0.100063995	-0.015527801	-0.07520199
0.016178671	0.012077791	-0.051021002	-0.009809903	0.009012733	0.03416008	0.023501819	-0.003262744	-0.012510676	-0.008489787	0.05165159	-0.024618084	0.068105444	-0.051926106	-0.06455095	-0.004004329
0.14262967	-0.19384578	0.18302597	0.13661635	-0.18604486	-0.2165337	-0.19939771	0.15614192	0.24376851	0.16841981	-0.21516058	0.15506664	-0.23096275	0.1487455	0.2276316	0.16708814
0.5678654	-0.5804364	0.5512993	0.5340643	-0.5784265	-0.5423393	-0.57353073	0.5166722	0.55588835	0.5388034	-0.52578014	0.48988676	-0.51494354	0.5565447	0.52649224	0.54047585
0.187961	-0.1907262	0.19779877	0.11809549	-0.16599289	-0.1134047	-0.111251205	0.16957825	0.16183226	0.19677739	-0.1041701	0.13777472	-0.12323742	0.18068948	0.12993218	0.1210992
0.07349429	0.02952807	-0.008040725	-0.03172902	0.018366037	-0.059891477	0.014498301	0.015425382	0.04664537	0.022898037	-0.05276438	0.018224757	-0.0032176194	0.013545124	0.033301294	0.036355935
-1.1349444	1.1091188	-1.1496189	-1.1102461	1.1896172	1.1330682	1.1207861	-1.1051174	-1.144823	-1.1050645	1.154667	-1.1535718	1.1518557	-1.1413977	-1.1658196	-1.2117673
0.74190557	-0.863534	0.8547323	0.8365309	-0.82015175	-0.81937	-0.82621187	0.83139807	0.9277358	0.8311707	-0.8376703	0.81555504	-0.8493019	0.85793793	0.8414902	0.90985835
-0.6920931	0.68598765	-0.7232558	-0.760718	0.75558835	0.7354982	0.70884275	-0.7430458	-0.75763863	-0.72531414	0.6796425	-0.75850046	0.74798614	-0.73206854	-0.7498009	-0.7227258
-0.11575269	0.10275403	-0.14197278	-0.11976876	0.10694884	0.13106601	0.15092848	-0.108387314	-0.10814467	-0.11060398	0.11993038	-0.10891246	0.16546386	-0.0650563	-0.14375551	-0.123601966
0.13675754	-0.21925873	0.18164177	0.24145038	-0.23696537	-0.21959788	-0.15569027	0.21178381	0.1993512	0.20367944	-0.21287228	0.19610646	-0.21514313	0.22276774	0.15461248	0.22944579
-0.31151295	0.31225866	-0.41226408	-0.36245057	0.35111123	0.35622782	0.3574178	-0.35060275	-0.3218606	-0.390266	0.31982663	-0.39635321	0.29983655	-0.3780002	-0.34735292	-0.4109285
-0.5381116	0.5820234	-0.62461406	-0.49951035	0.5908636	0.6039703	0.5464851	-0.5465577	-0.5234264	-0.51728123	0.5480363	-0.5908401	0.5689847	-0.5246049	-0.5097019	-0.5654161
-0.76195854	0.7766529	-0.80609745	-0.74511105	0.8352027	0.77459055	0.80114883	-0.7756568	-0.8567777	-0.837422	0.7554921	-0.81303024	0.7514981	-0.7570695	-0.7770944	-0.8629455
-0.03702692	0.034255214	0.016802942	0.004978769	-0.027305465	0.010438599	0.014382295	-0.010208063	0.022531254	-0.0002745033	-0.027375704	-0.030462582	-0.00029137655	-0.04180472	-0.03922622	0.017858509
0.70395046	-0.7666804	0.7074317	0.7423397	-0.76773137	-0.7698312	-0.73213965	0.7449723	0.8270718	0.71613806	-0.758707	0.7721869	-0.73073035	0.7169621	0.7651605	0.7721611
0.6112283	-0.6692795	0.6677	0.6481288	-0.651443	-0.6882387	-0.63111687	0.61710435	0.75572777	0.68989515	-0.64521945	0.6709115	-0.6794482	0.66681355	0.6136597	0.7082533
-0.50257605	0.571087	-0.55075514	-0.6064672	0.61731887	0.52993876	0.62177044	-0.5455289	-0.6678278	-0.6068649	0.6168897	-0.5877429	0.54643434	-0.58015496	-0.6108807	-0.58838016
-0.18766363	0.1926163	-0.20837604	-0.14716813	0.13151783	0.16330045	0.17862026	-0.201464	-0.1321013	-0.2055131	0.16980916	-0.13015461	0.19955324	-0.17304122	-0.2280126	-0.22794002
0.50175565	-0.5027345	0.4916566	0.48832887	-0.5263603	-0.53097326	-0.4996611	0.47063813	0.52471006	0.49900532	-0.48706275	0.5221399	-0.47951016	0.53295666	0.5588865	0.5684853
-0.20602828	0.2544965	-0.22077064	-0.25505465	0.25477242	0.18267353	0.21611644	-0.19176914	-0.2406828	-0.2712941	0.25774592	-0.18759656	0.17894962	-0.1981645	-0.19634749	-0.28150824
0.33847383	-0.2850026	0.3081619	0.3049477	-0.36974037	-0.33614415	-0.3056444	0.27955705	0.37801197	0.31627592	-0.31924936	0.29920727	-0.2985663	0.35081688	0.33264464	0.3520203
0.4388813	-0.33108222	0.4235774	0.33757302	-0.399594	-0.38816896	-0.4088729	0.3268112	0.3892916	0.41069567	-0.33391145	0.35687155	-0.28917217	0.4073021	0.40711787	0.3698717
-1.0286902	0.9973232	-1.0040197	-1.0200958	1.0353724	1.0210998	1.0376825	-1.0135871	-1.1029752	-1.0422844	1.003817	-1.0030228	0.97692376	-1.0764197	-1.0087663	-1.1242422
0.3370837	-0.35181278	0.36215827	0.33578664	-0.3203338	-0.39000833	-0.39386648	0.37748978	0.3253258	0.39665967	-0.31207946	0.3230248	-0.3995518	0.31507385	0.32981235	0.40026206
0.7740344	-0.87497395	0.8003211	0.80053335	-0.8770822	-0.8582868	-0.8788587	0.7793101	0.9315978	0.8671126	-0.89100873	0.84477127	-0.8245591	0.8710106	0.8399445	0.9084042
0.35578525	-0.327263	0.33022326	0.36110666	-0.350462	-0.3291785	-0.34805077	0.2790531	0.37007016	0.36787277	-0.32298005	0.36821473	-0.376284	0.32650444	0.34573993	0.3924401
-0.6612611	0.6862642	-0.68009174	-0.7049127	0.7189072	0.6545497	0.75122654	-0.69192976	-0.75104487	-0.75841117	0.7509006	-0.66507936	0.7421958	-0.7149799	-0.7153167	-0.676468
-0.68824416	0.7092624	-0.7151525	-0.6973822	0.7393885	0.69773394	0.7251114	-0.7921796	-0.7344927	-0.75272274	0.7203374	-0.69483334	0.7402166	-0.70735174	-0.7117481	-0.72121143
-0.65636325	0.62742794	-0.65059644	-0.65112317	0.6155038	0.63206106	0.6247922	-0.6330084	-0.6456098	-0.65259874	0.6438694	-0.62446326	0.58709425	-0.6056784	-0.64041793	-0.6615406
-0.59904444	0.6085344	-0.6217087	-0.70048773	0.67068785	0.63391596	0.65354115	-0.6491006	-0.6820388	-0.64578617	0.6815564	-0.64882153	0.6191255	-0.68347245	-0.6155012	-0.6979817
-0.26638398	0.30060956	-0.32936412	-0.28389502	0.30530912	0.25043184	0.24880101	-0.3168566	-0.30436632	-0.31903157	0.32865575	-0.2970998	0.30577698	-0.27870443	-0.31476218	-0.30885318
-0.6283646	0.65306795	-0.6941676	-0.6510859	0.668657	0.5887226	0.60570985	-0.6278164	-0.6881476	-0.603723	0.6274438	-0.596009	0.58386594	-0.6596065	-0.6410787	-0.68666923
-0.056928582	0.015836012	-0.05341334	-0.019831803	0.0038952846	-0.01932941	0.02238095	-0.052108865	-0.02050215	-0.013904271	-0.02982949	-0.00573205	-0.029556397	0.012098242	0.03916596	0.03703692
-0.036434177	-0.0053530647	-0.043183915	-0.036116093	0.034405053	0.009772218	0.059828017	-0.012107238	0.0067416914	-0.042037375	0.0045497096	-0.012483671	0.019319143	-0.0010492145	-0.033508457	-0.090668954
-0.047595974	0.06724715	-0.067774616	-0.015640803	0.0378666	0.08046433	0.06587798	-0.070587456	-0.0022168101	-0.082126826	0.012909438	0.009045063	-0.00022930991	-0.0594565	-0.037683763	-0.07359094
0.65655357	-0.63023293	0.69741404	0.62221396	-0.6849329	-0.6764593	-0.6394018	0.66452503	0.73732746	0.6559954	-0.7216726	0.6389533	-0.69399905	0.64490926	0.6605212	0.7074066
-0.18127911	0.19039519	-0.1680309	-0.19334781	0.19287373	0.15575488	0.23686032	-0.15894675	-0.19616131	-0.16962907	0.2334921	-0.24481368	0.19685183	-0.20474534	-0.25326103	-0.21786588
0.53286517	-0.5409933	0.49561122	0.48028725	-0.4920747	-0.47575998	-0.4709701	0.41744244	0.52960074	0.5497761	-0.45669258	0.49724537	-0.43995392	0.48184204	0.5266279	0.511078
0.70036596	-0.76631135	0.75533044	0.7465413	-0.79790765	-0.7283356	-0.7846045	0.74026495	0.72106934	0.7444956	-0.7056134	0.72622806	-0.72612894	0.764132	0.77661645	0.79326934
0.21556124	-0.30090144	0.24569578	0.27359682	-0.24788687	-0.2372781	-0.29666838	0.27214468	0.25142556	0.31547353	-0.273426	0.271629	-0.29820392	0.22608435	0.21485259	0.27324456
0.4580202	-0.4145219	0.39706552	0.39065126	-0.45847893	-0.40630472	-0.46709362	0.41398448	0.47939023	0.41420278	-0.40609574	0.50069386	-0.44540066	0.40404123	0.39241326	0.52431405
0.83405805	-0.82205945	0.9091158	0.9008122	-0.8726408	-0.8185296	-0.8841899	0.8730109	0.86730593	0.8597753	-0.82890326	0.84212995	-0.86443	0.89967	0.88760775	0.8881567
-0.36352944	0.38637015	-0.36640188	-0.38132742	0.38567153	0.45387796	0.41355088	-0.4126309	-0.4566869	-0.44957894	0.39517394	-0.46708897	0.44583604	-0.37595126	-0.41743714	-0.4070783
0.15050986	-0.154578	0.15107752	0.09648525	-0.107792795	-0.19554715	-0.1221413	0.1960061	0.10172196	0.14219338	-0.14232634	0.0990826	-0.18037929	0.11351484	0.16989708	0.1284214
-0.86410266	0.88120097	-0.9024081	-0.85920256	0.9320176	0.89451057	0.85324275	-0.8714354	-0.87979937	-0.8576438	0.9071014	-0.8730135	0.8307305	-0.8332407	-0.90320325	-0.88600487
0.027984852	-0.0050786873	-0.04401894	0.018653175	0.02099037	-0.03240734	-0.062115878	0.006102537	0.005500361	-0.034426663	-0.03198422	0.031131307	-0.023017382	0.05194497	0.0416311	-0.016760886
-0.52731013	0.6106064	-0.5593324	-0.65504	0.6265282	0.5704362	0.5696075	-0.63072747	-0.6472684	-0.5843202	0.60636204	-0.6348517	0.57663655	-0.5630474	-0.57992154	-0.5796386
0.2477409	-0.23100403	0.2567469	0.15081559	-0.24015361	-0.19267663	-0.2413122	0.20210455	0.20610398	0.2290249	-0.17030226	0.18286525	-0.21616246	0.21318492	0.14809397	0.20245798
0.26903483	-0.21623519	0.30616006	0.2725708	-0.19901176	-0.21899275	-0.26914856	0.27355954	0.27011254	0.22256699	-0.24398741	0.24840996	-0.2584434	0.23428684	0.21867317	0.2412316
0.59617287	-0.5864422	0.5998742	0.590514	-0.5856556	-0.62844455	-0.5939067	0.5767576	0.70098215	0.59819007	-0.61029226	0.5865228	-0.61493397	0.6257379	0.59572154	0.67720544
0.6909787	-0.7169527	0.7289432	0.7230969	-0.70217985	-0.6686376	-0.63989747	0.7166546	0.6916202	0.73258823	-0.70262194	0.64765894	-0.6425225	0.6729576	0.6948387	0.7029035
0.2771536	-0.25853673	0.34910882	0.24988428	-0.23555745	-0.3272022	-0.27558744	0.29515576	0.28723368	0.24004512	-0.29171997	0.28819522	-0.26390314	0.2735173	0.32138762	0.29610446
-0.31214193	0.27181557	-0.30069268	-0.29515636	0.24559507	0.29686287	0.333746	-0.28951716	-0.27344978	-0.25613266	0.32319218	-0.2692458	0.3031692	-0.27815792	-0.27901676	-0.28490302
-0.26670584	0.2766986	-0.2726659	-0.23048624	0.28965628	0.29942587	0.23833144	-0.31616473	-0.28840402	-0.23938432	0.30974573	-0.30807593	0.29902664	-0.30345163	-0.29137266	-0.26287925
-0.547854	0.554534	-0.56257474	-0.5676728	0.5727055	0.52563626	0.5213595	-0.53048646	-0.642195	-0.5839544	0.5677881	-0.5584208	0.60847855	-0.590273	-0.55874753	-0.5476297
0.31020948	-0.3264038	0.3399604	0.27931863	-0.3711281	-0.29594442	-0.3244206	0.28894156	0.39917797	0.3419289	-0.30419	0.30443317	-0.368843	0.37112686	0.30875924	0.38463643
0.062895074	-0.070025526	0.058539502	0.124742106	-0.027016612	-0.11585819	-0.06373682	0.03851122	0.11293329	0.093516946	-0.055173732	0.10716055	-0.09715603	0.07215178	0.09678593	0.06657135
0.6163644	-0.6149274	0.6687128	0.6006746	-0.6165133	-0.6096506	-0.58302546	0.6602055	0.6901673	0.6119708	-0.67745066	0.6215503	-0.5570836	0.65161985	0.6311852	0.7116554
0.5532361	-0.6572888	0.5601025	0.660886	-0.6010577	-0.6550203	-0.60705006	0.57900417	0.7106981	0.65526503	-0.61061287	0.65644777	-0.56067127	0.55185246	0.6390616	0.62741166
0.53889275	-0.64580274	0.5511979	0.5844115	-0.6078706	-0.56440306	-0.56019866	0.6139591	0.6669428	0.60814047	-0.6176647	0.6460118	-0.5538952	0.62775147	0.58702046	0.6124924
-0.46507558	0.58827657	-0.66847557	-0.66081196	0.6422123	0.6254566	0.63221735	-0.7244309	-0.7021419	-0.63143265	0.67676485	-0.69164896	0.7040608	-0.6329515	-0.6650339	-0.7480186
0.010497159	0.026838116	-0.005534343	0.045932405	0.024917861	0.003644605	0.031408705	0.019771345	0.009344885	0.001694985	-0.051741175	0.04899278	-0.0076949205	0.0076387916	0.058796942	0.057353657
0.5868248	-0.6228008	0.55037934	0.566618	-0.6135863	-0.57320726	-0.55045813	0.60901964	0.6243459	0.54284495	-0.54947865	0.5406932	-0.55710834	0.6265325	0.5881977	0.571005
-0.10271351	0.05025279	-0.08437788	-0.03965893	0.05919062	0.08742016	0.07322132	-0.14457166	-0.11317166	-0.07906289	0.14375879	-0.13392662	0.117501564	-0.11749571	-0.07131595	-0.09819712
-0.124374494	0.15411493	-0.06457794	-0.122136585	0.110066906	0.08349044	0.16281527	-0.17887168	-0.105725735	-0.10708098	0.14710581	-0.104045294	0.16184483	-0.16246746	-0.09107267	-0.121191025
-0.2554104	0.1787877	-0.2203226	-0.15741509	0.156939	0.1783186	0.22957416	-0.25388268	-0.1769519	-0.2360173	0.19769032	-0.20658593	0.21847178	-0.21056159	-0.19548517	-0.18928777
-0.13566817	0.07844882	-0.16687715	-0.026783211	0.062069368	0.06493573	0.048443686	-0.081038125	-0.096919276	-0.018667322	0.0911567	-0.1030041	0.04793087	-0.0636548	-0.038098287	-0.08049697
0.85024035	-0.8954693	0.8761416	0.8061666	-0.845482	-0.81290835	-0.8825012	0.8563968	0.93680054	0.8026353	-0.8883663	0.88443214	-0.8243038	0.87814856	0.83005905	0.9188529
0.7870341	-0.7874467	0.84312123	0.7916552	-0.802885	-0.7902858	-0.7925172	0.799023	0.8593114	0.8161344	-0.8498417	0.8618071	-0.8036921	0.82769173	0.7512081	0.8846794
0.43720537	-0.45902753	0.45228454	0.48075345	-0.4738731	-0.47565913	-0.5061128	0.42704898	0.5069379	0.45951268	-0.4635058	0.48769158	-0.48673856	0.4930173	0.444432	0.5153938
0.36001948	-0.4402406	0.39093512	0.3842633	-0.3883656	-0.4066157	-0.42112714	0.34833786	0.46638498	0.38782924	-0.37549213	0.43276793	-0.37257054	0.4084826	0.36955762	0.42351162
-0.63416356	0.726844	-0.69245344	-0.73012507	0.71304804	0.65182114	0.72812307	-0.71157223	-0.77411294	-0.698734	0.76118886	-0.7226957	0.65783966	-0.7308116	-0.7077564	-0.76184744
0.83040726	-0.85344857	0.92043823	0.8917228	-0.921087	-0.8410774	-0.872723	0.8828306	0.9458335	0.83547056	-0.90078044	0.8469	-0.8042052	0.8700677	0.9005599	0.91851526
0.5821022	-0.5254778	0.61928546	0.58167255	-0.54200816	-0.5386735	-0.56753504	0.5258942	0.62304723	0.60119283	-0.54624003	0.5343481	-0.57901895	0.56357956	0.5338349	0.5926654
-0.2799797	0.26139078	-0.21296796	-0.32069716	0.3223239	0.26669344	0.23693973	-0.2560726	-0.2727555	-0.24492756	0.2582023	-0.289133	0.28860104	-0.25515515	-0.31389144	-0.29455602
0.77163947	-0.88737416	0.83115	0.88678724	-0.9014295	-0.8718796	-0.8064978	0.7865004	0.93773913	0.84001607	-0.8218443	0.9148662	-0.8813899	0.84345704	0.8320799	0.8717508
-0.86670464	0.84896874	-0.9449979	-0.93045163	0.91265476	0.8939566	0.9173383	-0.93519044	-0.95723104	-0.9343669	0.9369828	-0.90544367	0.86728865	-0.937338	-0.8904368	-0.9155456
-0.050456706	0.060683303	-0.036856506	-0.08844623	0.0822483	0.08737003	0.113764815	-0.14685108	-0.10481152	-0.059993602	0.09544809	-0.06582718	0.048972387	-0.105413996	-0.052025974	-0.05270292
0.07579762	-0.1047325	0.15065204	0.14954092	-0.09926586	-0.13082768	-0.126299	0.07185113	0.13271621	0.09955582	-0.091976814	0.12566546	-0.08554257	0.1311343	0.12272801	0.13292634
-0.6260206	0.5316762	-0.6567945	-0.563165	0.6384895	0.5867546	0.6069239	-0.613711	-0.63691044	-0.6297377	0.5440123	-0.5743135	0.5787297	-0.629919	-0.5406129	-0.59452945
-0.35714468	0.34324366	-0.37922126	-0.3345263	0.36158732	0.3174506	0.30417752	-0.38488308	-0.37275016	-0.3211916	0.35431984	-0.39179215	0.32027876	-0.36851007	-0.38146517	-0.3541159
0.79515755	-0.7564802	0.81609905	0.75218946	-0.7525623	-0.74764466	-0.7464554	0.7161331	0.8417557	0.77527875	-0.7315816	0.7523503	-0.7871084	0.8097581	0.7713044	0.8445082
0.27934918	-0.34894848	0.34516555	0.33527884	-0.3467979	-0.3527506	-0.32588106	0.29249102	0.3483397	0.37088868	-0.2928407	0.34030813	-0.34278992	0.31752843	0.34762856	0.38869584
-0.4532664	0.36031932	-0.4240499	-0.45381376	0.4386659	0.42880726	0.3857834	-0.45587027	-0.40470937	-0.38785478	0.3875896	-0.4208913	0.3796555	-0.42009458	-0.45822147	-0.45735487
-0.30342293	0.31761926	-0.426703	-0.3182928	0.36925262	0.34958184	0.31406516	-0.368656	-0.36048365	-0.27911064	0.29242343	-0.3312826	0.2947955	-0.3551288	-0.31726745	-0.30490834
-0.35247272	0.37585077	-0.31852025	-0.39466217	0.41897	0.3385133	0.38926378	-0.37273955	-0.428917	-0.39558622	0.38484612	-0.3962147	0.37096825	-0.40863693	-0.30932522	-0.40360686
-0.4066928	0.5756227	-0.5413978	-0.60733527	0.61366725	0.51263463	0.5652905	-0.60464627	-0.63823605	-0.6001974	0.5556295	-0.5574237	0.6146695	-0.5073713	-0.5651971	-0.54863983
0.28533694	-0.39385793	0.30379477	0.37760696	-0.37256286	-0.35176137	-0.38513	0.36392745	0.4116319	0.36367828	-0.41862494	0.35033837	-0.35094613	0.33738956	0.33094084	0.37795216
0.36553758	-0.41365653	0.39859474	0.33023214	-0.39808604	-0.3219691	-0.36291897	0.36897397	0.4048741	0.33435312	-0.42262605	0.4423939	-0.39392588	0.34024033	0.33380505	0.4318514
-0.47138128	0.5659405	-0.63128114	-0.5607323	0.6379215	0.59897715	0.5340324	-0.6490196	-0.6426444	-0.55672836	0.56866884	-0.6069918	0.58948195	-0.6196739	-0.6105605	-0.59187293
-0.5101451	0.48178583	-0.59561723	-0.46862066	0.54210395	0.5662684	0.49422833	-0.48239478	-0.50476015	-0.50382125	0.5604673	-0.48996893	0.4873292	-0.5134197	-0.526486	-0.49189803
-0.9501999	0.9773652	-1.040045	-1.010916	1.0399418	1.0191585	1.0701773	-0.99927974	-1.0588425	-1.009537	1.0669445	-1.0641906	1.0563109	-0.9859025	-1.0467801	-1.0131907
-0.65655404	0.7684525	-0.7988416	-0.6889885	0.7361374	0.722183	0.7104587	-0.71744996	-0.75769264	-0.76730007	0.72781956	-0.7839285	0.76208603	-0.7235788	-0.692137	-0.726339
-0.3024832	0.29918197	-0.25752652	-0.2391539	0.30811697	0.30448356	0.2234794	-0.24398358	-0.31928682	-0.30011204	0.30717662	-0.25013393	0.30769533	-0.29482168	-0.2837569	-0.24289021
-0.27536443	0.28789157	-0.3463665	-0.24315275	0.3165626	0.33946204	0.30193883	-0.35675213	-0.2869105	-0.30609474	0.32525486	-0.34351218	0.32705247	-0.25221774	-0.27205467	-0.354014
0.5277644	-0.5284211	0.5540979	0.5726523	-0.5560806	-0.5714716	-0.55233294	0.5593865	0.6133341	0.53140277	-0.5283022	0.60619545	-0.6056515	0.5603448	0.57679564	0.57471585
0.13347489	-0.03564045	0.056680407	0.09343446	-0.06942791	-0.09691072	-0.0569906	0.057655018	0.014235261	0.121236786	-0.01296174	0.079662606	-0.048544016	0.1136359	0.113287695	0.090634644
0.16745181	-0.25374344	0.22982866	0.23901162	-0.21479201	-0.26084587	-0.26409835	0.17255387	0.20599481	0.23936291	-0.2719527	0.24605818	-0.26979798	0.23272927	0.2457149	0.24392755
-0.61780345	0.59905756	-0.6626233	-0.6399562	0.6369029	0.6053546	0.6271498	-0.63736606	-0.7015937	-0.6157951	0.63374627	-0.7085328	0.61270285	-0.6198508	-0.6923747	-0.68558776
-0.20933159	0.16313222	-0.21884426	-0.19866924	0.123522855	0.13854186	0.16744618	-0.17558952	-0.14069912	-0.17097807	0.12864628	-0.17633048	0.17984681	-0.1298975	-0.20590775	-0.174752
-0.424967	0.6115968	-0.5941823	-0.66615784	0.6901543	0.6088421	0.608965	-0.6203993	-0.68611324	-0.60850585	0.68116564	-0.6461641	0.59459937	-0.6643	-0.56186545	-0.70334154
0.31197608	-0.27651855	0.3396625	0.30516252	-0.315514	-0.29776055	-0.27479357	0.2352252	0.36352327	0.2670683	-0.29597655	0.31670365	-0.26242343	0.31795782	0.32941067	0.28007683
0.4451086	-0.449548	0.44206405	0.46095362	-0.4292945	-0.48094782	-0.47517493	0.42556304	0.5049585	0.43748692	-0.41453	0.42053112	-0.4876596	0.46646148	0.4759844	0.44818193
0.54078394	-0.5521515	0.49275678	0.5589662	-0.5564142	-0.5405777	-0.51604134	0.5694577	0.6304913	0.5697631	-0.52656615	0.53746283	-0.52480483	0.57291573	0.5077284	0.60401976
0.7724326	-0.8641673	0.77782583	0.8523933	-0.8388431	-0.8421522	-0.7828012	0.7778621	0.8681501	0.789506	-0.82868713	0.8754822	-0.84005314	0.81665874	0.77399236	0.88132584
0.26711085	-0.32573622	0.3013997	0.37243456	-0.30897236	-0.2865866	-0.33430448	0.28646868	0.34927163	0.3201933	-0.35670125	0.34911013	-0.3121567	0.30195567	0.34010324	0.31186083
0.6912116	-0.67799944	0.70042413	0.67248213	-0.63775325	-0.67456	-0.65730876	0.6598413	0.67603034	0.6177963	-0.6616019	0.62913924	-0.64534086	0.62832063	0.6993123	0.6746519
-0.35109168	0.52810776	-0.59779197	-0.61230236	0.63240075	0.51052207	0.5482851	-0.6177669	-0.70994914	-0.56052345	0.64942753	-0.6458288	0.567099	-0.60659474	-0.57829946	-0.70007056
-0.76952267	0.82088244	-0.82072955	-0.80372506	0.8101385	0.7551562	0.8308168	-0.79756826	-0.8906485	-0.8068784	0.7775939	-0.7968313	0.7639769	-0.8135175	-0.7836955	-0.8451244
0.6072135	-0.73273563	0.7016886	0.7395959	-0.76971483	-0.7357703	-0.66688484	0.64563	0.8274258	0.66360617	-0.6700663	0.7247173	-0.72095126	0.7209357	0.66185576	0.79108757
0.28459522	-0.34826908	0.28395528	0.36730793	-0.3930622	-0.328484	-0.34301165	0.3531555	0.388442	0.37108088	-0.38272282	0.31392553	-0.38125145	0.38338888	0.37991595	0.39644018
0.9920447	-0.9862942	0.99137443	1.002033	-1.0253997	-1.0292054	-0.98734295	1.0078307	1.1118902	0.9747517	-1.0490572	1.063031	-0.99792796	1.065469	0.99197936	1.0792174
0.42071185	-0.46925876	0.4726186	0.4620404	-0.4128001	-0.4087501	-0.47099885	0.46398655	0.42324737	0.47839755	-0.41108158	0.44151556	-0.47631326	0.48519692	0.42944434	0.4810882
0.34182134	-0.3877871	0.3373451	0.3500138	-0.3427068	-0.32683295	-0.35046923	0.3074078	0.33756804	0.3600494	-0.38992462	0.37916058	-0.3673522	0.38981602	0.36087137	0.41215745
-0.9879523	0.9550588	-0.9845443	-0.9313536	0.99693966	0.98320043	0.9712309	-0.9386466	-1.0418193	-1.0217012	0.96453077	-1.0335766	0.9921101	-0.9370553	-0.9364217	-1.0437292
0.14107522	0.4276766	-0.43942246	-0.4882511	0.6407788	0.22748007	0.24361409	-0.49827212	-0.68204653	-0.380167	0.6339373	-0.6546225	0.47261298	-0.44050747	-0.43708855	-0.651464
0.14891532	-0.1414937	0.17723003	0.12733571	-0.14721432	-0.21290502	-0.1711876	0.16733296	0.11996893	0.11539121	-0.10906057	0.17569698	-0.17861971	0.19004892	0.20953968	0.11943373
-0.6381073	0.68876475	-0.60538316	-0.6528134	0.680753	0.6320984	0.6628308	-0.68689364	-0.7698375	-0.6703512	0.6977204	-0.6755223	0.6412333	-0.659706	-0.66267097	-0.733285
0.23974103	-0.27000684	0.22616777	0.26789147	-0.2133574	-0.2445985	-0.18998523	0.26236472	0.22544897	0.24171123	-0.28318027	0.26995125	-0.22017509	0.2801312	0.25714892	0.22004244
-0.6732669	0.6183718	-0.6652364	-0.68693465	0.7102962	0.6385887	0.66270936	-0.6105605	-0.70541435	-0.6675179	0.7225457	-0.70566523	0.7017829	-0.68493223	-0.65392447	-0.7471706
0.49067056	-0.60115844	0.55350477	0.59523606	-0.61376137	-0.53104144	-0.5839175	0.5731128	0.5530843	0.5165042	-0.54718	0.6066556	-0.57715917	0.53213567	0.5710895	0.58245677
0.30532688	-0.36914167	0.36246592	0.39394408	-0.34166142	-0.3102635	-0.36126682	0.37938014	0.410057	0.3993323	-0.3341784	0.39578247	-0.34547207	0.32052514	0.3024083	0.33837986
0.50230217	-0.55825186	0.5936381	0.5184128	-0.62654305	-0.5583137	-0.55684435	0.5129409	0.66672665	0.5563902	-0.53361607	0.5721302	-0.5276274	0.54937214	0.5825317	0.5618668
0.47798517	-0.54877603	0.5288567	0.47638753	-0.53874564	-0.5005115	-0.47854847	0.44310147	0.5050996	0.4702174	-0.55373585	0.50155324	-0.4718339	0.4635714	0.5444695	0.5518786
-0.143086	0.11831301	-0.12797964	-0.17115185	0.1490624	0.10278662	0.1546453	-0.2090804	-0.16388586	-0.15754512	0.09971618	-0.13470349	0.1415916	-0.11237306	-0.09649355	-0.1260963
0.29251483	-0.2486708	0.20553197	0.20714267	-0.23306726	-0.23858222	-0.27264923	0.22013058	0.31365356	0.22007522	-0.3101303	0.30133685	-0.21676135	0.23308553	0.20927416	0.31769142
-0.10704079	0.08214904	-0.055658508	-0.05336286	0.019707203	0.01433651	0.101173215	-0.11160717	-0.093848705	-0.06059623	0.09268206	-0.030667245	0.08946226	-0.01750703	-0.0733073	-0.025376538
-0.2862431	0.2761227	-0.2506645	-0.25597575	0.2638072	0.24574433	0.29240188	-0.2864841	-0.28510907	-0.23117468	0.27775624	-0.20701413	0.2256743	-0.20216058	-0.26888323	-0.30357617
0.7822828	-0.8126487	0.8262635	0.76300466	-0.86222816	-0.7507002	-0.8087149	0.78804004	0.8328348	0.77546936	-0.8518401	0.8201358	-0.77482843	0.8382338	0.7998951	0.8606243
0.67821646	-0.5918836	0.6364989	0.6608002	-0.6272539	-0.66409034	-0.6496245	0.60695034	0.655668	0.6221675	-0.59583706	0.59184587	-0.6040895	0.67008084	0.6045336	0.6566561
0.16498385	-0.17846058	0.11235316	0.14209706	-0.19711326	-0.13684063	-0.21860927	0.18387634	0.20098948	0.17983676	-0.21914643	0.2105997	-0.20072822	0.13926911	0.1620151	0.15226538
-0.6434862	0.64252925	-0.618717	-0.6757343	0.7036228	0.5820023	0.5925755	-0.6065618	-0.67660314	-0.68473047	0.69189835	-0.6302825	0.6027451	-0.6777477	-0.6394082	-0.6563458
0.14998944	-0.14861453	0.12186488	0.15953238	-0.11825784	-0.144099	-0.11550436	0.08876178	0.07915853	0.15848209	-0.103702515	0.12338084	-0.16665313	0.1304669	0.15655304	0.14105585
0.1273551	-0.18367659	0.16901137	0.1614385	-0.19397116	-0.14085956	-0.1797802	0.14797556	0.14984833	0.15169644	-0.17531101	0.18286343	-0.19298086	0.14832179	0.108550884	0.1601198
0.2366781	-0.23173945	0.26597095	0.25183687	-0.289672	-0.2726727	-0.24466656	0.20438093	0.2826245	0.27768138	-0.2748205	0.19741859	-0.19781132	0.29926893	0.27958602	0.20747387
-0.27301523	0.27524337	-0.32361293	-0.24084806	0.2489591	0.32184416	0.28320178	-0.2360942	-0.32935372	-0.32333577	0.3114453	-0.24926707	0.2872729	-0.30459005	-0.2302747	-0.25740972
-0.09332075	0.12969309	-0.13671571	-0.07468076	0.07752547	0.096689686	0.08532974	-0.15412885	-0.069461636	-0.095831476	0.13579641	-0.066522785	0.061854903	-0.15147595	-0.07266436	-0.14085996
-0.60198945	0.69836706	-0.7773718	-0.7193006	0.76929235	0.6442467	0.7246903	-0.6819256	-0.79600686	-0.73471224	0.72951144	-0.77515966	0.7202025	-0.6894596	-0.66789633	-0.71918064
0.64627206	-0.627778	0.63222826	0.64291006	-0.66486263	-0.695006	-0.676871	0.6280597	0.73131454	0.6216291	-0.66538686	0.71752757	-0.6158859	0.7105359	0.6380529	0.67160845
0.9546614	-1.0343518	1.0408738	0.95141363	-1.0193366	-0.9566419	-0.96896785	0.93689954	1.0171298	0.9903071	-1.0209221	1.0475694	-0.9931559	1.0275816	0.97698104	0.9994007
-0.37604728	0.38239682	-0.37978864	-0.3509648	0.4161754	0.3634871	0.3839188	-0.36743772	-0.36397284	-0.3215807	0.32625645	-0.37108105	0.34663275	-0.3285719	-0.4012542	-0.3667517
-0.9103807	0.9124832	-0.9226214	-0.90487427	0.8969183	0.9068324	0.92942935	-0.95723873	-1.0180235	-0.9490006	0.91216886	-0.95422626	0.9211046	-0.9669662	-0.8740597	-0.94740546
0.3752447	-0.38406408	0.37197542	0.34235296	-0.38330936	-0.35963997	-0.39034048	0.41973174	0.42477232	0.38973734	-0.37284225	0.38507774	-0.40540275	0.38018215	0.38780928	0.41927418
0.9574126	-0.95342803	1.0462784	0.96842635	-0.9988541	-1.0031716	-0.97517174	0.94382566	1.0552559	1.0260297	-0.995049	1.0269027	-0.9467648	0.9708724	1.0078368	1.0281123
-0.685898	0.76635957	-0.8350667	-0.78456444	0.74449515	0.741881	0.7269642	-0.7815131	-0.8390969	-0.79905033	0.80453616	-0.83047646	0.78595924	-0.7154002	-0.7772063	-0.8446049
0.35679334	-0.33155638	0.40765595	0.40827307	-0.42448822	-0.41029468	-0.41692168	0.38900083	0.39744234	0.32723138	-0.37546292	0.3409593	-0.39358345	0.33243373	0.3509675	0.35936102
0.34299722	-0.522141	0.4336342	0.5128697	-0.55585855	-0.39895415	-0.5186397	0.4727007	0.51791865	0.50442	-0.4800981	0.53977895	-0.4609345	0.44780302	0.46000487	0.5301435
-0.14673679	0.11429742	-0.15891385	-0.11060287	0.06826976	0.15561393	0.08812485	-0.09896801	-0.117068544	-0.10055368	0.117914684	-0.11046479	0.11544452	-0.08452345	-0.11631102	-0.15995999
-0.8445249	0.81211776	-0.8392739	-0.8345259	0.80386746	0.8327716	0.86648077	-0.81258696	-0.8845023	-0.86524856	0.84151053	-0.8081891	0.82503587	-0.78183794	-0.8117019	-0.85873795
-0.28831023	0.23417003	-0.30325136	-0.30266482	0.26312402	0.27691874	0.30239218	-0.29826507	-0.2835007	-0.30198607	0.24075015	-0.3134727	0.25567693	-0.3368899	-0.27414575	-0.3149497
0.78524685	-0.7622629	0.7866127	0.7677447	-0.77403516	-0.83189356	-0.838489	0.8132071	0.78288454	0.8431534	-0.8361635	0.8167162	-0.78539544	0.83893645	0.8019948	0.86865807
-0.60341823	0.7375228	-0.71019226	-0.67212147	0.72986287	0.6814708	0.7190879	-0.70116246	-0.77796704	-0.7236439	0.68918836	-0.6945972	0.69608086	-0.74914163	-0.73616135	-0.704653
-0.91873014	0.8783159	-0.92293113	-0.8216995	0.90824616	0.84226114	0.8614676	-0.9015395	-0.9209148	-0.91484416	0.85239315	-0.86156195	0.83832985	-0.907052	-0.8534905	-0.92996204
-0.6213611	0.63596594	-0.64137787	-0.59691167	0.6048	0.6152506	0.64515656	-0.60349756	-0.69982237	-0.58667475	0.6628963	-0.66648906	0.6093646	-0.67613214	-0.6027078	-0.62619746
-0.5194926	0.5507316	-0.57977575	-0.52464724	0.56415397	0.54887027	0.54879045	-0.4948238	-0.5833943	-0.51184106	0.57138455	-0.5776925	0.5764266	-0.50335467	-0.56888986	-0.5446298
-0.63350433	0.7384132	-0.7041429	-0.68532133	0.6966035	0.6433447	0.7267205	-0.67226857	-0.7717683	-0.7340214	0.7205802	-0.72593427	0.68042177	-0.7076571	-0.6945999	-0.74220055
-0.20569532	0.26164675	-0.23919292	-0.25296426	0.2915582	0.23884553	0.28301495	-0.26383838	-0.27004406	-0.24667902	0.25861523	-0.27330133	0.2309752	-0.29791614	-0.29832292	-0.27584022
-0.79747003	0.8292516	-0.80570173	-0.8306382	0.8437694	0.82046175	0.8643895	-0.84046376	-0.91739595	-0.8689324	0.8763887	-0.899962	0.8341629	-0.86335886	-0.8672097	-0.9028057
-0.61748385	0.6359609	-0.7353594	-0.64511853	0.70574826	0.6496538	0.6451352	-0.6415492	-0.74164426	-0.71318185	0.7167596	-0.7277131	0.650236	-0.6873983	-0.69435424	-0.68838656
0.5595684	-0.54992646	0.5457068	0.61169976	-0.53906476	-0.584826	-0.5935969	0.61467624	0.6082246	0.631875	-0.60400933	0.57210636	-0.6006064	0.6288061	0.624166	0.63179
0.554559	-0.55530584	0.5914876	0.5704498	-0.53508806	-0.5195707	-0.5160887	0.5612169	0.593116	0.5590873	-0.53350234	0.60498035	-0.53177404	0.5348231	0.5881654	0.61277515
0.30130035	-0.3084498	0.29304138	0.3242359	-0.3336547	-0.32889655	-0.27899113	0.2791679	0.29801002	0.2804873	-0.2808669	0.2673137	-0.29062015	0.33980718	0.2904024	0.31000987
0.08915384	-0.18929318	0.13350396	0.15000676	-0.23682223	-0.19803667	-0.16655341	0.15520994	0.2369665	0.24290062	-0.22635263	0.24678734	-0.20063488	0.18423885	0.21114486	0.22318682
0.11089039	-0.13561004	0.038192555	0.10301824	-0.068989016	-0.1000604	-0.13342755	0.075072356	0.13896535	0.11493921	-0.06606354	0.13567412	-0.046263564	0.072424814	0.046019614	0.08037953
0.21946858	-0.20854485	0.3011183	0.24058966	-0.2432567	-0.22188789	-0.2247621	0.28526065	0.2703929	0.25899485	-0.27337775	0.2649303	-0.26652592	0.24299826	0.27195236	0.2399084
-0.83741945	0.9283115	-0.85884804	-0.87342364	0.90062714	0.8614634	0.91185874	-0.8604548	-0.9843931	-0.9242664	0.8734298	-0.92751557	0.8795975	-0.83144015	-0.8565593	-0.9227615
0.46888733	-0.56807494	0.59029746	0.53062624	-0.56629604	-0.5401189	-0.4923188	0.5021185	0.62901795	0.574469	-0.5240421	0.54190046	-0.49010414	0.55355704	0.56416845	0.6083516
0.22227769	-0.20297793	0.20362121	0.20324165	-0.30048504	-0.1897633	-0.22491728	0.1767547	0.28876993	0.21951587	-0.20145	0.2526894	-0.28263962	0.25088662	0.21868452	0.29209062
0.25338724	-0.2928922	0.19278537	0.2175508	-0.23841578	-0.26537335	-0.24898909	0.2656292	0.31370163	0.260119	-0.2516451	0.29261068	-0.24847157	0.21824563	0.25446808	0.27391192
-0.2105272	0.21350127	-0.27467802	-0.19923191	0.21251218	0.18224733	0.27307338	-0.21315816	-0.24784265	-0.274236	0.2345538	-0.26028943	0.23385803	-0.24343202	-0.20517106	-0.20686498
0.49822783	-0.5614154	0.6007493	0.57781774	-0.58587515	-0.5117162	-0.593418	0.533953	0.6318649	0.558664	-0.56902784	0.6186587	-0.5937048	0.570407	0.5752752	0.65213126
-0.3001382	0.31329623	-0.3412031	-0.30636895	0.28296715	0.2559361	0.2351453	-0.2784817	-0.23826882	-0.2818829	0.26889896	-0.23667173	0.2803426	-0.31754404	-0.29145426	-0.3029918
-0.34472921	0.53127444	-0.49431637	-0.52823937	0.5739544	0.44729587	0.4774531	-0.48884785	-0.5169837	-0.46501374	0.48749685	-0.4872682	0.4668743	-0.48514548	-0.49609345	-0.50547737
-0.1417955	0.13271078	-0.15481186	-0.09886322	0.16497484	0.18261948	0.099097714	-0.120041944	-0.13519667	-0.13194078	0.11565649	-0.09092979	0.118612595	-0.14408256	-0.1624815	-0.15890418
0.2859174	-0.21111318	0.24522147	0.20729876	-0.23282656	-0.26711425	-0.27730268	0.2651276	0.26605037	0.2581985	-0.23351996	0.26878166	-0.27865946	0.30521378	0.28315666	0.24559912
-0.9773198	1.0335366	-1.0840738	-1.0008117	1.0783402	0.9893871	1.0613183	-1.061315	-1.0582855	-1.0536377	1.0540088	-1.0408496	0.9906471	-1.0333638	-1.0096738	-1.0932329
-0.59474283	0.5941959	-0.65576494	-0.6789981	0.653276	0.65761364	0.60724473	-0.6366053	-0.6403451	-0.668441	0.6229304	-0.6381279	0.5993612	-0.6804485	-0.654096	-0.66980565
0.12535135	-0.09739105	0.15576667	0.08939353	-0.045932535	-0.10614375	-0.12689231	0.047602136	0.12611765	0.109669924	-0.072205745	0.1118654	-0.10931392	0.08962468	0.09360774	0.08269838
-0.018673789	0.011779457	-0.040018197	-0.0073173754	0.004934548	0.05196819	0.04422417	-0.0776713	0.032309458	-0.03222352	0.08227056	-0.06664149	0.07693363	-0.04236284	-0.032572713	-0.020752532
-0.2684386	0.23745036	-0.22122478	-0.20900044	0.17526747	0.2677089	0.24028783	-0.18861616	-0.19920187	-0.2633887	0.24039508	-0.16849168	0.16874024	-0.17843905	-0.21002717	-0.2554487
-0.8988491	0.8866072	-0.8480885	-0.87058824	0.95055515	0.8587075	0.9200771	-0.9119656	-0.96723306	-0.91648555	0.9058163	-0.9304269	0.8892675	-0.9343804	-0.9027615	-1.0026708
-0.7887953	0.8309552	-0.786878	-0.88321584	0.875818	0.8679008	0.79956937	-0.82459825	-0.8406199	-0.81559885	0.8541984	-0.8074314	0.87596375	-0.8211206	-0.85507095	-0.8392361
-0.0138481315	0.03277043	-0.061222404	-0.029686024	0.006048053	-0.02197977	0.019197097	-0.0014721598	-0.043019813	0.008707231	0.030617367	-0.027906103	0.040041123	0.012063296	-0.03801411	0.008113536
-0.42796752	0.39050007	-0.41449133	-0.40187752	0.3945132	0.46800864	0.38756597	-0.44897074	-0.38548118	-0.44682613	0.3728111	-0.39449492	0.4268429	-0.39044788	-0.39642307	-0.42036846
0.40471873	-0.41623712	0.39570278	0.4316877	-0.4141252	-0.40774447	-0.46308953	0.46811095	0.42768997	0.48372146	-0.42219174	0.39785996	-0.4362121	0.40830952	0.45177555	0.49538633
-0.6176248	0.7213865	-0.7574339	-0.7178316	0.7341771	0.7838634	0.6907767	-0.75578254	-0.80630004	-0.73631036	0.7750076	-0.720066	0.78724205	-0.752789	-0.774252	-0.8244483
-0.20611486	0.22616194	-0.19149786	-0.16509384	0.20947257	0.21859144	0.24331056	-0.24244975	-0.1936482	-0.24129027	0.19609167	-0.18493325	0.146789	-0.19696836	-0.24565233	-0.23605922
-0.4367334	0.46002653	-0.48902807	-0.44685754	0.5115212	0.49687788	0.47431123	-0.51603043	-0.5679291	-0.5368856	0.52904	-0.52092624	0.48515144	-0.46951294	-0.49447536	-0.5676184
0.6105531	-0.65997803	0.64340866	0.5973478	-0.6673887	-0.64311737	-0.58167106	0.59321016	0.6937108	0.6510934	-0.62696874	0.67326367	-0.5918318	0.59134936	0.57491624	0.6076039
-0.7816248	0.80091524	-0.8954608	-0.75642323	0.78111774	0.77498215	0.8240124	-0.82724583	-0.88729376	-0.84173924	0.7958265	-0.7874411	0.75998366	-0.77012557	-0.7681172	-0.81251717
0.43221468	-0.4632803	0.4964186	0.4435123	-0.43616956	-0.46648404	-0.45686916	0.41904858	0.41457826	0.40956745	-0.43453938	0.47922975	-0.40970027	0.40999815	0.42011684	0.4308033
-0.280913	0.26244748	-0.35769716	-0.23942879	0.27481344	0.26355538	0.25392497	-0.2853597	-0.31718332	-0.3187931	0.31639186	-0.23492193	0.3182775	-0.2865336	-0.3141961	-0.28736135
-0.19698508	0.22027266	-0.2150094	-0.28271043	0.19637637	0.2697597	0.23779194	-0.2508418	-0.28084597	-0.26277566	0.22403063	-0.25214905	0.2066244	-0.26189315	-0.20567133	-0.2101597
-0.04699483	0.0696842	-0.0075800717	-0.014404174	0.013521627	0.045083053	0.02482633	-0.061434064	-0.0049432064	-0.012002089	0.04194266	-0.060324438	0.06451083	-0.04791206	-0.08588076	-0.0520016
0.1519249	-0.12369499	0.23378816	0.1382408	-0.19634622	-0.2198841	-0.1224109	0.15392837	0.17459372	0.2122768	-0.17279182	0.17692707	-0.17589529	0.19039345	0.19228368	0.20480938
-0.36356437	0.518797	-0.44934228	-0.4840952	0.4837886	0.5121582	0.49026304	-0.470884	-0.53321975	-0.45971295	0.48007727	-0.52501637	0.47344995	-0.48585874	-0.52225983	-0.47539973
0.58742297	-0.6049105	0.6697249	0.66425395	-0.67957616	-0.61139864	-0.6487189	0.6644664	0.6633862	0.64931715	-0.6316666	0.672938	-0.59705913	0.6795911	0.6245072	0.6744541
-0.6552715	0.69440985	-0.6856999	-0.7464123	0.6993177	0.7078965	0.71909213	-0.66176116	-0.7485998	-0.7392736	0.7150941	-0.75832397	0.66043943	-0.72894746	-0.686218	-0.6866353
-0.6432737	0.55962396	-0.6570595	-0.5499877	0.5744096	0.60852796	0.59756446	-0.62363106	-0.6344281	-0.57724893	0.61982626	-0.6282218	0.5955094	-0.6049406	-0.6420325	-0.6084265
-0.28361413	0.28805703	-0.35666445	-0.3250161	0.3040446	0.29256386	0.2944781	-0.3196679	-0.3060499	-0.34345335	0.30830553	-0.29716283	0.3103707	-0.28396964	-0.28363284	-0.33351526
0.052720107	-0.03823486	0.05762564	0.019011162	0.007124397	0.022633485	0.02930059	-0.065916285	0.00639612	0.025303306	-0.024604158	-0.035419412	0.021279009	-0.029057551	0.05233106	-0.032444503
-0.6796102	0.7090654	-0.6893313	-0.63161314	0.7019435	0.6362725	0.6700245	-0.6511107	-0.64408714	-0.6355043	0.64907324	-0.6635505	0.64769924	-0.6943356	-0.69731367	-0.68301445
-0.6346643	0.689519	-0.6581269	-0.6893518	0.62944955	0.6594829	0.6738926	-0.6278239	-0.7132354	-0.69227743	0.6238215	-0.66447127	0.61383146	-0.6734852	-0.66746354	-0.6456101
0.6330245	-0.71768916	0.7088345	0.7143438	-0.6975096	-0.68869734	-0.7048852	0.68249226	0.74053395	0.7207759	-0.72708917	0.6419951	-0.71696234	0.70363915	0.66257125	0.72391355
-0.033860695	-0.021613825	-0.079336576	-0.011650982	-0.031372264	0.029404009	-0.013147901	0.024523947	-0.05507058	0.008791748	0.055744603	0.03213028	0.055910625	-0.01114326	-0.022368679	-0.039701447
0.112921916	-0.2372388	0.11029061	0.20281433	-0.22085336	-0.16547489	-0.2173988	0.18220337	0.2021016	0.1811385	-0.18164624	0.21740365	-0.15387034	0.15318319	0.23942976	0.20407535
0.28428742	-0.2693187	0.18732105	0.24073865	-0.20116131	-0.2421993	-0.2631262	0.15962042	0.2765674	0.20300607	-0.17745711	0.188406	-0.16167304	0.20363174	0.23527803	0.20368774
-0.8012423	0.8473772	-0.84672534	-0.8166118	0.86520404	0.8719888	0.8199593	-0.80951947	-0.90894544	-0.8793901	0.8733874	-0.89957285	0.7868394	-0.83579713	-0.81169057	-0.89050806
-0.37067991	0.35149932	-0.38502666	-0.40097165	0.41303834	0.4090552	0.41967708	-0.3698314	-0.4346016	-0.4120307	0.44688636	-0.37138975	0.3909332	-0.35347837	-0.42939413	-0.40949762
-0.5599643	0.5102419	-0.57594633	-0.5607601	0.5227369	0.589597	0.6028559	-0.5568138	-0.60471195	-0.5190115	0.55006105	-0.5640486	0.5713798	-0.5957371	-0.5496047	-0.5689322
-0.40407658	0.44026488	-0.45265952	-0.42787495	0.43230805	0.4337969	0.36966062	-0.38656554	-0.38759753	-0.39166963	0.3916782	-0.39475903	0.399842	-0.4458564	-0.350109	-0.39072147
0.47099546	-0.6052273	0.54698586	0.60124403	-0.6035758	-0.60981977	-0.60839164	0.60110533	0.642912	0.62175757	-0.5787438	0.59352386	-0.57611674	0.58044124	0.5967933	0.6443571
-0.37410155	0.36179954	-0.414397	-0.35295954	0.30620232	0.3375704	0.3798031	-0.39506578	-0.39117867	-0.3947247	0.39423612	-0.31373134	0.3386834	-0.38727358	-0.32112497	-0.3136913
0.6110986	-0.64438534	0.71126395	0.67513347	-0.6937065	-0.684271	-0.69209117	0.68897724	0.7458637	0.7148243	-0.71628934	0.7255937	-0.6375625	0.6766526	0.6272169	0.65586233
-0.63968736	0.60795003	-0.59620064	-0.67593837	0.62666386	0.6809865	0.64513487	-0.6943068	-0.6707486	-0.60154104	0.6279698	-0.6523712	0.58697826	-0.65023696	-0.6558912	-0.65343136
-0.32627237	0.40304208	-0.33065015	-0.41637132	0.37263688	0.39926308	0.4109858	-0.3464555	-0.37299863	-0.3643816	0.40338954	-0.4210041	0.41831943	-0.4058625	-0.40020236	-0.37538064
-0.12131125	0.13147932	-0.12804662	-0.105590835	0.17142227	0.1367189	0.1050319	-0.14255832	-0.09083082	-0.18002293	0.13159893	-0.16284664	0.15557168	-0.15377523	-0.11741299	-0.09779234
-0.1989879	0.20956792	-0.2406418	-0.25124213	0.19672577	0.1697802	0.17831095	-0.19141898	-0.25136644	-0.1740935	0.19165747	-0.24567635	0.2192894	-0.15551981	-0.17326526	-0.24836856
0.17675784	-0.1817243	0.18536845	0.19424652	-0.23023921	-0.24449658	-0.1804907	0.2033672	0.25737533	0.21383563	-0.2702041	0.2108179	-0.24525192	0.2070289	0.18232071	0.26462322
-0.4647645	0.63327235	-0.60867006	-0.6158787	0.60071343	0.54967517	0.5721725	-0.617029	-0.66804826	-0.6223348	0.6601661	-0.6045086	0.63795656	-0.58504856	-0.5711291	-0.66825724
0.5786866	-0.6872604	0.7164567	0.66359526	-0.6818192	-0.65629965	-0.6542466	0.6032249	0.75934094	0.7006632	-0.6658572	0.69670886	-0.68520457	0.64331484	0.7164561	0.7295591
-0.05617439	0.1085029	-0.13438411	-0.14006905	0.050996564	0.11501543	0.057865873	-0.1382513	-0.079937674	-0.06428141	0.105849266	-0.14791766	0.09392067	-0.13299082	-0.10076404	-0.10723725
0.41172606	-0.4735873	0.47718883	0.5116799	-0.5599689	-0.42835048	-0.44743103	0.4486851	0.5435698	0.48500696	-0.5597005	0.51319104	-0.47020677	0.4547773	0.5017481	0.52834326
0.4271679	-0.5149926	0.43848503	0.5097394	-0.51972055	-0.52129793	-0.52528137	0.49075615	0.5518703	0.52082247	-0.51371014	0.5402435	-0.43770644	0.5305722	0.46139523	0.5066651
0.87239254	-0.8438411	0.93478453	0.83606404	-0.9159388	-0.91117483	-0.85064375	0.8847147	0.88377243	0.866133	-0.9058013	0.88707083	-0.9063673	0.8378865	0.8445405	0.9529867
0.06376112	-0.018794049	0.076643385	0.081599176	-0.03297358	-0.05577336	-0.10716629	0.0028461665	0.08884748	0.094132975	-0.10162448	0.02523033	-0.04969454	0.107308745	0.0137759885	0.101603895
0.4771012	-0.41508263	0.3877949	0.35529214	-0.42254576	-0.47842917	-0.44456834	0.41841537	0.4287423	0.3885584	-0.36872044	0.46142924	-0.343741	0.4489683	0.37359217	0.4729719
-0.5467995	0.50837564	-0.5422902	-0.50626886	0.5983054	0.57119334	0.5020505	-0.56526744	-0.5233641	-0.5437307	0.5449586	-0.528511	0.5811692	-0.55318654	-0.52133024	-0.59291375
-0.7296542	0.6721879	-0.79044175	-0.6594621	0.76197827	0.7551696	0.70428497	-0.71913415	-0.7562346	-0.7310564	0.7239726	-0.7353193	0.68752366	-0.7172194	-0.738669	-0.7210824
0.12438267	-0.25190145	0.12510936	0.22504413	-0.24061018	-0.18102524	-0.24436457	0.24587995	0.20846696	0.19201745	-0.24218729	0.25997326	-0.23460387	0.2556172	0.19301696	0.28254107
0.42683166	-0.40570405	0.42014766	0.40348384	-0.43492165	-0.38540798	-0.3918009	0.4111907	0.37559536	0.345794	-0.4239101	0.43289858	-0.36493692	0.38697752	0.38309184	0.35741884
-0.17441165	0.15419516	-0.17243747	-0.23493399	0.2269204	0.20667726	0.22052561	-0.19372514	-0.21861845	-0.19442871	0.24435128	-0.20900254	0.16895011	-0.20466323	-0.1793569	-0.17684849
0.64199746	-0.70184046	0.6997701	0.7226448	-0.72197956	-0.707945	-0.73149914	0.6907328	0.77143425	0.74474746	-0.75547683	0.7635626	-0.67319214	0.7631301	0.723795	0.76304305
-0.2754621	0.22249377	-0.2882753	-0.21023484	0.2628758	0.26808122	0.20449126	-0.24538244	-0.22890809	-0.18345724	0.2270873	-0.20231241	0.17786518	-0.21635431	-0.24865748	-0.23512512
-0.71262026	0.7955527	-0.78581494	-0.7955286	0.84744006	0.76334786	0.82026035	-0.80091506	-0.8208984	-0.8275704	0.85372734	-0.83869416	0.7545713	-0.7677412	-0.7962354	-0.86448866
0.2722689	-0.2375135	0.23299867	0.2444198	-0.2707589	-0.22208788	-0.23646128	0.20486838	0.28493205	0.26715043	-0.25232348	0.19559869	-0.23444529	0.19739161	0.22372402	0.24469523
-0.6581047	0.65714294	-0.64101267	-0.60007113	0.675007	0.62123245	0.58577645	-0.6471127	-0.64097327	-0.645449	0.68217593	-0.6663347	0.6621511	-0.6232378	-0.6706234	-0.67190224
-0.623883	0.61035043	-0.6863191	-0.6168041	0.62291545	0.59601736	0.60982627	-0.69205666	-0.74212503	-0.6036726	0.6200867	-0.70264196	0.6629005	-0.62105924	-0.60496724	-0.65205294
0.40005574	-0.344478	0.35262886	0.33413267	-0.38327163	-0.3855446	-0.34809652	0.3282248	0.36744663	0.32453078	-0.37270355	0.39391267	-0.3322	0.39840308	0.35509655	0.3995872
-0.12925251	0.11362921	-0.16265377	-0.13304774	0.14745912	0.113603294	0.116521806	-0.13797419	-0.095981345	-0.17086512	0.08979258	-0.118853934	0.11794057	-0.17157443	-0.13749999	-0.11675618
-0.64085394	0.64506537	-0.7170689	-0.6556581	0.7099827	0.62358224	0.65656906	-0.6849155	-0.71022093	-0.6728847	0.64923316	-0.70340407	0.6306272	-0.64728343	-0.70917434	-0.6861499
-0.3312039	0.3845821	-0.39680985	-0.38065496	0.31339952	0.36813176	0.332172	-0.3144036	-0.3746833	-0.34356174	0.36576703	-0.31582248	0.33992702	-0.3501433	-0.3239719	-0.35876805
0.7966095	-0.86044407	0.92785364	0.8850222	-0.835479	-0.85360193	-0.9068506	0.8460697	0.9571315	0.912278	-0.884079	0.86328715	-0.8533261	0.8541765	0.82717973	0.92963016
-0.08174599	0.04184718	-0.10397232	-0.026179532	0.025787622	0.041196473	0.0401991	-0.039695457	-0.093157925	-0.056653485	0.056877498	-0.07254192	0.11304654	-0.08259294	-0.01700103	-0.086478494
-0.10294925	0.16550674	-0.17041853	-0.16217847	0.11978051	0.16652727	0.10121616	-0.124062166	-0.1526757	-0.18248554	0.092551485	-0.14648366	0.09899103	-0.18564692	-0.15673405	-0.10824147
-0.06710808	0.10998664	-0.049775306	-0.07153341	0.032502014	0.04202431	0.027847126	-0.10562417	-0.108773	-0.09197864	0.031825848	-0.10245295	0.024351468	-0.03904839	-0.056458537	-0.059644595
-0.6806771	0.76892483	-0.7475623	-0.77876365	0.7218826	0.74911684	0.6948252	-0.73981553	-0.8100012	-0.7692472	0.76799387	-0.76768464	0.74473435	-0.7223756	-0.7694121	-0.7319578
0.22904508	-0.22845238	0.17550386	0.23305058	-0.18891262	-0.22561225	-0.20438375	0.19137353	0.1569949	0.19896653	-0.14404199	0.1830191	-0.17015049	0.16199933	0.23992382	0.2365679
-0.5592319	0.49388936	-0.540838	-0.5135695	0.48416713	0.49098372	0.49750552	-0.53697157	-0.502368	-0.52389723	0.54014957	-0.5514647	0.4832139	-0.5805612	-0.5407996	-0.5832631
0.78236026	-0.7625425	0.8201318	0.77594817	-0.8136215	-0.7651222	-0.78261995	0.8143723	0.8557575	0.79598236	-0.824805	0.76172227	-0.811691	0.7643124	0.7677162	0.7991572
0.7993007	-0.75089455	0.834991	0.8114695	-0.84749085	-0.8094118	-0.79733676	0.8195321	0.82275605	0.77564645	-0.8029028	0.84673905	-0.78942066	0.8383765	0.81547606	0.862779
0.7731059	-0.8577333	0.84147334	0.8283927	-0.89939207	-0.7814358	-0.81303996	0.8142476	0.86282325	0.87744486	-0.79942745	0.8383061	-0.7763735	0.8464731	0.7934111	0.8954586
0.77449447	-0.81189644	0.8401732	0.8800189	-0.87898195	-0.842246	-0.7927436	0.84409183	0.8792269	0.87708676	-0.87382555	0.84476316	-0.7836369	0.7994881	0.86251366	0.84468997
-0.69538194	0.72908574	-0.7308822	-0.75305027	0.79587924	0.6828029	0.7788577	-0.73742336	-0.82305795	-0.73373175	0.71900374	-0.7778393	0.7156883	-0.7431774	-0.75142217	-0.7512744
-0.16464624	0.13058147	-0.15163448	-0.19041456	0.17236172	0.123080105	0.17519373	-0.2061733	-0.18504493	-0.1620142	0.14823371	-0.19303243	0.14481889	-0.12546226	-0.13984147	-0.20985553
-0.47075307	0.4381468	-0.5547971	-0.49467626	0.46693268	0.46805567	0.50671023	-0.5010865	-0.5158181	-0.41853282	0.43502086	-0.45777303	0.49324146	-0.5020429	-0.4478444	-0.48546702
0.2669732	-0.286737	0.29467705	0.28045803	-0.24150817	-0.25757217	-0.22810958	0.2168478	0.3063353	0.2532367	-0.25978407	0.30795828	-0.24720153	0.24778359	0.21344215	0.23678656
0.36896607	-0.51198876	0.4453566	0.49588954	-0.5153621	-0.4822288	-0.43482357	0.46201593	0.6417385	0.5047635	-0.4743482	0.4774728	-0.4693412	0.46361062	0.4756825	0.52624947
0.060748447	-0.033851616	0.036669724	0.028762061	0.011028314	-0.044038374	0.041862845	-0.000178069	0.017356828	0.001447771	0.0006357957	-0.0012012183	-0.013737551	-0.047066715	-0.0038518675	0.010244597
0.44465965	-0.58861685	0.5944782	0.5767134	-0.6618797	-0.5052005	-0.59100235	0.55576867	0.68200827	0.5451515	-0.6224756	0.5723345	-0.5168359	0.55383354	0.536023	0.6246426
-0.37390575	0.3448304	-0.39827746	-0.2709766	0.35412192	0.37262464	0.2875079	-0.41899747	-0.3407279	-0.35334557	0.33825728	-0.36542955	0.2711385	-0.37660798	-0.3005409	-0.35943088
-0.6520366	0.7620022	-0.7738811	-0.68801224	0.761897	0.74613684	0.73035306	-0.6984541	-0.7977079	-0.7366166	0.78187984	-0.720025	0.75970393	-0.7637653	-0.6922421	-0.7859756
0.29194096	-0.3385645	0.36206025	0.32117984	-0.3468785	-0.32307324	-0.33028316	0.40106612	0.42954776	0.4035088	-0.3358746	0.3387489	-0.3806002	0.40193862	0.39491558	0.33693695
-0.10560994	0.07151796	-0.11556356	-0.11550677	0.11578115	0.110208385	0.1295321	-0.14511527	-0.07316453	-0.06807422	0.06269803	-0.12215279	0.102335215	-0.09080354	-0.08997458	-0.14021742
0.7136311	-0.7675616	0.7220038	0.70218784	-0.80604786	-0.7679323	-0.7443407	0.6893679	0.8069441	0.7145439	-0.72427076	0.8036891	-0.76260495	0.793527	0.7695398	0.76986575
-0.62479854	0.64302504	-0.6302886	-0.65083647	0.60654676	0.6562358	0.67549247	-0.62203604	-0.62883806	-0.60870385	0.684984	-0.678408	0.6229161	-0.61590356	-0.68018484	-0.6718752
-0.61951137	0.765535	-0.71976244	-0.6872982	0.7354278	0.74535614	0.69588244	-0.6654685	-0.7200273	-0.72046655	0.7472478	-0.7550991	0.7463036	-0.6702304	-0.7045278	-0.7228178
-0.49701494	0.6187305	-0.6407411	-0.62641346	0.5859488	0.55229	0.6093581	-0.5891457	-0.60822976	-0.596035	0.6246775	-0.60403085	0.56844306	-0.5833954	-0.5613271	-0.6164101
-0.77889127	0.81355953	-0.75702	-0.7837865	0.7857978	0.80293345	0.81834227	-0.7783817	-0.7921242	-0.7737349	0.83034426	-0.7676319	0.77311254	-0.74190253	-0.80490136	-0.85425997
-0.53399855	0.5103657	-0.5835867	-0.5357922	0.52637017	0.5426693	0.47112843	-0.5364526	-0.5940561	-0.48638234	0.54813623	-0.47280282	0.5507154	-0.5539471	-0.53051525	-0.4861797
0.5033348	-0.47657365	0.45256165	0.5139438	-0.48469922	-0.4541008	-0.48281676	0.46621713	0.50966847	0.52629393	-0.45936832	0.47738948	-0.4389296	0.52320635	0.49372634	0.5827623
-0.7111744	0.7824175	-0.81918275	-0.79063	0.7414679	0.76520514	0.7396625	-0.77165776	-0.75538	-0.73425096	0.78789204	-0.73303014	0.78550565	-0.70860976	-0.7122295	-0.74777
0.16736466	-0.19155039	0.17226307	0.21869975	-0.20848271	-0.20131655	-0.1667441	0.1951827	0.20104896	0.18378358	-0.17431153	0.20550972	-0.1986801	0.20374233	0.16006748	0.17035004
-0.6308565	0.74512297	-0.6406246	-0.6702038	0.6803569	0.6614383	0.70457256	-0.683338	-0.78321093	-0.7372881	0.7410627	-0.72547406	0.6566364	-0.7306212	-0.68332225	-0.7728162
0.013067333	-0.012976903	0.0622274	0.014680203	-0.020232141	-0.045605093	-0.07097547	0.060878824	0.019114278	0.0661683	-0.041878052	0.0037442306	0.0013062947	-0.008014006	0.024258567	0.061060585
-0.2611628	0.22744443	-0.31144485	-0.29507232	0.24110962	0.2526152	0.21765898	-0.23776348	-0.2705839	-0.28494194	0.22419164	-0.22955573	0.2614442	-0.2797301	-0.2697862	-0.3032206
0.053897776	-0.021039354	0.05466265	0.021532046	-0.027420536	-0.00979745	-0.03481477	-0.06308483	0.03633549	-0.0045316936	-0.02508052	-0.038585164	0.012597642	0.0063957465	0.032576784	0.024221964
0.9136557	-0.90467155	0.93937784	0.8619013	-0.91211724	-0.91620654	-0.8657792	0.8576491	0.996564	0.92672783	-0.9490561	0.9315619	-0.9330814	0.8765823	0.88059855	0.9494617
0.7177159	-0.8147182	0.75155556	0.72563267	-0.78399706	-0.7597235	-0.72700685	0.7217887	0.76124156	0.7416197	-0.73156935	0.81616414	-0.76463133	0.78860736	0.7315268	0.7668034
0.35919625	-0.27037936	0.39051214	0.30217108	-0.347625	-0.3226965	-0.38745385	0.34010282	0.31202507	0.31604815	-0.34026542	0.29618227	-0.37846217	0.29606813	0.35476038	0.38158122
0.7834757	-0.80201566	0.8377621	0.8320245	-0.8050905	-0.80770224	-0.8647104	0.83831215	0.86627394	0.8334846	-0.8685349	0.8027932	-0.8343264	0.8387773	0.7760583	0.8829508
-0.4911337	0.634654	-0.66791743	-0.7000825	0.6983192	0.59137094	0.6764611	-0.72443783	-0.7128732	-0.69626707	0.7396435	-0.7310095	0.6425609	-0.71098965	-0.6135385	-0.7221699
0.32721218	-0.32508594	0.40704238	0.32760873	-0.39983818	-0.33177775	-0.331512	0.37283215	0.36687806	0.33132923	-0.37107572	0.31736356	-0.33516738	0.3409035	0.35959128	0.33382526
-0.59015787	0.5733741	-0.6661121	-0.6227926	0.6211447	0.64339805	0.56277454	-0.7027124	-0.7103464	-0.5933349	0.6588231	-0.6420865	0.65277743	-0.6502023	-0.6040121	-0.6413849
-0.66287994	0.5999551	-0.6538044	-0.59924054	0.57931143	0.5881602	0.58884	-0.63402975	-0.6289379	-0.59440297	0.596887	-0.57777286	0.6139554	-0.6020398	-0.64109653	-0.64374363
-0.43937975	0.6081423	-0.657605	-0.6778815	0.66649836	0.5445374	0.55880356	-0.6818617	-0.7435817	-0.58294445	0.617604	-0.63430524	0.66466385	-0.57361895	-0.62353253	-0.67457306
0.255288	-0.21687852	0.19545354	0.270824	-0.22086744	-0.2985935	-0.23205473	0.23079403	0.22990303	0.27082556	-0.23217216	0.24948879	-0.23298037	0.23945357	0.27762744	0.23871367
0.6590688	-0.75753874	0.7740956	0.7306797	-0.77428037	-0.7713889	-0.6879845	0.70446044	0.767929	0.68724406	-0.7435794	0.7729646	-0.68285865	0.7613751	0.71216255	0.7802847
-0.8495943	0.94436866	-0.85476375	-0.85455275	0.9253662	0.85934305	0.871927	-0.9379184	-0.9785589	-0.889877	0.9294494	-0.961322	0.9014579	-0.8914214	-0.8902446	-0.95337677
0.08735656	-0.022695355	0.023112345	0.10088479	-0.029105768	-0.04584602	-0.04042008	0.116796814	0.007138092	0.07087636	-0.10319512	0.10732309	-0.035164848	0.06700607	0.035425525	0.076585196
-0.32883823	0.35885614	-0.3305127	-0.34724292	0.2938442	0.34508127	0.29180023	-0.3675124	-0.33331797	-0.30284297	0.30915308	-0.26727864	0.35577276	-0.2908254	-0.33652544	-0.2717268
0.15493184	-0.18912503	0.22448805	0.16892779	-0.23560305	-0.20967938	-0.20932889	0.20674224	0.25507045	0.22598383	-0.24360631	0.19669741	-0.21183112	0.16873112	0.20838158	0.2629332
0.19172122	-0.2615931	0.23160934	0.23376782	-0.22616586	-0.22423948	-0.26342988	0.1968026	0.253103	0.274348	-0.28225648	0.26839346	-0.18523125	0.2672911	0.25451827	0.26983503
0.5729211	-0.6215826	0.5601862	0.61775976	-0.6278221	-0.55676365	-0.5795732	0.5545278	0.6016278	0.59315836	-0.612551	0.65265685	-0.61334825	0.5667046	0.5737085	0.6399486
0.24949302	-0.29036742	0.28568986	0.26929379	-0.29279506	-0.26532957	-0.2656088	0.24788953	0.28916404	0.24900356	-0.30879018	0.22205941	-0.2987141	0.22618446	0.28872746	0.26277316
-0.36617592	0.45945486	-0.51978123	-0.49942642	0.48020166	0.41450995	0.5014287	-0.43202212	-0.52921176	-0.5131477	0.47239596	-0.51828593	0.45319638	-0.4775784	-0.4801188	-0.52799886
0.2533215	-0.18190247	0.17049694	0.22776164	-0.21174504	-0.24562283	-0.17454359	0.17986575	0.2678192	0.2587414	-0.26574433	0.21575098	-0.24554648	0.20368306	0.18835792	0.2429751
0.5375974	-0.50782084	0.5408061	0.5332087	-0.62124026	-0.55398834	-0.5372166	0.53111875	0.5478878	0.5460853	-0.5826521	0.52544194	-0.528942	0.5628928	0.52648854	0.596214
-0.4309714	0.46656153	-0.46517414	-0.5009759	0.46798503	0.44780156	0.5090101	-0.45766518	-0.56543326	-0.51837045	0.45773226	-0.46518928	0.5313248	-0.5352751	-0.5252127	-0.52654433
0.27853966	-0.19882935	0.22846454	0.2540843	-0.18173352	-0.24912393	-0.20317441	0.18321177	0.20952615	0.23502785	-0.24438202	0.2575184	-0.22942135	0.20917772	0.24858865	0.25231156
-0.62192047	0.65098006	-0.6355155	-0.6329151	0.672494	0.68104076	0.67140037	-0.6464083	-0.701322	-0.6770966	0.63750947	-0.6772658	0.6246869	-0.64754874	-0.668923	-0.6650949
-0.9251125	0.9927387	-0.94573945	-0.92752934	0.99446607	0.9232278	0.95124274	-0.96018183	-1.000795	-0.9265009	0.9307002	-0.94966954	0.9189865	-0.9386507	-0.89382166	-0.9424927
0.07334475	-0.1328197	0.043580722	0.11062432	-0.05723275	-0.09062115	-0.13531765	0.096742064	0.13647969	0.0893306	-0.1252992	0.106715016	-0.10780079	0.078044765	0.13165551	0.1190808
-0.9274826	0.8894184	-0.8921482	-0.88010997	0.9718819	0.884224	0.8868142	-0.9711793	-0.9919588	-0.9495491	0.9307124	-0.9590459	0.8787502	-0.94201463	-0.9360277	-0.9787512
-0.1309339	0.10389882	-0.17333895	-0.10319465	0.09514445	0.17993534	0.15776719	-0.12992533	-0.11369623	-0.11510824	0.09012801	-0.18359809	0.1561475	-0.10501333	-0.19376168	-0.124521114
0.48475266	-0.551597	0.50742507	0.47688934	-0.55487144	-0.47436124	-0.50678414	0.5240593	0.5722691	0.5252381	-0.50301754	0.5345189	-0.54308754	0.49500427	0.56637716	0.5673617
0.6741712	-0.6391366	0.6827087	0.6727315	-0.6866187	-0.67423594	-0.67072004	0.6212004	0.72334856	0.6398744	-0.64438313	0.74027467	-0.68893063	0.64289224	0.6567611	0.6686145
0.6112751	-0.60261583	0.64199793	0.59860146	-0.6862407	-0.60096633	-0.5924697	0.6074141	0.6263029	0.6147153	-0.60995376	0.6059897	-0.6701513	0.62139773	0.6331664	0.6437002
-0.03251688	-0.016852794	-0.049565688	-0.0077502895	-0.025146198	0.032447368	0.020920515	-0.036980383	-0.06310644	-0.06870007	0.042703707	0.022961546	0.020642145	-0.06446067	-0.033518888	0.0115556
-0.24815513	0.22773829	-0.2834291	-0.2732645	0.22574008	0.21284065	0.2620338	-0.21268363	-0.22178096	-0.2778812	0.21382998	-0.2806157	0.20656851	-0.2057559	-0.23478754	-0.28407592
-0.68665475	0.6943183	-0.7298606	-0.60498416	0.634237	0.67381287	0.7065125	-0.68146235	-0.6345541	-0.67702013	0.6774078	-0.6377357	0.6161583	-0.72593904	-0.6822343	-0.70386124
0.39772895	-0.38970554	0.4307617	0.42635685	-0.47367492	-0.4366818	-0.4603937	0.35212868	0.44242597	0.49655014	-0.48788717	0.43774205	-0.44453907	0.4056443	0.4628893	0.4927363
-1.088787	1.0386013	-1.0329305	-1.0107971	1.0992866	1.0501424	1.1118331	-1.0690824	-1.1603744	-1.0302997	1.1100814	-1.0293171	1.0312157	-1.0285246	-1.0126257	-1.0521001
0.02517832	-0.07880435	0.089743726	0.10792382	-0.059292708	-0.12702796	-0.07154961	0.05076507	0.07172501	0.07038538	-0.14767598	0.13574149	-0.06358473	0.08249216	0.09187189	0.13417974
-0.009584999	-0.056312285	-0.018787568	-0.002403048	-0.053854328	0.019936867	-0.02664492	0.034432847	0.033242766	0.006205188	-0.017734168	-0.01287128	0.02152418	-0.015765334	0.025757562	-0.01914991
0.1716747	-0.17777337	0.09983174	0.13475758	-0.19881028	-0.11320386	-0.17339872	0.13357961	0.14381367	0.1854392	-0.19596337	0.19996013	-0.13463058	0.12978736	0.18301909	0.15437286
0.49508825	-0.5365846	0.50373816	0.4955501	-0.47351173	-0.4662767	-0.4876008	0.48128253	0.5074548	0.5094937	-0.5061715	0.5321255	-0.51564914	0.47774175	0.511426	0.5698841
-0.37637234	0.33597884	-0.35836366	-0.30642566	0.3533974	0.3399147	0.30492395	-0.29836226	-0.3777852	-0.35416028	0.29547855	-0.37202704	0.32224718	-0.3542045	-0.29639146	-0.31131306
0.28001544	-0.3075926	0.24169172	0.24748595	-0.28704718	-0.21018146	-0.27260396	0.2534467	0.30202627	0.30395752	-0.30090848	0.31218997	-0.23021786	0.28804237	0.23568687	0.32298124
0.84475946	-0.8025647	0.7996224	0.7997189	-0.81741273	-0.84545094	-0.8481861	0.84998125	0.9144904	0.88843066	-0.81500006	0.81707114	-0.8158756	0.8592724	0.838324	0.8529112
-0.20349054	0.13705109	-0.2225349	-0.13555504	0.17220634	0.14439406	0.16578972	-0.18907936	-0.18753646	-0.23282416	0.2150897	-0.16785806	0.18855208	-0.21391946	-0.20169261	-0.17411424
-0.9378311	0.9958301	-0.99405605	-0.9540416	0.94892836	0.9673594	0.96669596	-0.90988183	-0.97984445	-0.97484946	0.9641036	-0.9514173	0.9387299	-0.963931	-0.98617226	-1.0138705
0.07201051	0.013472499	-0.0074467156	-0.031762816	0.045515403	0.03147966	0.010014993	-0.027594259	-0.034920976	0.045600053	-0.006236222	-0.01700088	0.04441942	0.025379596	0.037352853	-0.043049518
-0.497599	0.4907302	-0.46056452	-0.43581942	0.50230634	0.42386615	0.49582526	-0.48253882	-0.48716798	-0.4894407	0.48734874	-0.52930856	0.4571708	-0.47901952	-0.4878994	-0.49976924
-0.35235405	0.34863797	-0.39627716	-0.34904248	0.41013026	0.38167423	0.3822172	-0.36244005	-0.42427927	-0.39591336	0.38353336	-0.37726504	0.4158553	-0.3715339	-0.41459057	-0.40964723
0.08581491	-0.081655815	0.059829302	0.12453589	-0.14354402	-0.06082204	-0.062629625	0.11586299	0.12360221	0.09682123	-0.13657324	0.08249811	-0.1130811	0.07643737	0.07458106	0.073415495
0.4497966	-0.5157057	0.5466292	0.48580453	-0.51239425	-0.49294886	-0.5104822	0.49054834	0.5047218	0.50341463	-0.51195014	0.48573488	-0.5261047	0.49147156	0.46795872	0.5694546
0.63504755	-0.7504362	0.7100494	0.75064045	-0.7690847	-0.6894623	-0.6698298	0.7036228	0.76735955	0.76000345	-0.7215529	0.7788721	-0.7485813	0.7505458	0.70679533	0.71912307
0.45032522	-0.47872335	0.5324309	0.50062144	-0.42435986	-0.4502941	-0.41868848	0.4556396	0.5014612	0.46425742	-0.4593014	0.48581362	-0.42810118	0.4945453	0.43108875	0.4967258
-0.35716936	0.38027027	-0.32742772	-0.42013782	0.37955981	0.34044406	0.37072176	-0.34996104	-0.39832553	-0.41306219	0.38304332	-0.39075813	0.36028424	-0.42550048	-0.37249318	-0.42165494
0.020642834	0.02295877	-0.010112784	-0.03545941	0.008436351	0.050068215	-0.010527566	-0.004587604	0.004194828	0.032703467	-0.039390102	-0.0079939505	-0.04223422	0.012157408	0.009595121	-0.044374682
0.5659042	-0.60963726	0.6088984	0.55324775	-0.56052005	-0.5378847	-0.61693186	0.5949317	0.63845074	0.5842569	-0.55591625	0.5894174	-0.51946205	0.61925036	0.6172775	0.64326423
-0.21259104	0.29112306	-0.21857914	-0.2165766	0.28726268	0.21765432	0.23121132	-0.23342761	-0.2785358	-0.21219972	0.21242224	-0.23181611	0.22370729	-0.21601677	-0.2769686	-0.30468518
0.7145398	-0.6270467	0.6761476	0.6649572	-0.669162	-0.7032345	-0.7257294	0.67264384	0.68548644	0.7218483	-0.7043109	0.6457769	-0.7146276	0.6353392	0.7015129	0.7188104
0.716492	-0.72731125	0.7347029	0.7352902	-0.7662908	-0.7227645	-0.74073887	0.6719518	0.7961351	0.7651688	-0.7946416	0.7614288	-0.69529474	0.77943873	0.68490773	0.76471937
0.03439207	-0.07442904	0.070055164	0.10647648	-0.116285756	-0.032663714	-0.12157808	0.04140174	0.046706107	0.100191556	-0.04604768	0.04837366	-0.058547117	0.06967551	0.08154252	0.106255315
-0.366617	0.39810383	-0.3881481	-0.43997967	0.4390238	0.369841	0.42161417	-0.3891127	-0.38297397	-0.35918552	0.41474107	-0.39284548	0.36806163	-0.4260795	-0.35293904	-0.37478966
-0.7597042	0.73138386	-0.8199391	-0.7324534	0.7783184	0.7173061	0.79279083	-0.798251	-0.7611542	-0.7470194	0.7431207	-0.7192467	0.7777526	-0.7611116	-0.790767	-0.8091351
0.048167136	0.010784794	-0.07320953	-0.039866433	0.0024939638	0.03615024	0.0026405146	-0.107514895	-0.08043525	-0.014887107	0.09123214	-0.09159375	0.04981593	-0.0046675936	-0.071596496	-0.022189053
-0.21675944	0.22235368	-0.17820503	-0.14644575	0.18796924	0.2248067	0.22396925	-0.1357635	-0.21671763	-0.23043883	0.18772952	-0.135554	0.15148494	-0.15549818	-0.19092898	-0.16195054
0.5741823	-0.6495735	0.6153273	0.6502859	-0.6835258	-0.60345197	-0.6264216	0.63214236	0.6383891	0.60124516	-0.592361	0.61322623	-0.63016295	0.63712025	0.58737415	0.699657
0.5941033	-0.5996024	0.584472	0.54780537	-0.51040703	-0.57573706	-0.5845499	0.55532175	0.527029	0.5109464	-0.5327232	0.58837205	-0.49811265	0.60295445	0.52851397	0.584653
-0.1877442	0.23489794	-0.25069678	-0.2522105	0.26865128	0.2012483	0.26940605	-0.26417047	-0.21403845	-0.23469964	0.20663314	-0.25427496	0.27683324	-0.24095698	-0.25219253	-0.21182819
0.65107304	-0.6874421	0.6879904	0.66093063	-0.6671712	-0.61615944	-0.65454984	0.66825306	0.633836	0.6243667	-0.6035622	0.6662183	-0.5721226	0.69118404	0.6653213	0.6799549
0.48383215	-0.48084417	0.48620975	0.4750089	-0.4536103	-0.48855788	-0.44839057	0.46020785	0.449018	0.4652784	-0.45015982	0.42936173	-0.4283505	0.44102407	0.4295702	0.45467868
0.6235817	-0.7176215	0.70294535	0.7047153	-0.7252826	-0.67910755	-0.71293074	0.6452297	0.6730356	0.64265525	-0.7321999	0.7072493	-0.6555396	0.654213	0.706401	0.6991187
0.11756097	-0.031164235	0.026972912	0.086899996	-0.073956914	-0.03473248	-0.05687726	0.058932193	0.09081819	0.025897838	-0.03317987	0.1017287	-0.019764658	0.06051875	0.06451024	0.08622993
-0.28939953	0.3401297	-0.37870595	-0.37640488	0.3897823	0.36422703	0.33210382	-0.36374512	-0.3492564	-0.3449456	0.39826542	-0.3733719	0.32808512	-0.29753354	-0.3453423	-0.3472468
-0.6245433	0.6630268	-0.7055764	-0.67893606	0.6970827	0.71804184	0.74553543	-0.69236314	-0.723908	-0.663612	0.76547384	-0.73026794	0.7033236	-0.7175579	-0.7382314	-0.6975987
-0.61750644	0.6950757	-0.66048294	-0.7348821	0.69131833	0.6793176	0.70857567	-0.6936486	-0.7911064	-0.7036306	0.6771593	-0.7212963	0.65800345	-0.7118222	-0.706177	-0.70206535
0.41389617	-0.54857093	0.50302035	0.47117987	-0.5669673	-0.49521253	-0.569511	0.4984943	0.5959722	0.5784434	-0.5686532	0.6026977	-0.5175791	0.4837283	0.55514103	0.6011103
0.8104726	-0.9149255	0.8793474	0.91265035	-0.9172429	-0.8400572	-0.8590152	0.920219	0.98839724	0.8572987	-0.8515413	0.92066187	-0.85239697	0.91774905	0.8545665	0.89122117
0.8543264	-0.85411966	0.7886976	0.8363171	-0.80820787	-0.757846	-0.8274608	0.77893764	0.84104675	0.78207976	-0.7794419	0.8026706	-0.75419855	0.7985398	0.79988503	0.8612848
-0.6361648	0.6868036	-0.73732144	-0.69773716	0.7562064	0.6619164	0.67543477	-0.67502964	-0.7362796	-0.6750631	0.749086	-0.70659536	0.6924624	-0.67321575	-0.68906677	-0.7404421
0.18630765	-0.21275926	0.1902966	0.1781697	-0.1949433	-0.16582021	-0.21345817	0.18159434	0.24571656	0.14253874	-0.21339287	0.20136632	-0.1638484	0.21576522	0.17775191	0.24140249
-0.50110805	0.4844034	-0.45748144	-0.49675247	0.46645263	0.52172095	0.5402797	-0.49650803	-0.45670706	-0.46436435	0.46315587	-0.51626676	0.4990263	-0.5447027	-0.5302689	-0.5272706
-0.18569356	0.18116657	-0.20782542	-0.11910887	0.1688363	0.17105408	0.18117864	-0.18932258	-0.15672797	-0.119141534	0.15202703	-0.16430512	0.15194584	-0.19717756	-0.15786998	-0.1752196
-0.59680474	0.58691686	-0.6417077	-0.56533045	0.65243495	0.60376495	0.55836374	-0.60851663	-0.59592247	-0.61236554	0.5729734	-0.5702323	0.56594837	-0.55998605	-0.5682108	-0.67247635
0.37143925	-0.35004932	0.31802225	0.29985738	-0.39291018	-0.31121683	-0.35582894	0.37332112	0.32200772	0.31147504	-0.33911124	0.33573285	-0.34932548	0.38549253	0.32757136	0.38762805
-0.32044256	0.3484037	-0.36056456	-0.25697386	0.2915734	0.33417174	0.308403	-0.2994159	-0.3495251	-0.30933905	0.29200736	-0.31837913	0.3111941	-0.35881424	-0.28301907	-0.3373387
-0.31747556	0.28189367	-0.35065514	-0.29613012	0.35290718	0.2572798	0.2778799	-0.30905408	-0.32991496	-0.3137435	0.2899374	-0.3549953	0.35217765	-0.28565666	-0.27847546	-0.27666894
0.20269896	-0.12559529	0.077064544	0.07330097	-0.12094035	-0.23791197	-0.1984863	0.10683523	0.13673632	0.18076207	-0.11344044	0.17410503	-0.069982424	0.17596324	0.11418279	0.13595544
-0.33459693	0.41584674	-0.42573702	-0.45652717	0.47572392	0.4335017	0.43583193	-0.37713534	-0.49717313	-0.46958506	0.42989266	-0.4529708	0.46186835	-0.4211819	-0.3666053	-0.48304197
0.01481503	-0.013903171	-0.0535678	-0.0011175151	0.0038688069	0.020689534	0.07199317	-0.015503118	-0.08059698	-0.050851714	0.08969318	-0.09545981	0.020143976	-0.012440457	-0.028072963	-0.03817837
-0.36284965	0.33560488	-0.3898279	-0.27051887	0.26862174	0.30798402	0.32083172	-0.3688284	-0.27217156	-0.2949656	0.33392423	-0.29364476	0.35219467	-0.32695597	-0.31486762	-0.29931715
0.027358254	-0.107958704	0.04919056	0.07397803	-0.038658705	-0.077100396	-0.050588638	0.09236176	0.09041967	0.09751852	-0.06786471	0.080840535	-0.057006247	0.10314498	0.089494266	0.03858464
0.70085686	-0.6251857	0.7330589	0.6666471	-0.6935901	-0.65098244	-0.6740391	0.6566351	0.72222865	0.722231	-0.6352887	0.6796898	-0.6404001	0.6458147	0.71658176	0.70203525
0.48908678	-0.6259278	0.65316665	0.63657224	-0.66114897	-0.5740491	-0.59521246	0.57179826	0.67805964	0.58161443	-0.64846975	0.66190076	-0.5617256	0.552026	0.6348616	0.6997074
-0.92651093	0.87204605	-0.90667826	-0.932086	0.9089698	0.92441636	0.883019	-0.8807567	-0.97158414	-0.87028337	0.91327363	-0.8829085	0.89343125	-0.87741405	-0.8992921	-0.91488606
-0.15113142	0.084548265	-0.14193217	-0.13772134	0.09999195	0.15122896	0.1305106	-0.18048646	-0.090498455	-0.1070829	0.085941546	-0.16951628	0.14053567	-0.1231635	-0.1646297	-0.11476562
-0.5568358	0.5489547	-0.58810484	-0.5413794	0.5707665	0.5746207	0.56053513	-0.5464017	-0.55175775	-0.58621264	0.57588065	-0.5469589	0.49721125	-0.53993124	-0.56181884	-0.58718973
0.32167324	-0.3188218	0.3476696	0.30320117	-0.35127625	-0.3085553	-0.31230927	0.3703738	0.31738213	0.31677225	-0.38079995	0.38750568	-0.37529615	0.31818599	0.33036068	0.34226003
-0.8967501	0.8950761	-0.9810676	-0.8976008	0.9188484	0.9340358	0.89546114	-0.86075974	-0.96102995	-0.89335144	0.9031498	-0.9741049	0.87609714	-0.8758578	-0.9446286	-0.95436525
0.75399166	-0.7689043	0.8331519	0.75701445	-0.8317995	-0.7592106	-0.7480256	0.78039	0.8206453	0.7835128	-0.80722827	0.85122275	-0.7696428	0.79512346	0.7529593	0.80332977
-0.3773317	0.30465317	-0.40179932	-0.34023616	0.3440727	0.3724389	0.34518817	-0.29844195	-0.3619052	-0.28761706	0.28394082	-0.3747094	0.3175989	-0.373974	-0.29157573	-0.2999182
0.12653539	-0.09913575	0.100340724	0.12758534	-0.10660479	-0.06270629	-0.14991546	0.15829	0.14308482	0.09834671	-0.14460403	0.14372674	-0.11473666	0.069319315	0.0868612	0.08847116
0.6019179	-0.5747626	0.57624143	0.6289156	-0.61041355	-0.61919546	-0.6169238	0.62409514	0.6814513	0.5661778	-0.64292866	0.64804804	-0.5856249	0.6322762	0.65369254	0.64129186
-0.24040668	0.2216335	-0.21065125	-0.15714964	0.14951298	0.19174144	0.20384069	-0.19607009	-0.17509249	-0.23388158	0.22503446	-0.14111175	0.21079823	-0.2083701	-0.13621987	-0.18728971
0.2792027	-0.29220915	0.2712101	0.2845144	-0.32922065	-0.27095044	-0.3213439	0.25023943	0.28611594	0.2869784	-0.30406532	0.3294433	-0.2595035	0.2417057	0.31975403	0.3003633
0.6753839	-0.7376081	0.7106409	0.6956594	-0.6908104	-0.6726341	-0.7301333	0.7521032	0.78965497	0.7104775	-0.67951417	0.76453483	-0.6743667	0.6960328	0.75728816	0.7489005
0.18497995	-0.23038772	0.23418148	0.222484	-0.22855484	-0.22165652	-0.20735082	0.1991296	0.2657376	0.19087783	-0.23042795	0.21935013	-0.20890222	0.1907099	0.23061441	0.1829717
0.76120853	-0.7630477	0.68687975	0.7584684	-0.74872464	-0.7706359	-0.74524736	0.7054224	0.7246542	0.7195166	-0.7026846	0.7743847	-0.70917857	0.7647718	0.775766	0.7311094
-0.6124611	0.70605624	-0.672906	-0.6915538	0.7275963	0.68345493	0.6353748	-0.6989061	-0.74814385	-0.65119815	0.6789646	-0.69940627	0.67681956	-0.65029615	-0.65274817	-0.672963
-0.47574592	0.5704982	-0.47238308	-0.48979422	0.53172344	0.5260134	0.5107644	-0.5712491	-0.5538437	-0.4926597	0.55121344	-0.5756639	0.56858027	-0.55489886	-0.50836384	-0.5384305
-0.16228038	0.19104089	-0.1732145	-0.112285495	0.1901385	0.17557663	0.13721286	-0.1355516	-0.13059331	-0.17496753	0.116084084	-0.13132522	0.18220748	-0.11140212	-0.19339758	-0.1890753
0.17871279	-0.2811974	0.22635376	0.23657095	-0.23389728	-0.23440628	-0.22800675	0.19792837	0.21943444	0.25624573	-0.22351098	0.27330804	-0.24898057	0.24472216	0.25101024	0.27397868
0.34232846	-0.34098187	0.335588	0.2985077	-0.35420027	-0.3540766	-0.31784013	0.3390866	0.40919608	0.2991132	-0.3789585	0.37405688	-0.34550452	0.3520866	0.39116618	0.35146657
0.4502814	-0.4940437	0.48469898	0.46219376	-0.5180421	-0.45820355	-0.49855807	0.4639831	0.5488688	0.50253177	-0.5283727	0.47900555	-0.42577422	0.4292211	0.49020234	0.4834111
0.4781488	-0.47997788	0.5094952	0.52116424	-0.5246268	-0.5065208	-0.49539155	0.537127	0.5435951	0.52426535	-0.5515538	0.51610446	-0.46807036	0.5534501	0.5365037	0.5574519
0.6474446	-0.68676144	0.72339	0.71402675	-0.68901753	-0.7626476	-0.7094714	0.7270397	0.7555379	0.7442505	-0.7720196	0.7609297	-0.74637294	0.7615252	0.74315387	0.69314045
-0.7734753	0.73494494	-0.78553015	-0.8131234	0.78556186	0.73149365	0.79649776	-0.77246094	-0.83510286	-0.81008124	0.73546237	-0.7416973	0.79058	-0.81957	-0.8004692	-0.83924186
-0.50251454	0.55395836	-0.5508486	-0.58209324	0.6122856	0.5832961	0.55003715	-0.5596136	-0.58636755	-0.5622424	0.5868094	-0.62677425	0.610397	-0.5269008	-0.53922164	-0.6478972
0.12104906	-0.1365754	0.15679261	0.14201866	-0.1342015	-0.21085103	-0.22882129	0.11666728	0.22140288	0.13666123	-0.19993633	0.14305715	-0.17602994	0.18420951	0.2138296	0.1614456
0.2798416	-0.3862187	0.34023452	0.4243306	-0.42350835	-0.33082545	-0.38193142	0.38495246	0.5066548	0.413171	-0.47338676	0.4512519	-0.4203504	0.3727327	0.43869734	0.4446365
-0.6034362	0.7409523	-0.7495982	-0.71699476	0.7283343	0.71070397	0.7360393	-0.74666035	-0.7545516	-0.70243686	0.73464835	-0.7352673	0.7656683	-0.7156414	-0.66272795	-0.75584745
0.40449855	-0.45136076	0.4642956	0.46072915	-0.46888655	-0.4305655	-0.38796926	0.4260575	0.4857902	0.47933468	-0.4280772	0.44772667	-0.43514365	0.47368887	0.40194106	0.45820537
-0.27425393	0.3036663	-0.286715	-0.29175597	0.32032648	0.24186872	0.26230812	-0.25095782	-0.3252338	-0.32595372	0.3020026	-0.28204384	0.24322735	-0.2623202	-0.29116687	-0.30573973
0.7758147	-0.7768361	0.78691095	0.7738388	-0.7473817	-0.78713584	-0.7382997	0.80297107	0.86152154	0.8226955	-0.79616064	0.7568443	-0.81772375	0.761699	0.76597387	0.84897923
-0.62275213	0.63878644	-0.6191056	-0.59005815	0.6141575	0.6357863	0.5756847	-0.5888343	-0.6343997	-0.6122324	0.6362229	-0.6200094	0.6438998	-0.601752	-0.6220123	-0.63023585
-0.5676248	0.6254348	-0.6933697	-0.69235575	0.6831522	0.67274183	0.6690979	-0.7028966	-0.7591225	-0.73293185	0.6712024	-0.7320592	0.7016202	-0.69930583	-0.7105723	-0.7163576
-0.33780876	0.35030583	-0.40812054	-0.40245354	0.43677634	0.34551552	0.43058732	-0.3967062	-0.4457172	-0.4301902	0.3841743	-0.4246924	0.4072978	-0.33910698	-0.400648	-0.4016575
-0.5659496	0.51006806	-0.54801667	-0.5174722	0.540349	0.5612091	0.59919524	-0.55268997	-0.5854319	-0.60471886	0.6039614	-0.56287086	0.49997973	-0.56984913	-0.5156763	-0.6078793
-0.18158512	0.13984653	-0.17363606	-0.11686528	0.1901475	0.14846294	0.10380516	-0.1361587	-0.1388774	-0.12051042	0.18240784	-0.19569604	0.1533447	-0.17245659	-0.18711254	-0.1785964
-0.40939277	0.39284533	-0.5094104	-0.40065274	0.3932867	0.39756826	0.42667264	-0.40057883	-0.46612623	-0.45223588	0.4594951	-0.3930002	0.48170057	-0.43975046	-0.47268906	-0.4727919
0.24666068	-0.23425981	0.23081288	0.3016621	-0.32141453	-0.268964	-0.25090167	0.25989935	0.30663195	0.28632003	-0.31465784	0.3189187	-0.3079011	0.26142	0.2892856	0.31602514
0.11688294	-0.06038011	0.119325295	0.13945909	-0.076692015	-0.13983038	-0.13275363	0.07903381	0.06578757	0.06481486	-0.10656501	0.0822387	-0.08077888	0.122895055	0.14182052	0.16267686
-0.66979414	0.67486036	-0.751984	-0.7081399	0.67497694	0.7457215	0.69627506	-0.6939636	-0.7484848	-0.69647145	0.7562636	-0.74750066	0.71463835	-0.7700554	-0.7376005	-0.7203512
-0.5117411	0.43802148	-0.50728136	-0.49447256	0.44239253	0.44476116	0.5096164	-0.52854145	-0.50050426	-0.47642648	0.4971977	-0.51315725	0.51123303	-0.48668763	-0.47615123	-0.5245075
0.3922717	-0.36548096	0.48141572	0.41480124	-0.44770226	-0.46292126	-0.4536465	0.41317314	0.43601513	0.38075185	-0.45920798	0.4652004	-0.44465426	0.46209556	0.40325314	0.41939685
0.6077311	-0.5712431	0.57507443	0.6164855	-0.57298815	-0.6257895	-0.5965209	0.5880004	0.61128926	0.5853214	-0.56850123	0.5778749	-0.6072359	0.6290434	0.6117956	0.63414216
0.46208423	-0.5563212	0.5430948	0.47267693	-0.5396858	-0.48691842	-0.4662357	0.47948602	0.5940203	0.5469586	-0.53986657	0.5840694	-0.4963842	0.54203814	0.5076449	0.6180699
0.70382357	-0.65232444	0.699812	0.637742	-0.7449566	-0.749214	-0.6945323	0.7216379	0.7292712	0.6929142	-0.74318296	0.71517646	-0.6690375	0.7090835	0.7444803	0.73091483
0.0023050176	0.03239812	-0.09783789	0.028893175	-0.041433495	-0.0070991656	0.0029968787	-0.08509727	-0.026226716	-0.05185452	0.003233044	-0.0059455372	-0.029295444	-0.035565786	-0.03229375	0.033746116
0.5624107	-0.6489864	0.59867054	0.5898345	-0.6782511	-0.6574573	-0.64178145	0.6354019	0.6430627	0.640438	-0.6196287	0.59979063	-0.6553196	0.6483177	0.62091845	0.65885633
0.50133973	-0.52190655	0.5076324	0.50258493	-0.54223096	-0.5255271	-0.5544025	0.5675244	0.54137015	0.54718024	-0.5540339	0.5815547	-0.513831	0.5493433	0.5435199	0.59055406
-0.7145553	0.7309349	-0.75743645	-0.6922254	0.7765681	0.7442266	0.7270922	-0.7040012	-0.7510947	-0.7670565	0.7036116	-0.72489595	0.72055763	-0.701684	-0.72883457	-0.7995077
0.54929024	-0.52721965	0.5964955	0.58182013	-0.5949717	-0.5562525	-0.55460954	0.5385983	0.5543002	0.5404892	-0.51198924	0.5775868	-0.5304197	0.5796934	0.5065331	0.6245009
-0.34622136	0.37245014	-0.40845078	-0.4101696	0.3768679	0.35680142	0.4005653	-0.38973677	-0.41921535	-0.45492613	0.36605364	-0.4274625	0.37070575	-0.38115093	-0.3775497	-0.42280492
0.015100957	0.036897328	-0.09970495	-0.06609742	0.13540849	0.05720181	0.07088328	-0.11398626	-0.15248527	-0.09831712	0.15389717	-0.08281267	0.070336156	-0.05391721	-0.085619725	-0.14035846
-0.057657953	0.04962064	-0.10721794	-0.075930156	0.05456369	0.104358256	0.12527016	-0.09029978	-0.08226556	-0.0494725	0.062677234	-0.100521944	0.12891525	-0.06866155	-0.10395098	-0.050139394
-0.28861478	0.2820345	-0.3262093	-0.33439022	0.33675146	0.24804808	0.26435137	-0.29146865	-0.28902182	-0.29648563	0.28266335	-0.3217864	0.24510491	-0.2881807	-0.26768315	-0.33986056
-0.6440365	0.6659534	-0.66164595	-0.5962769	0.6648585	0.6268344	0.6305542	-0.6986172	-0.6607634	-0.6784124	0.65399164	-0.67692703	0.5997921	-0.6736939	-0.6215897	-0.692158
0.825467	-0.8503365	0.84630203	0.7994428	-0.8136463	-0.8172031	-0.87931025	0.7952598	0.83251935	0.87392074	-0.80894244	0.86710054	-0.8374655	0.8061011	0.7992742	0.85346884
-0.33567438	0.3291218	-0.28373143	-0.2756793	0.3033174	0.35476062	0.32794556	-0.30960852	-0.26735938	-0.28234783	0.27681983	-0.34792352	0.30805603	-0.29986647	-0.28989297	-0.32331696
0.62788165	-0.62991285	0.6376562	0.6079	-0.5965838	-0.6361267	-0.58280236	0.60822946	0.58810717	0.64874315	-0.5867586	0.63615614	-0.6369797	0.6362897	0.5573493	0.60100293
0.49934882	-0.5114319	0.5309386	0.55884945	-0.5435551	-0.534511	-0.48288262	0.50368583	0.56161195	0.51659214	-0.5475959	0.4888917	-0.5492778	0.47908396	0.5588945	0.5218021
-0.07047198	0.17226005	-0.28814903	-0.24388072	0.2389598	0.17477044	0.11705911	-0.26246902	-0.19357982	-0.18448733	0.26771823	-0.24909705	0.26761317	-0.20473291	-0.17842393	-0.2662552
0.0580451	-0.0645261	0.055664346	0.08155945	-0.022824204	-0.062899366	-0.011735036	0.10221653	0.041757625	0.089078315	-0.055092547	0.07295873	-0.08124851	0.09084167	0.039964408	0.047854256
-0.4924418	0.6221812	-0.61307704	-0.6461538	0.65506744	0.5696164	0.57536	-0.5760063	-0.6299521	-0.6100989	0.58856964	-0.65460265	0.5758123	-0.5969381	-0.6038838	-0.59325266
-0.03126019	-0.036845222	-0.047824025	0.03737181	0.01854618	0.034292363	-0.024982361	-0.010320074	0.013852741	-0.011870132	0.02663706	-0.03287628	-0.0011554713	-0.062017985	-0.007111667	-0.016606946
0.6900558	-0.6849462	0.73672616	0.7237057	-0.688086	-0.7602691	-0.71259964	0.7509368	0.7485924	0.7374139	-0.6871863	0.6901126	-0.6925215	0.7493527	0.66738194	0.7874973
0.7347805	-0.70638597	0.71233124	0.7279	-0.6940736	-0.6796505	-0.7196055	0.68045694	0.69431996	0.6845255	-0.7474205	0.6800691	-0.7195225	0.6761902	0.6718583	0.75140023
-0.46156883	0.5859051	-0.64769006	-0.5619707	0.64395815	0.5423577	0.54859525	-0.6362575	-0.5993995	-0.61894447	0.554626	-0.6072326	0.539961	-0.6266012	-0.6007539	-0.6702089
-0.5895374	0.7017243	-0.72150797	-0.6678181	0.713496	0.6220466	0.71218604	-0.6898614	-0.7039885	-0.67303544	0.67042595	-0.7216463	0.6665599	-0.6863161	-0.66409653	-0.70658433
0.5645059	-0.68861526	0.60418934	0.5973382	-0.7029049	-0.67858243	-0.61996526	0.5880226	0.7360448	0.665868	-0.6304084	0.62784755	-0.6617484	0.649476	0.66791236	0.65430593
0.7301977	-0.6888731	0.75824034	0.66218764	-0.7524522	-0.74668694	-0.7237778	0.63707423	0.70047563	0.70916265	-0.68538105	0.73467857	-0.68221503	0.6534534	0.7011411	0.70730084
-0.73733646	0.7270963	-0.77763003	-0.70200115	0.7424461	0.76909137	0.73321223	-0.6840504	-0.74924237	-0.7229824	0.7650889	-0.7468674	0.7594333	-0.76186717	-0.7724336	-0.73293155
-0.17791529	0.45709142	-0.43215823	-0.47318998	0.604411	0.4019422	0.3545644	-0.53486454	-0.64121807	-0.48808414	0.5831718	-0.60456806	0.56172806	-0.5052867	-0.41446653	-0.6252482
0.63621265	-0.69870424	0.7188733	0.73138124	-0.73441786	-0.688091	-0.7018253	0.71567774	0.812681	0.6826014	-0.68360084	0.69771343	-0.73787093	0.75875336	0.7326618	0.80861676
0.5751532	-0.5192347	0.51275325	0.5904388	-0.5503475	-0.52583146	-0.57181853	0.591302	0.57978374	0.55134416	-0.54287785	0.546827	-0.5723624	0.5225377	0.5622029	0.59373575
-0.31701684	0.421248	-0.5485057	-0.55121094	0.5672515	0.38294542	0.47535136	-0.4719919	-0.5704182	-0.45111376	0.51543164	-0.50346434	0.48430055	-0.503866	-0.5049685	-0.51191354
-0.18741259	0.15604936	-0.13803874	-0.16390905	0.15422991	0.16201846	0.13048485	-0.1573333	-0.17533499	-0.20706142	0.20296818	-0.1285917	0.12622932	-0.11875268	-0.19700062	-0.19069804
-0.64482445	0.7427765	-0.7698156	-0.73424906	0.71401143	0.75515264	0.68881613	-0.76675254	-0.76977825	-0.7209933	0.7447724	-0.74677116	0.68511325	-0.732915	-0.74937654	-0.74948776
0.8142087	-0.8132249	0.7922301	0.8193483	-0.8274782	-0.81860864	-0.81110734	0.80560625	0.85908955	0.789368	-0.81283975	0.83895636	-0.785905	0.8351958	0.7655159	0.78578335
-0.46040788	0.4866202	-0.53489375	-0.49541512	0.586906	0.5624462	0.49715823	-0.56885076	-0.5549592	-0.5144113	0.5549832	-0.56477	0.5386204	-0.5194965	-0.5259011	-0.5999292
0.34739164	-0.45259064	0.39114422	0.5213656	-0.51294583	-0.51856184	-0.45081863	0.47925866	0.63263816	0.4810293	-0.47155637	0.547696	-0.5112039	0.44094282	0.4282688	0.6012777
0.16191162	-0.2610507	0.17730752	0.21315448	-0.25433514	-0.2331528	-0.26334482	0.24277882	0.19207206	0.24551621	-0.24196061	0.25633964	-0.18234903	0.1944268	0.23585193	0.26060086
-0.034599584	0.08592483	-0.059443213	-0.093177795	0.08371291	0.025366882	0.071353555	-0.01821534	-0.010071009	-0.026491592	-0.00055364874	-0.0581658	0.039431363	-0.035867386	-0.038450684	-0.061305698
-0.58736634	0.67857355	-0.6509427	-0.6553342	0.7037457	0.6547156	0.6468173	-0.63093984	-0.69421625	-0.66556054	0.67496115	-0.68471646	0.5930731	-0.63794404	-0.6114093	-0.6280715
0.39377326	-0.5307205	0.52540874	0.5659559	-0.6234953	-0.565008	-0.57474524	0.51564544	0.6198612	0.5816533	-0.5188596	0.59362763	-0.5109014	0.49537984	0.54986554	0.5736379
-0.08097803	0.107817985	-0.15255086	-0.10188441	0.06273201	0.09881346	0.12396442	-0.13591433	-0.15333548	-0.1301274	0.0664921	-0.07002063	0.10625597	-0.11987812	-0.07670937	-0.15149067
-0.45163882	0.58083403	-0.6006873	-0.59621245	0.6721537	0.5503782	0.5306373	-0.6283954	-0.6193284	-0.58288485	0.62992865	-0.5762501	0.61425656	-0.547333	-0.6152682	-0.6310963
0.09173771	-0.072600864	0.046118297	0.118252195	-0.092404835	-0.12780872	-0.12102769	0.072813496	0.083927184	0.12007028	-0.07409876	0.0897702	-0.050193053	0.092049345	0.0733979	0.05371559
0.42293608	-0.5315873	0.44320437	0.52030784	-0.47927693	-0.5064595	-0.51442784	0.44438702	0.5633389	0.50211936	-0.48531148	0.4634616	-0.4825204	0.46670523	0.5036108	0.5678497
-0.6333641	0.71190196	-0.73422223	-0.7196788	0.69462085	0.6756323	0.7101085	-0.70831245	-0.78783375	-0.7068333	0.6835144	-0.74822354	0.6557195	-0.704612	-0.70821166	-0.7382872
0.3998812	-0.55438155	0.48592752	0.56541383	-0.6422965	-0.5219237	-0.5232166	0.5173583	0.6085156	0.5856856	-0.59418494	0.5695872	-0.5190958	0.52930754	0.5138418	0.5831333
0.16652274	-0.21031389	0.16378929	0.22068176	-0.19853696	-0.22556882	-0.22534558	0.14087892	0.2600503	0.2267374	-0.21692859	0.22292924	-0.25185266	0.21016365	0.20059432	0.17308766
-0.7272491	0.78682125	-0.78218037	-0.7194591	0.7458833	0.7272798	0.79794526	-0.73186356	-0.784099	-0.78076255	0.79958725	-0.8053595	0.78258824	-0.719411	-0.75113314	-0.7587338
0.6911397	-0.7055066	0.6478291	0.70567507	-0.68084735	-0.70922154	-0.69653594	0.7013288	0.7369757	0.6849455	-0.7234973	0.6959276	-0.63910645	0.701729	0.72370964	0.7216788
-0.19763638	0.20295537	-0.22134005	-0.22631137	0.20223184	0.20656094	0.21211681	-0.17766453	-0.15155013	-0.21995214	0.22741628	-0.19140458	0.18360837	-0.15276992	-0.19955522	-0.19328313
-0.5093342	0.5444644	-0.47520694	-0.4952045	0.59807765	0.49400955	0.55676764	-0.52619547	-0.5472448	-0.57907426	0.55262357	-0.5266486	0.5962362	-0.535695	-0.5754894	-0.55177146
-0.6388996	0.7362267	-0.6621501	-0.6686831	0.6834572	0.720068	0.6525686	-0.6868858	-0.7209497	-0.71494	0.67431027	-0.7388723	0.68709075	-0.66882193	-0.68450433	-0.7024963
0.45418257	-0.42935675	0.43097094	0.4268386	-0.4243408	-0.4944416	-0.4838033	0.47379607	0.48028636	0.48604605	-0.44823822	0.5094324	-0.44173256	0.45593768	0.42618826	0.46891472
0.610571	-0.65247476	0.61373204	0.68307805	-0.6067633	-0.5829448	-0.61074084	0.58247375	0.62366575	0.6075902	-0.6425545	0.64060044	-0.66701007	0.5912442	0.60011286	0.70485073
0.35225686	-0.44560152	0.38159648	0.346958	-0.43549475	-0.41457868	-0.4219786	0.44345316	0.38387632	0.4152181	-0.40959537	0.42356637	-0.36306703	0.37174377	0.39973748	0.43969476
0.2701048	-0.2226146	0.14816518	0.0926779	-0.11196338	-0.18225846	-0.25098008	0.14263129	0.13090885	0.17169067	-0.14862274	0.121170156	-0.1413288	0.19114366	0.14877222	0.15463981
-0.6055261	0.7764134	-0.72821116	-0.75649965	0.7685366	0.7285581	0.770657	-0.69571626	-0.7717592	-0.7613993	0.78919894	-0.81396943	0.76655406	-0.73271203	-0.7289361	-0.7609356
0.33929217	-0.34654	0.33324343	0.32281592	-0.2815293	-0.34655842	-0.25413513	0.35341159	0.35165548	0.2673001	-0.3060127	0.27992684	-0.34602883	0.2538291	0.26443827	0.2590611
-0.41793427	0.43608993	-0.47305882	-0.43911907	0.4168707	0.3903777	0.46667734	-0.45220032	-0.39469406	-0.400223	0.45172456	-0.42021048	0.3837556	-0.40590248	-0.40734825	-0.44997638
0.50293225	-0.49426886	0.48753032	0.51629204	-0.51798254	-0.51744246	-0.49817145	0.5358555	0.59127206	0.4990956	-0.52400625	0.56168896	-0.47490427	0.55518985	0.532285	0.56609976
-0.0322131	0.37013194	-0.4172584	-0.43522942	0.4883917	0.27012175	0.29661041	-0.49096552	-0.56320053	-0.43977755	0.51105905	-0.55967385	0.4187096	-0.42626324	-0.39573777	-0.52778685
0.45945233	-0.5111526	0.5393657	0.4977166	-0.48583835	-0.49353233	-0.4599237	0.53134257	0.5366348	0.50018597	-0.46653533	0.5154607	-0.53444415	0.48522043	0.5084632	0.5376306
-0.038605023	0.45905593	-0.38007724	-0.511206	0.5375713	0.29740396	0.3421822	-0.4442099	-0.63314015	-0.46236175	0.4949839	-0.5025755	0.50695467	-0.40690506	-0.46761844	-0.54712385
-0.2742304	0.25838128	-0.24735856	-0.28616372	0.22670425	0.27591243	0.27557105	-0.29055035	-0.31414577	-0.32299033	0.25203502	-0.28260753	0.23110425	-0.26265103	-0.3045334	-0.27378097
-0.31506732	0.320384	-0.32596973	-0.26022625	0.27946678	0.31743032	0.33426276	-0.35032588	-0.29074305	-0.33844307	0.318238	-0.32936898	0.25367543	-0.3629885	-0.30386293	-0.3352356
0.25648674	-0.43803957	0.38047385	0.3816674	-0.4638083	-0.36320367	-0.36167598	0.35761333	0.5690745	0.36287734	-0.40488565	0.41828445	-0.3672476	0.35387808	0.4097674	0.49684927
-0.5483574	0.63330865	-0.74301314	-0.6573083	0.6898976	0.6387224	0.6498687	-0.6597356	-0.6913142	-0.6633196	0.6461056	-0.67706853	0.66140926	-0.67030805	-0.6825913	-0.6756258
0.30796498	-0.27070072	0.2465372	0.21790013	-0.22950199	-0.28197297	-0.2503549	0.20338409	0.22266689	0.26410034	-0.22934781	0.21471582	-0.20011717	0.2493911	0.2696927	0.24762034
-0.19457364	0.20475443	-0.2809011	-0.24248302	0.26746622	0.2890699	0.20688039	-0.31962216	-0.22173673	-0.23025367	0.19786341	-0.22006764	0.26551396	-0.2002272	-0.2356878	-0.19980524
-0.1886064	0.2463542	-0.35244986	-0.22537704	0.2425957	0.24965614	0.23636977	-0.2817341	-0.23660366	-0.25902063	0.24463934	-0.22427233	0.24519691	-0.28335962	-0.23501508	-0.24348727
-0.6330812	0.6965382	-0.73022586	-0.67177755	0.76069236	0.6700104	0.6576046	-0.6537587	-0.71774745	-0.6907779	0.7126513	-0.756047	0.75816023	-0.67666245	-0.73655903	-0.7184105
-0.289696	0.27680525	-0.3344633	-0.30529234	0.28745663	0.27783048	0.3295677	-0.23165385	-0.3149663	-0.25723186	0.24373569	-0.2549795	0.25132853	-0.3329092	-0.32378325	-0.31661066
-0.49049988	0.6015452	-0.6037632	-0.6129569	0.6080628	0.5400874	0.5410988	-0.62418	-0.63417727	-0.5479368	0.56919944	-0.5767872	0.5746868	-0.52376014	-0.58301	-0.58500737
-0.66114825	0.59360385	-0.6363459	-0.6547634	0.5970238	0.65037143	0.6100451	-0.601532	-0.6358468	-0.6302758	0.61874694	-0.6265374	0.62304074	-0.6180573	-0.6595467	-0.66778255
-0.38238797	0.3662546	-0.4015869	-0.35308295	0.37349254	0.39570767	0.39331654	-0.42503637	-0.43869033	-0.3807851	0.39887494	-0.40219522	0.36337036	-0.44534704	-0.4541485	-0.44492543
-0.46335214	0.46902835	-0.5372091	-0.40768155	0.41346228	0.4720218	0.42104018	-0.496154	-0.46883416	-0.46315682	0.44624758	-0.5040218	0.40322453	-0.5051179	-0.40630054	-0.5092021
-0.5146353	0.6015605	-0.63841456	-0.6397261	0.6533964	0.5678906	0.67243433	-0.61011684	-0.6721102	-0.6199518	0.5953848	-0.6179531	0.65558743	-0.588163	-0.5838583	-0.69105494
0.5320183	-0.59255457	0.5273361	0.49886337	-0.52036613	-0.5767664	-0.5304717	0.5109063	0.5574191	0.52041185	-0.54051924	0.56751144	-0.5768004	0.54068476	0.5320436	0.6122771
0.04796405	0.2116838	-0.20645125	-0.20481443	0.2558844	0.07540616	0.1415641	-0.21824852	-0.29892406	-0.13631918	0.18541734	-0.20161216	0.22944908	-0.19009049	-0.12570155	-0.28951263
-0.69877416	0.7217004	-0.7184348	-0.7050253	0.75725454	0.737097	0.7261603	-0.70938796	-0.74738353	-0.69086546	0.75316906	-0.6896335	0.70237136	-0.7236928	-0.684413	-0.7366142
-0.528776	0.4974518	-0.58643407	-0.49950463	0.55025864	0.5234294	0.5077495	-0.5488211	-0.5099732	-0.48168823	0.5026565	-0.5522982	0.5593043	-0.53388053	-0.49441537	-0.5200393
0.18729381	-0.15004846	0.1291167	0.15316612	-0.19814254	-0.13556208	-0.11480052	0.17261319	0.20077388	0.109285064	-0.17925103	0.18958327	-0.08499517	0.14905994	0.16967052	0.15631351
-0.14005043	0.1373904	-0.23134333	-0.23984456	0.19297335	0.19325702	0.15329425	-0.19903743	-0.23910964	-0.18617298	0.18927036	-0.18852805	0.2452131	-0.18543786	-0.19116503	-0.19965091
0.11274633	-0.09511933	0.13682428	0.14681645	-0.06934155	-0.13671824	-0.09159324	0.09690024	0.1621666	0.12348517	-0.08115799	0.06503851	-0.105100416	0.11245378	0.1561419	0.15898256
-0.53144825	0.5018583	-0.5735564	-0.55868196	0.5672976	0.57946783	0.52322626	-0.5331937	-0.5305545	-0.5783031	0.5125063	-0.51798445	0.55099034	-0.55996615	-0.5512563	-0.5563502
-0.5871866	0.6129639	-0.6014794	-0.6368293	0.6005701	0.6794898	0.61401737	-0.57161915	-0.7110966	-0.5905639	0.60428995	-0.6271019	0.6304252	-0.6185108	-0.59449506	-0.678472
-0.27285028	0.37587216	-0.34503877	-0.3753378	0.35236213	0.28985554	0.3337502	-0.3043471	-0.3468349	-0.30494204	0.31636035	-0.3551327	0.32326508	-0.29261822	-0.32276866	-0.39130852
-0.38338608	0.4129939	-0.43468946	-0.37450707	0.42349133	0.3894437	0.4161012	-0.416173	-0.44335932	-0.40543246	0.379916	-0.4407491	0.44217655	-0.39861277	-0.43208647	-0.3999902
-0.3808034	0.33163965	-0.38429403	-0.35044146	0.41426188	0.40488458	0.3689795	-0.34769306	-0.34199476	-0.38299412	0.40119532	-0.3957436	0.34234852	-0.3476591	-0.4086261	-0.3753606
-0.46914795	0.5261772	-0.6094977	-0.5680569	0.58788633	0.54588366	0.5457357	-0.58673286	-0.6805454	-0.61191696	0.6086133	-0.6269743	0.6150413	-0.6032052	-0.54978704	-0.61058056
-0.5400637	0.5361506	-0.6252971	-0.6093874	0.6191866	0.5402274	0.5243366	-0.6135589	-0.65885276	-0.5706545	0.5661979	-0.53830034	0.5523686	-0.52152145	-0.5449304	-0.5823929
-0.4945875	0.61463946	-0.6600096	-0.6070002	0.5704392	0.54931855	0.5313298	-0.63772297	-0.6628507	-0.5999586	0.5528996	-0.6081521	0.52382874	-0.61896795	-0.5432648	-0.6542101
0.06888497	0.37736467	-0.28392872	-0.36836016	0.4828745	0.22733317	0.27570713	-0.46182635	-0.6418801	-0.37019205	0.4188773	-0.5247382	0.4383486	-0.30507597	-0.3593513	-0.49505562
0.06540411	-0.06148777	0.06552863	0.12477956	-0.11486761	-0.11199791	-0.06634994	0.0832034	0.089542545	0.056401934	-0.07080012	0.06530774	-0.05923402	0.107780375	0.097295165	0.14943652
0.6179771	-0.6199663	0.72351193	0.67092127	-0.680914	-0.634818	-0.6380266	0.6446509	0.62594455	0.662218	-0.61147887	0.6316222	-0.6333728	0.61139435	0.5986571	0.69968635
-0.41671553	0.49456772	-0.54689646	-0.5038609	0.5770061	0.50753903	0.476229	-0.5338168	-0.5350198	-0.45480806	0.4780998	-0.51220304	0.49581155	-0.54329705	-0.4594474	-0.53167737
0.057413656	-0.04470535	0.0874633	0.0022076187	-0.075361736	-0.03094998	-0.070269436	0.03805715	0.03362202	0.07049448	-0.023979193	0.03436869	-0.029369771	0.08374139	0.054585997	0.04689349
0.37041247	-0.464061	0.29537264	0.34232965	-0.44015947	-0.4125274	-0.45011997	0.38492814	0.46375048	0.4275094	-0.43252343	0.3654893	-0.36315012	0.3662268	0.41168046	0.44328582
-0.54501045	0.5766641	-0.6058827	-0.5498968	0.5422235	0.56673324	0.5845383	-0.5335188	-0.6309337	-0.5246298	0.588109	-0.5981851	0.5617822	-0.5234612	-0.5284578	-0.63855344
0.50467634	-0.48945528	0.55438304	0.4779678	-0.48586702	-0.4978328	-0.50693023	0.50639063	0.5547136	0.4954079	-0.51261455	0.5326778	-0.52231324	0.45276186	0.52832866	0.5716332
-0.74318594	0.6867001	-0.7878355	-0.6870142	0.78157467	0.6720339	0.70095587	-0.7772806	-0.7507204	-0.7279832	0.69703555	-0.7756224	0.6823965	-0.762892	-0.72410226	-0.78549093
0.48144215	-0.53227586	0.45627746	0.48307705	-0.502755	-0.48062888	-0.47664693	0.452625	0.53242373	0.48569226	-0.49268103	0.54264843	-0.46122506	0.49837956	0.54643065	0.59981316
-0.11022591	0.09205515	-0.100323126	-0.037999935	0.06572421	0.06862147	0.088553	-0.10061178	-0.040360026	-0.09273505	0.10195747	-0.09756016	0.0725973	-0.09905164	-0.10860803	-0.10908865
0.44898105	-0.38926315	0.4121369	0.43659282	-0.45440772	-0.41792202	-0.40763173	0.36580315	0.46411696	0.4176342	-0.38336352	0.47487068	-0.3558934	0.3895217	0.44001353	0.43774092
0.55121225	-0.5047281	0.5280367	0.48981035	-0.5038584	-0.5155827	-0.5707265	0.5071557	0.5253385	0.52990323	-0.49437246	0.5512282	-0.5527679	0.4954904	0.5266156	0.5771628
-0.020401245	0.059694715	0.003071824	-0.05555464	-0.01277105	0.01719912	0.010285658	-0.04954988	0.033744883	0.0027440763	0.03249102	0.025173962	0.015383808	-0.04294106	-0.029690234	-0.046757936
-0.39211866	0.448714	-0.5723123	-0.5268263	0.5085915	0.45666128	0.43605915	-0.52603006	-0.5186395	-0.5044618	0.5275671	-0.5581095	0.49701783	-0.49039942	-0.52519256	-0.5500073
-0.74535847	0.7722819	-0.76837456	-0.7722541	0.7890942	0.79674816	0.78373724	-0.7922972	-0.7852308	-0.7627951	0.7329916	-0.77485055	0.7870731	-0.81294376	-0.813199	-0.82524794
0.29787093	-0.35080314	0.37534043	0.33332244	-0.33162788	-0.37211737	-0.37202737	0.30938765	0.38462803	0.37471795	-0.3764476	0.38779843	-0.30619997	0.3452667	0.35932234	0.36581922
-0.6194644	0.6741071	-0.6285977	-0.62484276	0.716726	0.6705103	0.6843269	-0.6989459	-0.74333245	-0.68769056	0.6901971	-0.69208515	0.6822106	-0.63567376	-0.6691615	-0.7180399
-0.5017782	0.54975367	-0.5991714	-0.5521554	0.5221168	0.5346325	0.5337352	-0.6011723	-0.6327254	-0.54122764	0.58213735	-0.51113373	0.5013427	-0.517129	-0.54303634	-0.53882134
-0.21271949	0.2816056	-0.23969442	-0.21629333	0.28195336	0.2781626	0.2386374	-0.22784323	-0.24338062	-0.25929925	0.21890818	-0.22070213	0.20401527	-0.20063889	-0.25809047	-0.22502486
-0.4405298	0.48136374	-0.46347997	-0.49910796	0.5047322	0.49083728	0.50265604	-0.53076416	-0.53017426	-0.53629845	0.5210619	-0.5103086	0.5688909	-0.521485	-0.57330877	-0.5131607
0.38362324	-0.3554707	0.4465337	0.3745249	-0.36670986	-0.3636246	-0.36592704	0.4335065	0.40673986	0.38851142	-0.3822248	0.35784006	-0.3957478	0.42435214	0.41005293	0.37812766
-0.7758762	0.78522646	-0.7836702	-0.77081895	0.8176997	0.7901914	0.79437387	-0.7983817	-0.85025394	-0.7970708	0.81720155	-0.76614034	0.7825391	-0.7916668	-0.82721007	-0.8687567
0.21782479	-0.2317592	0.25486547	0.18930782	-0.28305358	-0.20722353	-0.2883017	0.18655221	0.22926436	0.21293882	-0.21317263	0.24105887	-0.23934247	0.2233112	0.21957658	0.26526228
-0.010349615	0.14712113	-0.1108573	-0.16239364	0.12871943	0.0282388	0.078634515	-0.13136102	-0.18344429	-0.06093952	0.14180407	-0.16008472	0.17313482	-0.07421841	-0.11533907	-0.1726513
0.06641293	-0.11685893	0.019301528	0.06067464	-0.10029043	-0.09910748	-0.04278718	0.032666706	0.11460561	0.077421926	-0.030313255	0.0931171	-0.03864099	0.03159025	0.06287598	0.058594327
-0.7096909	0.71377295	-0.8224744	-0.7385859	0.76053166	0.76752055	0.7764956	-0.74813545	-0.8126681	-0.7957301	0.74549705	-0.82147044	0.74197584	-0.7271047	-0.74127054	-0.7963023
-0.24333103	0.4801719	-0.5091876	-0.50505674	0.518993	0.36668903	0.40332577	-0.46967626	-0.5605227	-0.43946767	0.5320627	-0.5777082	0.5177875	-0.47861433	-0.4663821	-0.52354074
0.5340975	-0.6035791	0.571988	0.59570956	-0.610717	-0.56639165	-0.62983316	0.561936	0.676733	0.6344693	-0.67416	0.61422	-0.5775554	0.66109914	0.6538798	0.5957995
-0.3977369	0.6134146	-0.70737326	-0.6954975	0.71109504	0.62770087	0.6314801	-0.6739974	-0.72820175	-0.6651268	0.71206886	-0.68347687	0.69242144	-0.6527439	-0.6400997	-0.74060136
-0.24089357	0.27863732	-0.268129	-0.2550731	0.3200424	0.24421325	0.23278736	-0.2560499	-0.2953036	-0.23672019	0.2566923	-0.3086359	0.2243385	-0.24518625	-0.26195318	-0.24808855
-0.70317096	0.7689312	-0.695534	-0.72766984	0.7547548	0.7124485	0.6945586	-0.7446379	-0.79319113	-0.7533092	0.76670974	-0.70187235	0.75460887	-0.7238736	-0.7432838	-0.73638266
-0.369396	0.29807878	-0.41035783	-0.35749045	0.3694316	0.3073797	0.33203748	-0.40098348	-0.3668393	-0.39685902	0.37220573	-0.34532708	0.2920956	-0.3501546	-0.38800338	-0.31546193
0.6549126	-0.62625533	0.658288	0.6356155	-0.69652313	-0.7030565	-0.6392352	0.60632974	0.68814695	0.7093501	-0.7090562	0.7094317	-0.6086904	0.6850659	0.6464748	0.68879557
-0.2834731	0.28320763	-0.3569653	-0.32478556	0.2739714	0.28100896	0.28473943	-0.2889262	-0.30430678	-0.32272753	0.27834105	-0.30176175	0.3026708	-0.32105482	-0.29247215	-0.25481373
-0.11072495	0.07339504	-0.10588574	-0.14612079	0.11711861	0.06024316	0.07760626	-0.1762788	-0.062186114	-0.09210002	0.08212803	-0.061558116	0.0541344	-0.06445476	-0.046497192	-0.09654762
0.11877118	-0.092583455	0.13189384	0.14711715	-0.16798492	-0.12163711	-0.09327935	0.14432897	0.10211312	0.078827605	-0.12385866	0.086917564	-0.1685105	0.15810126	0.1570753	0.1256612
0.40703347	-0.34314	0.37791705	0.3522407	-0.41119614	-0.37803543	-0.33111933	0.3923111	0.38797867	0.3997277	-0.4075471	0.3889603	-0.39627144	0.3348417	0.36164355	0.3792764
-1.0872219	1.0324327	-1.072651	-1.0194218	1.0668908	1.0451527	1.0792433	-0.9989032	-1.1399966	-1.045546	1.0315561	-1.0439669	1.0678985	-1.0626975	-1.0296879	-1.071499
0.009821373	-0.011186574	0.08388697	0.024770405	-0.028809935	0.0132653555	-0.034057107	-0.008328893	0.0822294	0.08869238	-0.083920464	0.09283949	-0.010441002	0.044210255	0.055439655	0.046305828
0.23120154	-0.1416425	0.22022249	0.16557343	-0.15205331	-0.19950546	-0.19424838	0.20062448	0.2177416	0.23235688	-0.2234599	0.15495914	-0.22132795	0.1652253	0.17586294	0.20808563
-0.5009967	0.57314545	-0.51252806	-0.5704162	0.5569568	0.5437072	0.5582532	-0.54671735	-0.6377773	-0.5427518	0.52981865	-0.5462342	0.55614704	-0.5202443	-0.50303334	-0.5927316
0.4950265	-0.6258681	0.6011759	0.596639	-0.6112905	-0.5716772	-0.61185384	0.57251483	0.6430079	0.6482035	-0.59082717	0.6874435	-0.5631207	0.6719927	0.60211843	0.7198025
-0.58843935	0.6025584	-0.6785847	-0.61835873	0.6258614	0.5917839	0.5555488	-0.5768391	-0.64033157	-0.58152264	0.61145365	-0.60624534	0.5508798	-0.5855726	-0.578721	-0.5891953
0.72450686	-0.7368267	0.809629	0.7893363	-0.81611925	-0.7486824	-0.7805918	0.79434407	0.79178816	0.76274294	-0.72473323	0.7829217	-0.8083767	0.7405616	0.7369921	0.74975437
0.04109839	0.05296972	-0.11566777	-0.08123966	0.052570477	0.057780415	0.105770126	-0.07229864	-0.087348826	-0.06837761	0.087441094	-0.05679918	0.12047782	-0.056762405	-0.09377021	-0.10064764
0.078509934	-0.08510117	0.097771786	0.059243366	-0.14033845	-0.055656947	-0.06572574	0.078633845	0.11748879	0.112446696	-0.08012773	0.09912287	-0.12636288	0.059969123	0.052023213	0.13329083
0.6396798	-0.72897786	0.7460581	0.68439305	-0.7746144	-0.7197432	-0.6972665	0.6678164	0.7835701	0.7098766	-0.775031	0.74397767	-0.74228394	0.7843728	0.7218504	0.8199578
0.5417666	-0.63492286	0.62192374	0.64282984	-0.65550447	-0.61451507	-0.62960964	0.6336836	0.66718554	0.68915	-0.61042696	0.6910804	-0.57622933	0.6700166	0.6213256	0.68761724
-0.08362581	-0.0022780914	-0.045167737	-0.07097156	0.010041487	0.0734007	0.0125458	-0.05585598	-0.020385223	0.008054985	0.013072722	-0.012204631	0.044959776	-0.0045872354	-0.04089209	-0.056125164
-0.93586653	0.92744863	-0.8731385	-0.8730324	0.9160285	0.8607642	0.88293135	-0.89999825	-0.98778236	-0.9392914	0.891243	-0.88942844	0.8535059	-0.93816364	-0.9507176	-0.8907675
-0.07513336	0.16324316	-0.17201094	-0.17141254	0.18999499	0.18339232	0.16162463	-0.25892702	-0.19460066	-0.23698483	0.266486	-0.2817303	0.2558983	-0.15505286	-0.17007522	-0.23899284
-0.048869785	0.118577726	-0.12521495	-0.092447326	0.07481041	0.13445276	0.07594163	-0.08039714	-0.05990675	-0.10254761	0.0753516	-0.053451765	0.086227134	-0.069226064	-0.05418667	-0.08521168
-0.2923722	0.28372753	-0.34518877	-0.286426	0.2745996	0.28746244	0.27641094	-0.24450992	-0.3105162	-0.30338642	0.2586657	-0.31881338	0.27956253	-0.2705854	-0.28186876	-0.29332238
0.6279902	-0.6063707	0.6625594	0.68480116	-0.71117824	-0.6146668	-0.6310521	0.6014822	0.6875198	0.6259286	-0.634716	0.6359846	-0.58636326	0.6654201	0.66169566	0.7183797
-0.7176605	0.7765391	-0.7910667	-0.802173	0.8222974	0.8123013	0.7563308	-0.7614615	-0.76625025	-0.73517376	0.81181186	-0.76559263	0.71468383	-0.7614584	-0.77693194	-0.8421977
0.015381262	-0.025612753	0.020251816	-0.039117023	-0.03593603	0.013548524	0.008403787	0.036531657	0.019062925	-0.027096663	0.015472937	0.018516224	-0.013741959	-0.016009755	0.04204275	0.035120428
0.6877361	-0.6926309	0.7715784	0.68571293	-0.7358946	-0.707475	-0.7412392	0.75045425	0.7824882	0.7185179	-0.71734464	0.747597	-0.6573849	0.7271573	0.67010814	0.78079784
0.6442911	-0.68819076	0.6588466	0.6459851	-0.6508884	-0.61317015	-0.64162797	0.65029657	0.70251	0.70750064	-0.65293694	0.7150148	-0.5995219	0.6408212	0.63599515	0.7284012
-0.24033493	0.25922915	-0.24938323	-0.19612068	0.19722854	0.24676445	0.22091746	-0.22170629	-0.25428158	-0.19971834	0.2642141	-0.21017706	0.24107896	-0.23459151	-0.21791898	-0.201618
0.23116644	-0.22684635	0.3050946	0.19263841	-0.26275188	-0.22618872	-0.27450487	0.24117854	0.2596478	0.25848028	-0.2028142	0.22772321	-0.27294984	0.30290452	0.25740108	0.30009615
0.113772236	-0.18878111	0.12841216	0.17104773	-0.20025143	-0.15974438	-0.18869843	0.1273704	0.15905143	0.17063701	-0.20860828	0.12344083	-0.15717587	0.14866817	0.20759705	0.13838018
0.59345293	-0.7051551	0.65840983	0.6837987	-0.66609925	-0.5972733	-0.6192158	0.6081465	0.72802347	0.6074031	-0.6335765	0.70508486	-0.5963302	0.6204062	0.6275103	0.67516404
-0.46065646	0.5804762	-0.6189804	-0.6551212	0.6078678	0.5708819	0.5834399	-0.6515536	-0.65855795	-0.58576906	0.6787354	-0.64454836	0.58081436	-0.6245471	-0.58362806	-0.6715716
0.23620693	0.086194545	-0.075690925	-0.14638075	0.16198763	-0.013284331	0.043097343	-0.2146889	-0.21891274	-0.04616329	0.19872825	-0.22195446	0.19446804	-0.10117793	-0.110000946	-0.19116162
0.81049246	-0.7548755	0.8084086	0.7792749	-0.7577796	-0.7841727	-0.81333727	0.7198282	0.82208127	0.76228166	-0.80528504	0.8356706	-0.76004523	0.7670881	0.76007426	0.76879716
-0.27648932	0.27672544	-0.27774048	-0.24820904	0.2175105	0.24270517	0.22114356	-0.28439972	-0.2546843	-0.28410923	0.2522166	-0.22075176	0.2347681	-0.24117902	-0.26407194	-0.23105213
0.023220465	-0.015605433	-0.028147327	0.031478047	-0.023617037	-0.054612175	-0.0049438165	0.05215067	0.041684825	0.039804086	0.029146664	0.018107653	-0.008410396	0.035293262	-0.008735902	0.062280133
0.09053421	-0.05042011	0.101386	0.039190494	-0.10215063	-0.05149231	-0.10619631	0.07044726	0.030354328	0.10198717	-0.029289352	0.07464259	-0.050508916	0.08091163	0.12635818	0.105952
0.60744345	-0.69525945	0.7150435	0.6834546	-0.7231578	-0.6965035	-0.6277559	0.67347527	0.74679285	0.6521265	-0.61448073	0.70977515	-0.68308616	0.6944398	0.66032875	0.6861667
-0.4346919	0.4495852	-0.45731685	-0.4238091	0.44166523	0.39141622	0.377359	-0.38887152	-0.45379198	-0.4112016	0.39711744	-0.36964813	0.41255084	-0.45708966	-0.3687262	-0.4378529
-0.4651826	0.45762813	-0.5105413	-0.46100947	0.48726586	0.42154533	0.45969972	-0.46944913	-0.4785499	-0.44947025	0.4489019	-0.4055261	0.45366195	-0.4688189	-0.44619787	-0.4553385
-0.5601382	0.603869	-0.6549518	-0.6395231	0.66116714	0.61174965	0.5998499	-0.60035723	-0.6174018	-0.6587135	0.6446149	-0.672099	0.60760444	-0.65915215	-0.61847854	-0.6354123
0.4864655	-0.5732026	0.49294838	0.5324088	-0.5730893	-0.5000854	-0.5730919	0.49772063	0.5697675	0.56909966	-0.56157446	0.5407282	-0.5487933	0.52799165	0.5309969	0.6336141
0.4717776	-0.5059922	0.5530292	0.50383526	-0.5162651	-0.47582316	-0.52259046	0.5547539	0.566099	0.5161805	-0.58937615	0.54054415	-0.53733695	0.49219987	0.5126117	0.6043802
-0.5170728	0.5049912	-0.46135482	-0.5246043	0.48422256	0.5300006	0.47048733	-0.4545493	-0.48401734	-0.53317076	0.46601352	-0.50472486	0.52795905	-0.44939712	-0.46449667	-0.5402515
0.41847026	-0.41404966	0.4485379	0.34173098	-0.37165612	-0.38032207	-0.37141687	0.35074812	0.38203573	0.3922147	-0.3863932	0.3646589	-0.35463232	0.41889518	0.33558318	0.43118423
0.25956166	-0.326667	0.3006579	0.31835973	-0.25988352	-0.29149735	-0.33812037	0.24240492	0.31585005	0.26303652	-0.29064855	0.26171345	-0.24658059	0.26929495	0.28554577	0.2930598
0.28905207	-0.35147583	0.27327636	0.32362068	-0.3838087	-0.3372377	-0.31961274	0.35116476	0.38141048	0.29861626	-0.3756074	0.29806104	-0.2788946	0.3340265	0.30963495	0.38395193
-0.5798965	0.60761535	-0.67059827	-0.60896736	0.65296364	0.6648018	0.601954	-0.65966594	-0.7334598	-0.6457056	0.6971903	-0.70472324	0.6689769	-0.63097966	-0.64676577	-0.6979732
-0.5021851	0.64114934	-0.6250043	-0.6243976	0.5974874	0.58209634	0.61978245	-0.6775501	-0.6669498	-0.5607531	0.6167102	-0.60435	0.5628389	-0.6373399	-0.5466552	-0.68411493
0.5941919	-0.62684137	0.5569083	0.58699864	-0.59967154	-0.5665606	-0.57613075	0.54767275	0.6237923	0.5351301	-0.5696147	0.61598504	-0.53864974	0.551266	0.56774694	0.57060206
0.82501733	-0.8971698	0.86279833	0.87734693	-0.92517537	-0.88754195	-0.9021087	0.8320496	0.97042	0.927485	-0.86903673	0.9225682	-0.8482921	0.84672123	0.8831773	0.91090137
0.3758302	-0.30754536	0.35371783	0.37708527	-0.39167836	-0.37792507	-0.3577291	0.36616912	0.40913084	0.3856739	-0.31031233	0.30630746	-0.33357298	0.35247362	0.3244094	0.32309276
-0.3737739	0.5563861	-0.63344765	-0.62172806	0.60960156	0.4558645	0.5202189	-0.6000301	-0.6749038	-0.52485555	0.56333846	-0.63429844	0.54971355	-0.56881356	-0.54983795	-0.5929026
-0.104913965	0.10606504	-0.11341559	-0.05747385	0.11746378	0.07409584	0.04169463	-0.0648929	-0.07708466	-0.04887081	0.08820796	-0.08329093	0.07683321	-0.083311826	-0.07840198	-0.055433463
-0.22199072	0.23058896	-0.2629087	-0.2218103	0.26615897	0.2992501	0.2752503	-0.27523968	-0.3005518	-0.27278155	0.2738749	-0.2282422	0.23729445	-0.23930417	-0.28469416	-0.24692857
0.44764665	-0.39663556	0.44813725	0.44451952	-0.41346675	-0.39828804	-0.4578643	0.46889418	0.4967408	0.42170453	-0.40591383	0.428831	-0.4617408	0.39170694	0.47907844	0.46798006
-0.18895595	0.51338196	-0.49678332	-0.5679563	0.5945438	0.4164143	0.461416	-0.47380617	-0.59586376	-0.47175267	0.57010514	-0.5366767	0.5575126	-0.44889334	-0.4663559	-0.5602242
0.011583717	-0.0055524195	0.038431168	-0.028626146	0.046887215	0.044800185	0.011626555	-0.022713553	-0.04073967	-0.024504792	-0.042204175	-0.023327807	0.023605695	0.04389449	-0.038740423	-0.047930256
-0.6310602	0.6214483	-0.61729205	-0.6137051	0.62488574	0.63759047	0.6095664	-0.6878429	-0.6676216	-0.6857879	0.66845083	-0.69156516	0.6589876	-0.66375524	-0.6660788	-0.7097378
0.147829	-0.16886675	0.12350827	0.15256433	-0.17290647	-0.14102502	-0.17891608	0.13846827	0.12443902	0.16387415	-0.18613203	0.17317683	-0.14774403	0.14572169	0.17483601	0.18325025
0.70770985	-0.7092016	0.75367385	0.76826227	-0.7819291	-0.77615273	-0.75701934	0.76456577	0.8343929	0.72845906	-0.72492754	0.7665541	-0.7872142	0.78839266	0.7354194	0.7779135
0.82708085	-0.8388722	0.84034806	0.84638786	-0.8111065	-0.8985021	-0.80131763	0.85517716	0.9355545	0.80030316	-0.8085329	0.8285695	-0.82545036	0.80137736	0.8030457	0.890404
0.6029041	-0.6159941	0.61218464	0.5646693	-0.5968552	-0.5953143	-0.60928106	0.57647777	0.610279	0.6129634	-0.6248119	0.63598543	-0.58671254	0.57491934	0.5411872	0.59134525
-0.7416045	0.7302108	-0.7654526	-0.77447057	0.80832756	0.7184064	0.7988579	-0.73658985	-0.78916633	-0.8136795	0.78339785	-0.82670677	0.77129686	-0.7320792	-0.7919419	-0.8528097
-0.24265893	0.25721642	-0.28877166	-0.20452401	0.2741363	0.23098741	0.24656017	-0.19981335	-0.22146589	-0.19503063	0.17703952	-0.27186808	0.1768338	-0.26909828	-0.20239769	-0.25206992
0.46204385	-0.45117608	0.4569309	0.36713406	-0.39555213	-0.42071778	-0.41962942	0.46552575	0.38006836	0.38543662	-0.42110342	0.39086238	-0.3325411	0.37748897	0.37840706	0.38661814
0.33173314	-0.24917443	0.20264022	0.20864908	-0.28293887	-0.25676262	-0.22584403	0.24667002	0.2377693	0.23685592	-0.20870942	0.26078907	-0.24997248	0.2662475	0.23884091	0.21493888
-0.12156372	0.14498428	-0.1858484	-0.17145202	0.16766588	0.1733208	0.09443166	-0.16607109	-0.20379595	-0.1268101	0.15766272	-0.1410037	0.12689674	-0.11121019	-0.17192498	-0.14555316
-0.61637366	0.5844776	-0.661592	-0.5491671	0.6401985	0.58752567	0.64256155	-0.5661302	-0.6138054	-0.6232901	0.6052878	-0.6374169	0.57558423	-0.5870177	-0.6218482	-0.61585164
-0.9255567	0.9511622	-0.9549984	-0.894591	0.98281807	0.9058739	0.945702	-0.88562804	-0.942982	-0.9625594	0.90698093	-0.90529966	0.88885045	-0.9004198	-0.9582983	-0.963775
-0.20596494	0.23934199	-0.22567184	-0.2312021	0.2617201	0.18276958	0.26426682	-0.22285387	-0.22148731	-0.23430115	0.23624144	-0.25707635	0.24239686	-0.27036422	-0.25246817	-0.21040356
0.22323449	-0.22176516	0.22318593	0.1716797	-0.23240997	-0.20511444	-0.24825351	0.24335739	0.19310172	0.23618102	-0.25417998	0.24906069	-0.19398366	0.16913351	0.18439135	0.23659022
0.2518891	-0.3094044	0.26456115	0.28621787	-0.33898214	-0.32530367	-0.2728198	0.28944346	0.50669664	0.34889007	-0.32973495	0.34325293	-0.35106072	0.35798684	0.34270304	0.40025187
0.5757636	-0.60802156	0.61162156	0.6429537	-0.6424108	-0.63533306	-0.65673834	0.62700605	0.6844345	0.621715	-0.6194296	0.6740955	-0.5817282	0.5944486	0.6191837	0.6955784
0.5523677	-0.5817014	0.59354895	0.61793214	-0.57564306	-0.6453137	-0.6286911	0.54942936	0.6278172	0.6294621	-0.64109474	0.57129437	-0.5818526	0.5925896	0.6098952	0.5968659
-0.55650043	0.6156372	-0.62602085	-0.6210586	0.64298713	0.5997012	0.5662647	-0.5391084	-0.6554569	-0.60829675	0.61385465	-0.62500036	0.5690397	-0.62434095	-0.63989854	-0.60868853
0.1740718	-0.18769914	0.19338612	0.19866703	-0.17807305	-0.18837678	-0.16767728	0.18107893	0.18497151	0.16198696	-0.16010202	0.1413313	-0.1433268	0.12005058	0.116722114	0.21304129
-0.5727617	0.5787055	-0.51423675	-0.53242993	0.53392565	0.52638453	0.57577235	-0.5213073	-0.5437119	-0.5033491	0.54193926	-0.5193003	0.5304022	-0.57638717	-0.5129314	-0.56034595
0.069219835	-0.061198395	0.045134965	0.065410465	-0.07116311	-0.033971477	-0.07011098	0.019078908	0.034260973	0.077653155	-0.081509635	0.007835262	-0.05218091	0.034864843	0.07251388	0.07090576
0.0047162212	0.010034121	0.00015751671	0.028734997	-0.03589255	0.025841229	0.0151663115	-0.050590474	0.017059758	-0.05090971	-0.043995257	0.019611355	0.0043946668	0.02193608	-0.04667615	0.032866545
-0.30740383	0.33788934	-0.338989	-0.30453706	0.3632664	0.29824382	0.29763767	-0.35671136	-0.3289529	-0.35238913	0.34839532	-0.367905	0.34328073	-0.3017493	-0.3398238	-0.30103815
-0.01653016	0.057250377	-0.050439425	-0.08361576	0.06341755	0.08596454	0.052069727	-0.05653694	-0.024868365	-0.022295466	0.081820466	0.00022257147	0.0011568192	-0.08413883	-0.067937076	-0.022985106
0.06355018	-0.068693146	0.024636017	0.049943533	-0.032056566	-0.058496233	-0.004050899	0.0002601803	0.07043829	0.043878593	-0.05164537	0.071689785	0.015851649	0.039377328	0.06571542	0.07661832
-0.58231807	0.6505163	-0.6700382	-0.715738	0.6794842	0.6697179	0.6437281	-0.6359516	-0.68394077	-0.6524184	0.680936	-0.68778795	0.63347864	-0.63153255	-0.6826982	-0.7028016
0.50724626	-0.5235172	0.53342694	0.5348493	-0.50974476	-0.5096731	-0.4832752	0.45624596	0.5259572	0.5321084	-0.4932364	0.5540434	-0.5471534	0.51034874	0.5329312	0.55678844
-0.5223448	0.63223827	-0.6319636	-0.62910074	0.6652544	0.5894028	0.63452315	-0.6404803	-0.6872023	-0.5928762	0.64213425	-0.6805493	0.6340484	-0.58827984	-0.61613274	-0.6321676
-0.44000718	0.39714828	-0.387158	-0.36219433	0.41238543	0.40264583	0.369174	-0.40882647	-0.3362909	-0.3829035	0.3831459	-0.40116552	0.37638018	-0.42327037	-0.3789549	-0.34580863
-0.6855097	0.68047225	-0.65271664	-0.6498763	0.7132814	0.6559103	0.7039562	-0.67468166	-0.67325807	-0.63016695	0.7081662	-0.72957414	0.65762895	-0.6644684	-0.6717522	-0.71116567
-0.6882667	0.6682875	-0.70101774	-0.65506977	0.739208	0.67660016	0.6744854	-0.69826126	-0.73739165	-0.6831459	0.6686823	-0.73570323	0.64294785	-0.69779986	-0.63753873	-0.7249464
0.06437406	-0.060107913	0.12559135	0.072152294	-0.086897835	-0.109030314	-0.15036798	0.050522193	0.09667206	0.069491126	-0.14225864	0.113716274	-0.10542711	0.15197904	0.10533214	0.06344851
0.0026132977	-0.029049736	-0.00014770032	0.028408123	-0.005803069	0.015763732	0.04506104	-0.030048069	-0.022298718	-0.024166577	0.027376883	0.01568144	0.047196873	0.014496211	-0.06409426	0.022209488
0.22747009	-0.18836936	0.17767164	0.121641405	-0.22389297	-0.16172844	-0.21723834	0.12413269	0.18494986	0.17632248	-0.14458717	0.17881294	-0.19721563	0.22746263	0.1797487	0.16805097
-0.47684976	0.5041414	-0.43800005	-0.46736863	0.51887494	0.53002197	0.52273965	-0.4511115	-0.48678434	-0.47907677	0.49396706	-0.48087972	0.5077103	-0.50587904	-0.54364204	-0.50549746
-0.4228022	0.38447052	-0.42817417	-0.38010427	0.3640597	0.4487546	0.41714045	-0.39051968	-0.43429667	-0.40704212	0.4185307	-0.39980617	0.40324986	-0.39978206	-0.37548798	-0.44592556
0.5487837	-0.527248	0.5111758	0.5467908	-0.49450052	-0.49076837	-0.48056114	0.57159203	0.5610939	0.5178942	-0.53060645	0.4949638	-0.5013347	0.50555617	0.50335205	0.47897184
0.61767954	-0.7070553	0.70914656	0.64315665	-0.6961027	-0.6327135	-0.67544854	0.7009446	0.6677837	0.7237224	-0.67927986	0.67241186	-0.65686446	0.68767846	0.72517973	0.6739041
0.52897	-0.5533911	0.627484	0.5175101	-0.56814796	-0.5576449	-0.56725186	0.5566441	0.6456313	0.63689476	-0.5478092	0.56022567	-0.52965987	0.5712866	0.5938711	0.6433585
-0.2382189	0.24372192	-0.2639338	-0.1669446	0.23933177	0.19721344	0.20475633	-0.22829902	-0.18998852	-0.22273962	0.23116237	-0.20893335	0.16427262	-0.21521087	-0.18800563	-0.21023348
0.4804426	-0.49615455	0.5310641	0.5015398	-0.60188365	-0.56756383	-0.52994	0.522961	0.5574936	0.5575305	-0.51432425	0.57210916	-0.5629829	0.49485233	0.5133024	0.6075284
0.67633027	-0.6786873	0.6434462	0.6308882	-0.7313925	-0.61874145	-0.66979647	0.677593	0.76591843	0.6527164	-0.66983503	0.6391256	-0.63349104	0.6868007	0.6876171	0.6729057
-0.29314488	0.32853633	-0.37005433	-0.3450137	0.3442438	0.34345457	0.36589548	-0.37670985	-0.34529212	-0.35476813	0.2873838	-0.28978482	0.36569518	-0.31256747	-0.3191192	-0.30534407
0.5045595	-0.4948563	0.564503	0.5374546	-0.5600478	-0.4921236	-0.57840973	0.5368786	0.6088611	0.57062435	-0.56871265	0.5476595	-0.5430742	0.5772222	0.52625716	0.59480584
-0.61521643	0.6851308	-0.6904422	-0.6847424	0.7342461	0.66855145	0.6410546	-0.68960595	-0.7494501	-0.6668458	0.6792803	-0.70458364	0.66232	-0.684915	-0.6559221	-0.68443674
-0.5176605	0.6090257	-0.65019727	-0.64914364	0.643486	0.62621033	0.6188443	-0.6117797	-0.6622434	-0.5999802	0.6290394	-0.64646727	0.61119056	-0.6294534	-0.6191594	-0.5949569
-0.62648374	0.7498799	-0.80315965	-0.7051942	0.71215326	0.6738879	0.6980518	-0.7387437	-0.8110324	-0.76707184	0.7378508	-0.78112715	0.70415336	-0.7049448	-0.6874029	-0.8028202
0.6038836	-0.6553864	0.5505078	0.6533532	-0.63984764	-0.5738694	-0.647446	0.62977743	0.6425032	0.63140976	-0.63301075	0.6165691	-0.6539169	0.57717294	0.6411526	0.61767274
-0.97552174	0.9484453	-0.94756645	-0.93630767	0.96371007	0.9304724	0.96151274	-0.90500265	-0.9791934	-0.95229405	1.0011517	-0.9701655	0.9623613	-0.9610892	-0.97825456	-1.0244137
0.42403904	-0.51220113	0.48775423	0.55507845	-0.57511324	-0.58152235	-0.52964085	0.5116348	0.64211494	0.57881683	-0.5640185	0.5835317	-0.57126373	0.5865482	0.58688116	0.5976199
0.6610991	-0.7371743	0.7747377	0.68360746	-0.7665021	-0.68661004	-0.70750856	0.73351806	0.7772018	0.7754827	-0.7022356	0.725162	-0.7523207	0.7124681	0.6988763	0.73691547
0.2925661	-0.42074803	0.42702878	0.42099416	-0.48079866	-0.39048615	-0.36057374	0.34283474	0.4541793	0.41165698	-0.4538516	0.45578128	-0.41866302	0.42711672	0.4493367	0.4354031
-0.77623236	0.8128348	-0.77853346	-0.7438687	0.7981387	0.77681875	0.7870222	-0.7351032	-0.8496002	-0.75480807	0.78833693	-0.7867917	0.8096105	-0.7991697	-0.7980492	-0.8024154
-0.015556056	0.0031788421	-0.02091338	-0.100204684	0.049950406	0.041194275	0.06690829	-0.021725062	-0.06591571	-0.04247183	0.087565206	-0.030234655	0.059619013	-0.025063934	0.017744467	-0.05683409
-0.12723921	0.16060264	-0.20250669	-0.20465559	0.22966295	0.21218109	0.144919	-0.2688981	-0.19790275	-0.23576526	0.25133058	-0.18409653	0.18488723	-0.1685255	-0.18646611	-0.19612204
-0.6985555	0.80501986	-0.7994156	-0.7941147	0.75365937	0.79189765	0.7375125	-0.8261943	-0.80733883	-0.7725745	0.7637569	-0.7773418	0.79174536	-0.8196311	-0.78470117	-0.83388996
-0.13312325	0.1221024	-0.13417614	-0.11354585	0.06449788	0.116544746	0.07060662	-0.07241789	-0.12375747	-0.06643885	0.046843905	-0.06683814	0.106972784	-0.08350604	-0.048959635	-0.03934046
-0.1975799	0.16160724	-0.14855516	-0.2065231	0.19357981	0.11566153	0.18942873	-0.15958583	-0.19623142	-0.20207745	0.14732707	-0.13560441	0.18158004	-0.13429472	-0.16386409	-0.23003925
0.47674692	-0.5097716	0.49482927	0.41283402	-0.5330833	-0.5026677	-0.44639942	0.39990765	0.47648352	0.43177238	-0.487794	0.48944065	-0.40867493	0.44162893	0.4191572	0.53840977
0.29344642	-0.20786501	0.22392577	0.18667938	-0.25221157	-0.23791501	-0.26110542	0.15547043	0.2616468	0.27129605	-0.16388983	0.2083786	-0.12415714	0.20098008	0.17220235	0.17497844
-0.3998378	0.33416736	-0.40350366	-0.34658697	0.31953564	0.3262755	0.29331183	-0.35499662	-0.39539614	-0.31013176	0.3686562	-0.37734497	0.32445765	-0.31528297	-0.36218593	-0.37079352
0.67857146	-0.6950808	0.71190214	0.66301507	-0.699365	-0.64959913	-0.68261915	0.6299859	0.6877869	0.64386785	-0.6733892	0.64514226	-0.641945	0.6477914	0.66879725	0.7048818
-0.70591354	0.6958082	-0.6899455	-0.68365616	0.75169367	0.719728	0.66234833	-0.65347856	-0.785176	-0.7397778	0.66387475	-0.7352568	0.71233827	-0.69851047	-0.70162994	-0.7509583
0.31987175	-0.31232047	0.26511145	0.32846427	-0.34166235	-0.29055306	-0.3395286	0.25564554	0.32539228	0.35776123	-0.33941868	0.32330963	-0.31412804	0.30371755	0.3383881	0.29021657
-0.6720922	0.6287095	-0.7105595	-0.6363048	0.6644732	0.7086579	0.69231266	-0.6871424	-0.7027902	-0.6876519	0.6978865	-0.6272808	0.61550784	-0.64633954	-0.6588161	-0.6680818
-0.25983313	0.24464896	-0.2679534	-0.2620446	0.3287469	0.3111714	0.2389011	-0.29200137	-0.33902195	-0.32364184	0.26555493	-0.25773463	0.29537737	-0.2841777	-0.3044794	-0.28709024
0.14118175	0.0050072274	-0.024132177	0.022789393	0.0025559156	-0.0044423766	-0.102899596	-0.05935942	0.025715334	-0.0068785325	0.010382905	-0.047563616	-0.03396618	-0.014655082	0.04846188	-0.0040319064
0.46515077	-0.50551695	0.46966365	0.45513102	-0.5088283	-0.42504385	-0.4706179	0.41958728	0.52508247	0.51726323	-0.45470598	0.5116828	-0.44874728	0.44141835	0.46948728	0.48066202
0.5077607	-0.5182388	0.47654036	0.5172675	-0.52617604	-0.5438444	-0.55145293	0.5356083	0.61372757	0.5563717	-0.5619538	0.524641	-0.5305807	0.53660494	0.4912531	0.5627468
-0.17481901	0.16607769	-0.22333002	-0.15306567	0.19112696	0.23787612	0.17647706	-0.24281582	-0.1770927	-0.21548092	0.18534476	-0.18472038	0.22911575	-0.23541418	-0.22660853	-0.21633874
0.016226888	0.038946725	-0.03466828	-0.04041954	-0.0044421274	0.04688472	-0.03942189	-0.0605353	0.008747823	0.014468247	-0.017564775	0.016875885	-0.030825792	0.03441891	-0.0013432999	-0.016991828
-0.44301158	0.38295212	-0.3928559	-0.41005608	0.3829638	0.38899	0.43066612	-0.41354036	-0.40722573	-0.37894022	0.43037444	-0.41713536	0.4623946	-0.38801497	-0.42698923	-0.439705
0.005034091	0.026856711	-0.062706746	0.023982134	-0.011720913	0.02482558	0.04928146	-0.047727883	0.020973368	-0.01772403	0.009716869	-0.07217035	0.025123486	-0.000104080005	-0.03562683	-0.013967755
-0.60762805	0.58685684	-0.6837888	-0.65836215	0.6853847	0.6591489	0.6713293	-0.6337201	-0.69731665	-0.60823995	0.6171409	-0.6930118	0.6043197	-0.62658507	-0.66474885	-0.6324635
0.19988258	-0.13407388	0.11305895	0.101471834	-0.11113005	-0.16425568	-0.15054563	0.17463532	0.16137725	0.095908284	-0.09598581	0.0963353	-0.14290851	0.16808663	0.11673175	0.17843643
-0.6592348	0.7761577	-0.775165	-0.7275272	0.7613472	0.72268414	0.7606281	-0.73145676	-0.80636466	-0.77231455	0.76598585	-0.79544824	0.77673405	-0.7903444	-0.7873254	-0.81273544
0.3185178	-0.33525538	0.26682353	0.28685486	-0.3390821	-0.31659144	-0.32911614	0.2837758	0.3211074	0.35390654	-0.2930896	0.3239051	-0.33735356	0.31919816	0.29717195	0.342292
-0.27195263	0.29428333	-0.24848711	-0.30039388	0.28816658	0.29701295	0.32572135	-0.24119228	-0.36742792	-0.2705725	0.34245577	-0.31760487	0.34543014	-0.34538382	-0.2824708	-0.2918427
-0.76503426	0.7794924	-0.8111614	-0.7419467	0.72933114	0.81147385	0.77429545	-0.78471226	-0.8366178	-0.7206411	0.81121683	-0.77905	0.75971836	-0.7299964	-0.7306244	-0.7828017
0.5106493	-0.5537355	0.58728325	0.56578904	-0.59739786	-0.5321458	-0.60812426	0.6037093	0.6291303	0.57810295	-0.5734169	0.59719783	-0.57966954	0.55825365	0.6167007	0.66104126
0.091559075	-0.07351355	0.12753364	0.0723723	-0.13608912	-0.090507604	-0.1381364	0.09499354	0.13429604	0.14289391	-0.14449386	0.07304499	-0.15339315	0.09397503	0.06915213	0.09278268
-0.36504972	0.39050156	-0.5246104	-0.3967615	0.42684785	0.39651036	0.46690744	-0.49536517	-0.5207738	-0.433841	0.49237594	-0.4164269	0.48586303	-0.44936228	-0.45286438	-0.5153416
0.07339481	-0.0680221	0.08771709	0.06832966	-0.048152216	-0.03250266	-0.08405507	0.0904732	-0.019133197	-0.017837375	-0.010932773	0.0003942127	-0.012555723	0.029849384	0.07610886	0.05845827
0.5780845	-0.61236405	0.68079096	0.605118	-0.69718087	-0.64637774	-0.6440774	0.6532489	0.7494927	0.6239968	-0.6786227	0.70164233	-0.66415685	0.69708973	0.62680155	0.70773613
-0.854929	0.7750348	-0.83045185	-0.76206666	0.8004998	0.85574293	0.7775564	-0.8441792	-0.92154646	-0.8636945	0.8001822	-0.84569037	0.7801842	-0.7877889	-0.80359644	-0.9097963
0.43001127	-0.44686082	0.5131795	0.43591	-0.53673553	-0.4261073	-0.46079662	0.46169138	0.536879	0.46578053	-0.4966674	0.49405318	-0.42491454	0.5344406	0.5078789	0.5937361
0.28825006	-0.20997575	0.2944784	0.2507948	-0.26090825	-0.21066451	-0.2613034	0.2598225	0.2388299	0.20841977	-0.24184646	0.2552795	-0.20724848	0.26326156	0.22542998	0.21252194
0.7104265	-0.66266227	0.7557514	0.6875903	-0.708359	-0.67596763	-0.74844027	0.7179812	0.7375372	0.75847864	-0.6717092	0.7254438	-0.7110277	0.73875153	0.68606466	0.721581
0.20272842	-0.19926323	0.15859638	0.22661541	-0.24992023	-0.16258521	-0.15118504	0.21495974	0.2155778	0.18827873	-0.20485511	0.22149587	-0.14561863	0.1704325	0.22522812	0.1836026
-0.7552661	0.7270184	-0.72488195	-0.77034265	0.8116763	0.7686637	0.7199121	-0.74451405	-0.79416335	-0.7939463	0.71509767	-0.7840355	0.763167	-0.7266292	-0.7898689	-0.8018925
-0.22466552	0.2901244	-0.22910947	-0.29312736	0.25893274	0.23852898	0.20550339	-0.27151886	-0.2875179	-0.20062041	0.21463385	-0.24572784	0.20314606	-0.2630414	-0.24109212	-0.24254347
0.3734748	-0.44358468	0.37029964	0.4112983	-0.43119544	-0.4585813	-0.43819916	0.45151183	0.44366634	0.41115892	-0.40384212	0.38196433	-0.38546214	0.396976	0.40892896	0.45511755
0.4039425	-0.30261078	0.3595795	0.3865277	-0.34768713	-0.33190814	-0.38334212	0.4049722	0.33915508	0.3757705	-0.3008335	0.3840958	-0.3331853	0.34615523	0.31287348	0.38157547
0.11309048	-0.041995697	-0.03745979	-0.05061437	-0.049584545	-0.0430339	-0.076896206	-0.026997117	0.04207619	0.04750487	-0.012246809	0.06639717	0.009221457	0.00872634	0.015087708	0.039786156
0.50605005	-0.50187236	0.4898392	0.5551845	-0.5078864	-0.47983685	-0.57092935	0.5073343	0.54454106	0.57968915	-0.5136338	0.50772756	-0.5549362	0.4952697	0.51141363	0.52659297
0.11265834	-0.16478206	0.20360397	0.1326266	-0.12457432	-0.11845285	-0.18440762	0.17834146	0.18181415	0.120158724	-0.20957205	0.21398148	-0.11025714	0.11087307	0.1934802	0.1272056
0.76621425	-0.7326345	0.72438526	0.7255902	-0.7943697	-0.7003845	-0.79642725	0.69205475	0.807342	0.7972637	-0.76232505	0.7747224	-0.7445057	0.7708568	0.7356565	0.7517692
-0.6547214	0.7456911	-0.7753876	-0.7138757	0.80759573	0.74059904	0.70291746	-0.6909382	-0.74552685	-0.78261787	0.7496901	-0.7211488	0.75821465	-0.76144433	-0.6812831	-0.7673882
0.2922871	-0.32049334	0.37124398	0.2855785	-0.36001602	-0.3183748	-0.31862348	0.28098783	0.30331868	0.35609388	-0.33058575	0.3132672	-0.2950308	0.30577388	0.29301876	0.30081493
0.64864534	-0.6937445	0.73310107	0.77613616	-0.7540002	-0.7175051	-0.7064359	0.73786944	0.80852824	0.7113142	-0.7206018	0.7371936	-0.6876354	0.71619546	0.7777482	0.8382992
-0.18983823	0.13359763	-0.11618895	-0.099432655	0.15958405	0.18129186	0.09627213	-0.13473131	-0.12608148	-0.15915038	0.0855256	-0.08508847	0.18161975	-0.14637974	-0.108268276	-0.1505723
0.34694332	-0.31307915	0.32022896	0.30117545	-0.2997738	-0.35589942	-0.3071657	0.36534494	0.37379685	0.36581975	-0.30884787	0.29423186	-0.37043282	0.2838385	0.33887342	0.31346214
-0.7534249	0.7614921	-0.77192134	-0.76867986	0.75340074	0.7389066	0.7346328	-0.71192265	-0.7602602	-0.70770055	0.6996176	-0.7309791	0.6921202	-0.7350935	-0.7580285	-0.7886116
-0.30338877	0.33267075	-0.39099714	-0.34549102	0.33268216	0.33161846	0.3507465	-0.29341698	-0.3301175	-0.35107404	0.29846874	-0.33447576	0.35896835	-0.2926388	-0.27787495	-0.32867405
-0.655739	0.6851669	-0.7056774	-0.64402467	0.6927839	0.70026773	0.6564247	-0.6762894	-0.754616	-0.6803288	0.6791669	-0.6824336	0.6846532	-0.6929449	-0.6515394	-0.70162016
0.22790249	-0.17899518	0.22003007	0.17944197	-0.23971318	-0.24628174	-0.21435562	0.24872841	0.20071219	0.17684302	-0.21579085	0.2081915	-0.21601057	0.20283492	0.25523624	0.18853153
0.23245041	-0.20876007	0.23813924	0.2108963	-0.24846722	-0.23477629	-0.23533455	0.25255993	0.25921127	0.22963643	-0.21496235	0.20844285	-0.20779815	0.23973294	0.22064364	0.21146108
0.199663	-0.20916714	0.21210349	0.18999179	-0.20185243	-0.15832767	-0.20678803	0.16117917	0.21079291	0.17105412	-0.21610454	0.18453647	-0.1709105	0.19735532	0.1929364	0.1825812
0.31814557	-0.35573998	0.3249859	0.33655572	-0.3102262	-0.29815117	-0.34423503	0.3557804	0.33701414	0.29444218	-0.3304863	0.2835964	-0.27661142	0.31961846	0.33894032	0.35891375
-0.6146847	0.63964784	-0.7114185	-0.636082	0.71780604	0.628212	0.6908789	-0.66799	-0.703454	-0.6646569	0.6508579	-0.6409012	0.68652314	-0.7097713	-0.678865	-0.7161792
-0.42014426	0.6043653	-0.59538037	-0.61859155	0.5868185	0.48358515	0.58050865	-0.5987694	-0.64245933	-0.53859335	0.5286893	-0.53736186	0.5964357	-0.53218526	-0.51763535	-0.61739373
-0.2865972	0.28881854	-0.34575224	-0.30013943	0.28763857	0.27400383	0.35319757	-0.30034006	-0.3086709	-0.27311662	0.27861735	-0.30391356	0.27990204	-0.33678418	-0.3334996	-0.2868101
-0.50001574	0.53714323	-0.60334593	-0.48849785	0.5498071	0.5619596	0.5615202	-0.53738385	-0.53376234	-0.5339962	0.5392876	-0.49410847	0.46771628	-0.55939126	-0.46686855	-0.5542344
-0.20396861	0.16803798	-0.13631281	-0.13340093	0.21330476	0.20977712	0.1788225	-0.102790184	-0.12321852	-0.14452782	0.12299582	-0.15159483	0.19455555	-0.13794522	-0.2125738	-0.17971744
-0.2118221	0.2032105	-0.2116414	-0.12835047	0.1446647	0.18218812	0.20277348	-0.1941225	-0.18428554	-0.1800987	0.19848579	-0.18848668	0.17809549	-0.21234642	-0.14159356	-0.18936719
-0.057295773	0.09993979	-0.090363584	-0.04596672	0.08755669	0.026086563	0.02903169	-0.039008547	-0.07478016	-0.027679281	0.106121525	-0.047505245	0.121009305	-0.11864329	-0.06681961	-0.11320806
0.700967	-0.7136	0.7083049	0.71881616	-0.73659813	-0.6762843	-0.71071875	0.71659964	0.6778048	0.6667003	-0.65646404	0.7378499	-0.6543852	0.6905079	0.71504825	0.7110771
-0.74569196	0.72927684	-0.83219314	-0.70859635	0.7606641	0.7675784	0.69751877	-0.75059456	-0.78993136	-0.6872054	0.7234548	-0.77493876	0.7118264	-0.73852116	-0.7512486	-0.77225584
0.6563859	-0.6325305	0.7461119	0.6338507	-0.6568469	-0.7137978	-0.6876981	0.63120383	0.76454204	0.7026772	-0.692776	0.7287682	-0.64481294	0.6602333	0.70382	0.6953799
0.14998977	-0.23648056	0.16044755	0.18054692	-0.22439182	-0.21774653	-0.21589048	0.20494904	0.24700987	0.23458213	-0.18889444	0.19072634	-0.2613373	0.16374363	0.24656712	0.24929172
0.55120003	-0.5799956	0.65535456	0.57234603	-0.6423965	-0.6008125	-0.57415473	0.54393315	0.70657265	0.66488916	-0.63201094	0.68446684	-0.58034885	0.65164256	0.6457224	0.72215325
0.6044635	-0.6238854	0.5984847	0.5591469	-0.58161896	-0.5712957	-0.5660584	0.60846174	0.6588124	0.60564363	-0.5785675	0.55618286	-0.60475975	0.5567537	0.54203886	0.63358176
-0.47717863	0.5935842	-0.6300784	-0.64330965	0.6311323	0.5957159	0.5298121	-0.5813191	-0.71605587	-0.6206256	0.6038739	-0.60493684	0.55327564	-0.5960433	-0.56226975	-0.68221104
-0.05851951	0.004979834	-0.08356461	-0.032702487	-0.006648894	0.02927729	0.052288733	-0.043348253	-0.000432241	-0.002350968	-0.00010512964	-0.0036394636	0.080612786	-0.00779736	-0.038896695	-0.019065177
-0.4985369	0.48962262	-0.55198985	-0.51592726	0.4927713	0.5424026	0.5588247	-0.49358582	-0.54153556	-0.5411483	0.52377594	-0.55153126	0.5086224	-0.5327668	-0.5422662	-0.5133826
0.4255931	-0.5055103	0.52413327	0.5372222	-0.54798126	-0.4875232	-0.53448856	0.5203913	0.54983914	0.5348917	-0.5757284	0.53110915	-0.530036	0.5758074	0.5359006	0.62087154
0.57802486	-0.5943988	0.5836985	0.5844109	-0.5629783	-0.5500495	-0.5415173	0.5639589	0.60597014	0.5349389	-0.5495734	0.6144715	-0.5667503	0.55830693	0.61206615	0.588718
-0.383225	0.3068951	-0.37468934	-0.35379303	0.34216294	0.39276195	0.35818803	-0.32782933	-0.33357644	-0.37790626	0.3335755	-0.33259732	0.34072357	-0.38744357	-0.33188173	-0.38214308
0.1367546	-0.16586727	0.06595314	0.07098273	-0.14357479	-0.14712626	-0.11375243	0.12388722	0.074595205	0.06980579	-0.13262907	0.08393282	-0.08904967	0.12735501	0.0750388	0.13558686
0.4678064	-0.5415488	0.5137127	0.54922414	-0.55521756	-0.48791468	-0.50713664	0.49874324	0.58420587	0.55280304	-0.5092643	0.54050106	-0.5225737	0.5220462	0.48144722	0.60066825
0.4999522	-0.52053505	0.56373066	0.4833111	-0.537458	-0.4802751	-0.48234832	0.51327956	0.5931112	0.557653	-0.5725234	0.54267555	-0.5399135	0.48900467	0.54335314	0.57025474
0.14504993	-0.25344855	0.1743471	0.23059322	-0.1943274	-0.17270912	-0.25126043	0.14449503	0.20697536	0.16493084	-0.19930552	0.15688495	-0.24001442	0.2360035	0.16176458	0.24946763
0.15183413	-0.12239572	0.1487897	0.059603162	-0.13533495	-0.110231586	-0.14200695	0.13604495	0.054905005	0.12814519	-0.12873854	0.07588317	-0.120021105	0.07911502	0.16072235	0.13103777
-0.7682913	0.80682784	-0.7818338	-0.818528	0.84956765	0.75297886	0.79006064	-0.7644767	-0.7847835	-0.7855846	0.74980944	-0.8379778	0.77363014	-0.81988853	-0.82552516	-0.77376467
-0.51136804	0.51318574	-0.568872	-0.546455	0.60555404	0.51418674	0.56469965	-0.5797253	-0.64019704	-0.54989696	0.5990829	-0.56447536	0.5577836	-0.5802085	-0.56823814	-0.55910426
0.069670446	-0.072464794	0.053012855	0.08360055	-0.027663749	-0.04082801	-0.08978565	0.06640046	0.11021609	0.017946402	-0.03299599	0.068765506	-0.09583288	0.05131222	0.03066237	0.10297582
0.4597781	-0.4587231	0.50736374	0.42064923	-0.50633496	-0.4935481	-0.4846541	0.4657049	0.5212925	0.44439894	-0.44918847	0.52769625	-0.453652	0.47594747	0.46500704	0.5069462
0.38586557	-0.39150724	0.36441383	0.3802452	-0.42912912	-0.39940953	-0.38917562	0.41585445	0.4475457	0.4203138	-0.3681662	0.33094501	-0.34674293	0.4021833	0.3856148	0.42234153
-0.34358987	0.35648867	-0.48809066	-0.44089693	0.44584078	0.3337873	0.35339913	-0.3765205	-0.44590658	-0.3434727	0.3815573	-0.41578844	0.44345438	-0.34801963	-0.40713066	-0.43728963
0.5740098	-0.63089716	0.59136385	0.654417	-0.6213814	-0.62487686	-0.61888784	0.5744766	0.6556469	0.66243565	-0.6567011	0.64210355	-0.56608856	0.5875775	0.5969549	0.67225647
0.7187347	-0.78463954	0.773008	0.7309482	-0.7639109	-0.7917315	-0.8192696	0.78716224	0.8113959	0.75591975	-0.7639318	0.8161629	-0.7219065	0.7708864	0.7380769	0.8615121
0.35504925	-0.27883023	0.3022043	0.29747033	-0.25815943	-0.2831354	-0.2716071	0.23982517	0.27698907	0.23466654	-0.23097925	0.22348176	-0.22219089	0.30296266	0.24716778	0.31665963
0.6348737	-0.6889999	0.7092139	0.74801433	-0.7515429	-0.73441035	-0.7127578	0.6718644	0.79244417	0.72807205	-0.7539216	0.7187575	-0.6686225	0.75412065	0.6991803	0.72603357
0.7038826	-0.6785922	0.69898874	0.74611455	-0.7539652	-0.6790958	-0.73286843	0.6620607	0.7046802	0.71647686	-0.75261724	0.7229966	-0.7569327	0.7008002	0.7117821	0.7919577
0.73948514	-0.78435886	0.69821256	0.7624812	-0.7371667	-0.7264645	-0.7322742	0.6776544	0.76911753	0.72510076	-0.71615297	0.74429077	-0.7226933	0.7807803	0.74881387	0.8107444
-0.06527837	0.062589	-0.15354885	-0.10456078	0.14340162	0.13214673	0.048874583	-0.1536989	-0.15273657	-0.058188815	0.14765	-0.076774396	0.07064931	-0.12928419	-0.12720075	-0.09844449
0.37847102	-0.554293	0.51608247	0.51227534	-0.5088198	-0.47102508	-0.47097102	0.49596268	0.585331	0.49585772	-0.55050915	0.506835	-0.48094052	0.5034583	0.47394806	0.57695013
-0.7443471	0.7178322	-0.7634439	-0.74308366	0.7726932	0.7726379	0.78322476	-0.75275916	-0.8565491	-0.7391953	0.8189414	-0.81025183	0.7642838	-0.7590309	-0.73271203	-0.84370244
0.033707436	0.019690163	-0.085256286	-0.0067432905	0.003212951	-0.04467752	-0.039607115	-0.042428784	0.02924479	0.008215645	0.04313578	0.012497284	0.050250057	0.0402622	-0.042885303	-0.034720067
-0.44364035	0.44346893	-0.42283782	-0.41400665	0.40277702	0.41100195	0.43575355	-0.38227832	-0.46144643	-0.42904264	0.42214563	-0.44915584	0.40115005	-0.3819078	-0.35504282	-0.40226042
-0.083715186	0.14318572	-0.12799077	-0.15941657	0.15006499	0.09150189	0.14078085	-0.10188585	-0.14455318	-0.13064115	0.17104806	-0.15741612	0.15184723	-0.12362719	-0.16309875	-0.14669108
-0.43012583	0.42000023	-0.50619894	-0.44264454	0.50817645	0.4144867	0.43582174	-0.5058824	-0.5479436	-0.4341853	0.43077657	-0.4672665	0.4858154	-0.46698937	-0.5225594	-0.5567381
-0.6468882	0.63806915	-0.6818564	-0.7256793	0.69146323	0.71068496	0.64153194	-0.69235957	-0.6814343	-0.683389	0.73019123	-0.70555	0.6665916	-0.6419436	-0.6912206	-0.66087544
0.5977654	-0.72189814	0.73618925	0.7210062	-0.7446101	-0.67600423	-0.67537284	0.72229505	0.72668946	0.7107006	-0.71773297	0.7558933	-0.6789169	0.6420751	0.6428493	0.74408233
-0.079027064	0.02806874	-0.12132113	-0.007768709	0.05465244	-0.004523724	0.042966083	-0.03260304	-0.02599366	0.001643863	0.0197905	-0.07057852	0.04036702	-0.07607614	-0.07110029	-0.07275506
-0.5500236	0.62865484	-0.62444055	-0.5724984	0.60811186	0.6436476	0.57639855	-0.5671535	-0.60353684	-0.6091242	0.61092496	-0.59491366	0.5759937	-0.5761903	-0.5941942	-0.6042678
-0.41652808	0.46482134	-0.37189135	-0.4402561	0.47653496	0.40657073	0.438458	-0.46111867	-0.47125557	-0.42300493	0.46936122	-0.3911949	0.42378077	-0.4050241	-0.45908883	-0.46291593
0.31353718	-0.32424885	0.26269937	0.22053732	-0.30880657	-0.23489666	-0.29528773	0.28028718	0.2726443	0.2421801	-0.24120353	0.26580745	-0.2766961	0.26364887	0.24807917	0.27577692
0.7810168	-0.7101162	0.70420235	0.69333285	-0.7597795	-0.7170193	-0.7170884	0.7218391	0.78153414	0.77191496	-0.7437896	0.71226233	-0.7330683	0.7259865	0.7407542	0.7215807
0.7004822	-0.7973757	0.7733039	0.7829689	-0.826944	-0.7244364	-0.71336687	0.77077746	0.8115128	0.71925324	-0.8063577	0.735032	-0.7771842	0.7253316	0.7924218	0.80526006
0.9068853	-0.9293978	0.9814175	0.92876494	-0.97332925	-0.94112307	-0.9168375	0.9175242	1.0159162	0.9359115	-0.9175233	0.9802741	-0.9005266	0.9734254	0.9777853	0.94826615
0.14094722	-0.06933009	0.08511919	0.054309018	-0.12200573	-0.079299755	-0.14240536	0.095260404	0.072263144	0.0690034	-0.08372056	0.12218419	-0.11600769	0.04988082	0.14199767	0.0629191
-0.21947762	0.23346633	-0.18661447	-0.1960994	0.24918936	0.25429556	0.17904	-0.23371245	-0.26356012	-0.18127331	0.23237132	-0.23502573	0.22975123	-0.22251414	-0.20062794	-0.28325593
-0.38906437	0.32603276	-0.41320783	-0.39641398	0.41627422	0.3470221	0.3196943	-0.35116008	-0.37627813	-0.34813595	0.4134665	-0.3538456	0.39010534	-0.39055666	-0.37270644	-0.43061152
-0.35844144	0.47082663	-0.52091086	-0.4268383	0.41938838	0.38656995	0.4269289	-0.44164643	-0.46061277	-0.46042547	0.45249352	-0.44085047	0.48367423	-0.47798073	-0.41220734	-0.47151646
0.6758904	-0.6974489	0.7343649	0.68512034	-0.72724754	-0.68155	-0.7235006	0.70073134	0.755884	0.69705194	-0.7348234	0.74125797	-0.7056852	0.7722753	0.6854623	0.7081641
-0.031729307	-0.027047897	-0.030931965	-0.050297942	-0.022296498	0.055393524	0.044829767	-0.0441073	-0.0555654	-0.066621214	0.008525253	0.023659512	0.021511136	-0.00010727357	-0.028076101	-0.0197954
-0.48343596	0.459104	-0.51926196	-0.4937011	0.5099591	0.51448035	0.4599928	-0.4988154	-0.49865755	-0.5004847	0.44609898	-0.45428994	0.4844902	-0.5311289	-0.4480631	-0.5351067
-0.6126514	0.66297	-0.6912322	-0.6410333	0.68841267	0.5864219	0.6122491	-0.58680636	-0.66217214	-0.65616786	0.586844	-0.681148	0.65198076	-0.6065311	-0.59075403	-0.66669136
0.29805648	-0.30733806	0.26562706	0.2224027	-0.28926194	-0.34780356	-0.32635167	0.2589408	0.3003534	0.3355049	-0.2582462	0.24185234	-0.20290162	0.27072036	0.33700666	0.31536382
0.5638815	-0.5420432	0.53349805	0.6127917	-0.5582594	-0.57165295	-0.60281754	0.5296507	0.59469354	0.6194292	-0.569513	0.6282567	-0.59907925	0.60686874	0.60950464	0.5742432
-0.43280965	0.49154404	-0.45824954	-0.46560678	0.52605623	0.5009526	0.53314316	-0.53070503	-0.57472026	-0.52775884	0.4798873	-0.5449361	0.5429424	-0.46539068	-0.44506744	-0.5547747
-0.34472603	0.34434468	-0.34764042	-0.36644772	0.3948995	0.35214487	0.34321013	-0.3569895	-0.3479427	-0.39831617	0.40820375	-0.35591596	0.3401188	-0.38769925	-0.3349466	-0.366843
0.04853002	0.005024204	-0.09672356	-0.09325081	0.072651334	0.014309502	0.0035677517	-0.10497441	-0.05768649	-0.012292075	0.03280267	-0.1253636	0.13492526	-0.014159225	-0.083068304	-0.12400801
0.42529532	-0.47063	0.501612	0.5339552	-0.5061747	-0.49776617	-0.5165444	0.4715577	0.5648208	0.49598116	-0.514335	0.49411383	-0.49514565	0.45931584	0.5510285	0.52885026
-0.4917284	0.54139495	-0.5294466	-0.5169802	0.5336031	0.5289778	0.47867855	-0.51390845	-0.5813933	-0.51987547	0.5152848	-0.46887124	0.53626007	-0.46567377	-0.5381099	-0.49002475
0.2818167	-0.40123338	0.3527214	0.37918058	-0.40797296	-0.33644006	-0.3668285	0.341569	0.43653333	0.38297182	-0.39830726	0.43937117	-0.30740297	0.316105	0.32833937	0.429305
-0.5987215	0.7056224	-0.7577545	-0.6720492	0.7314004	0.64770544	0.70546114	-0.733394	-0.6903419	-0.706625	0.6817389	-0.699745	0.723678	-0.6660594	-0.68721765	-0.75496006
-0.07370896	0.2064051	-0.17034297	-0.18162376	0.16096388	0.17267942	0.20344311	-0.17862657	-0.18873584	-0.23367433	0.222228	-0.23573583	0.18434581	-0.14238274	-0.13826141	-0.21439867
-0.13228405	0.05135638	-0.13719857	-0.0709413	0.025488129	0.072132625	0.07710069	-0.11925646	-0.025952049	-0.052304287	0.036408328	-0.07869948	0.12038892	-0.04130707	-0.07833006	-0.10784467
-0.5168622	0.50796795	-0.52964795	-0.5326142	0.48193496	0.5287117	0.52831906	-0.542696	-0.5126636	-0.503539	0.48976183	-0.5032455	0.5365232	-0.5250414	-0.47767887	-0.55311453
0.5263436	-0.5002753	0.5413345	0.5154978	-0.4921852	-0.43001258	-0.53118783	0.44812527	0.5315677	0.5167142	-0.46031085	0.45441756	-0.454134	0.51241755	0.46793887	0.50259686
0.7607222	-0.78859	0.872151	0.7902408	-0.8361367	-0.80008596	-0.7888539	0.7713651	0.89945513	0.86122805	-0.8321308	0.8504468	-0.78850096	0.8466844	0.8373881	0.8710857
0.14727196	-0.121293224	0.15383573	0.18186533	-0.134499	-0.109776944	-0.16247134	0.19626439	0.10599051	0.15429236	-0.12227833	0.13379297	-0.18293452	0.15361604	0.15077154	0.16889116
-0.54719424	0.6823839	-0.6436763	-0.6449417	0.66585076	0.62497747	0.6480467	-0.6068938	-0.646283	-0.6607948	0.6591472	-0.69878167	0.58450824	-0.63714296	-0.61224794	-0.65274364
0.48845384	-0.5166803	0.559797	0.46286693	-0.466382	-0.5113338	-0.55105215	0.5153669	0.54516226	0.4735346	-0.47519487	0.52173775	-0.50845385	0.5072168	0.46374932	0.50757813
-0.48587823	0.46122193	-0.50151795	-0.5099143	0.44747835	0.44457176	0.45380872	-0.4461553	-0.4908728	-0.43976137	0.43124905	-0.47097114	0.41754964	-0.44653666	-0.41525462	-0.44336903
-0.5998508	0.66255236	-0.70981544	-0.7109889	0.67711395	0.6931638	0.69662285	-0.6600503	-0.72520876	-0.6474313	0.69770676	-0.70147896	0.7057365	-0.6503162	-0.64389503	-0.6990293
0.06954854	-0.098375216	0.12939675	0.1444395	-0.06130008	-0.06689525	-0.080908895	0.102846384	0.13072492	0.059314605	-0.13260539	0.09881291	-0.12121446	0.13258514	0.06674992	0.14655186
-0.29419154	0.21695714	-0.28401276	-0.26874673	0.242732	0.29859677	0.28672457	-0.23396696	-0.26637715	-0.30265507	0.30959788	-0.26793605	0.30099612	-0.26751667	-0.24140382	-0.29621008
-0.32092774	0.42472634	-0.4329248	-0.4080091	0.43346748	0.3243351	0.39214477	-0.39543068	-0.4479769	-0.40763018	0.39915895	-0.4139444	0.34748575	-0.37477055	-0.40030655	-0.40859342
0.49638984	-0.53246254	0.54301363	0.47128493	-0.49054953	-0.57077855	-0.48878196	0.5428905	0.49405873	0.49161923	-0.5630839	0.4958295	-0.47419363	0.49369606	0.48824736	0.54075664
0.45059058	-0.4757534	0.47042462	0.43010446	-0.5288861	-0.52033424	-0.43316412	0.45180807	0.5291795	0.48914135	-0.47817558	0.5367503	-0.42010215	0.4770233	0.49532527	0.4693342
0.2559203	-0.2577457	0.27952376	0.21537216	-0.197618	-0.27804825	-0.23798658	0.236243	0.26832455	0.26031446	-0.2783517	0.19065556	-0.28281087	0.20337519	0.28239834	0.23637918
0.6926404	-0.70919824	0.7414157	0.6954776	-0.7582379	-0.67924565	-0.6766072	0.7288974	0.7506809	0.7352316	-0.65958905	0.67502826	-0.70522594	0.7212411	0.6994939	0.76701534
-0.5476229	0.5410344	-0.64589673	-0.58016807	0.64981604	0.5526013	0.5534566	-0.56298506	-0.6283107	-0.5592076	0.58443713	-0.63923377	0.59957176	-0.5530397	-0.55757874	-0.58075464
0.4172657	-0.38058066	0.35695496	0.3653725	-0.34946787	-0.32472485	-0.39065832	0.34717062	0.38636523	0.32238513	-0.36368302	0.348039	-0.33846694	0.3609975	0.35186556	0.3630116
0.082336165	-0.09640745	0.043802444	0.07963432	-0.025319751	-0.05087497	-0.044091824	0.054597665	0.07087786	0.023988064	-0.018349959	0.019710083	-0.02501597	0.04511801	0.06417827	0.0940655
-0.06257869	0.04254776	-0.021290408	-0.02615155	0.01500335	0.017569246	0.03329054	-0.10114884	-0.099063694	-0.08151436	0.057097852	-0.059602268	0.024379196	-0.051464535	-0.038786925	-0.008897637
0.43883598	-0.5842912	0.5358615	0.4969273	-0.63149154	-0.5207408	-0.52285767	0.506185	0.6733614	0.5945677	-0.5613253	0.5613157	-0.5157749	0.5578731	0.52818257	0.62470984
0.49529815	-0.59382975	0.56159097	0.5608062	-0.60064566	-0.5700825	-0.59154224	0.5046821	0.57334787	0.50863594	-0.58818495	0.5682272	-0.55849785	0.5532021	0.5576405	0.5879467
-0.3208387	0.33400515	-0.33743507	-0.32525077	0.35860473	0.3737676	0.32805446	-0.33671653	-0.30580643	-0.37570548	0.3024927	-0.3171927	0.30457726	-0.2838949	-0.30788296	-0.28220537
-0.58037144	0.6621354	-0.7162907	-0.6306151	0.6685986	0.6327542	0.6620046	-0.65852755	-0.69341797	-0.6269941	0.6454328	-0.63255227	0.6611137	-0.64491194	-0.6370923	-0.7033137
-0.33952168	0.37474033	-0.39938962	-0.3334565	0.33318856	0.30704182	0.329845	-0.31333643	-0.36623126	-0.37186092	0.32509902	-0.32756168	0.36173403	-0.3904115	-0.33112454	-0.35770524
0.85481924	-0.855267	0.8433464	0.86251915	-0.90529877	-0.8808861	-0.9083729	0.8482343	0.87054276	0.88099563	-0.84725344	0.904932	-0.88030523	0.91834277	0.89681727	0.85853714
0.6423687	-0.69462866	0.6923168	0.63042676	-0.630866	-0.6123416	-0.6864802	0.65196115	0.6805282	0.6663405	-0.6159975	0.6663798	-0.63011867	0.60144496	0.65214664	0.71305454
-0.77157485	0.77959055	-0.84722173	-0.80712265	0.82668495	0.80985326	0.788198	-0.7844308	-0.8204139	-0.8400353	0.8263981	-0.79385436	0.8018349	-0.8317743	-0.8426881	-0.7945368
-0.42403695	0.5734668	-0.6070223	-0.5340475	0.5219902	0.48154	0.5069597	-0.5375658	-0.61249155	-0.4797842	0.5569947	-0.5444266	0.519643	-0.5706123	-0.5459853	-0.59474784
-0.19097999	0.2113233	-0.20130889	-0.21984376	0.21060482	0.2615129	0.18418096	-0.24810977	-0.2518835	-0.2349167	0.22838768	-0.2733682	0.28302443	-0.2794932	-0.26543507	-0.2809072
0.14545831	-0.19756202	0.09373997	0.15846919	-0.18662848	-0.112126105	-0.14536336	0.09798712	0.2004211	0.13704851	-0.13925703	0.1633194	-0.13614292	0.119312905	0.10548107	0.19087563
0.14738752	-0.10717128	0.06531274	0.0097752325	-0.05553978	-0.07185732	-0.12553844	0.009871446	0.08029133	0.10308474	-0.10511498	0.07958017	-0.020716732	0.12744695	0.047396887	0.092454635
0.26754484	-0.2891838	0.27007958	0.2509779	-0.22109088	-0.24594074	-0.31225225	0.19510481	0.2399988	0.3105175	-0.27829465	0.27140298	-0.24339958	0.22339664	0.29720452	0.2952929
-0.38103795	0.5879155	-0.60767055	-0.60983855	0.6139392	0.51644105	0.5320253	-0.66648334	-0.69787824	-0.6266195	0.6823616	-0.6449821	0.6242919	-0.63733864	-0.6005527	-0.6737317
-0.3359359	0.25995904	-0.3624579	-0.3203937	0.35827792	0.32316858	0.31575385	-0.36864185	-0.29240802	-0.2742442	0.2701671	-0.32491872	0.3116443	-0.2838636	-0.33451265	-0.33238754
0.82708293	-0.7702252	0.8130885	0.74253774	-0.83691955	-0.78611803	-0.8220298	0.73925555	0.89014745	0.83583057	-0.843595	0.8286893	-0.7954646	0.8447596	0.7878023	0.8368112
-0.7356666	0.7682049	-0.732335	-0.80086076	0.7429407	0.7905784	0.7130597	-0.7199643	-0.81106997	-0.7486384	0.7804012	-0.74136454	0.734757	-0.7943913	-0.7957844	-0.8424156
0.4620391	-0.45683998	0.44065297	0.39205962	-0.46743372	-0.39227653	-0.41297126	0.42511216	0.4045556	0.48265806	-0.46944377	0.43013424	-0.42793638	0.43872228	0.45976675	0.47011256
0.5054817	-0.59513927	0.59878564	0.5663487	-0.56722337	-0.59243315	-0.6190943	0.58044547	0.6617544	0.5581805	-0.55260307	0.556493	-0.58885396	0.5914618	0.5465846	0.65498984
0.279661	-0.28917032	0.30263284	0.22068648	-0.29663303	-0.22525707	-0.28008473	0.2867737	0.27101633	0.27190366	-0.27136028	0.260211	-0.2064288	0.24761537	0.2418313	0.26361337
0.6975414	-0.7298708	0.7628025	0.7963553	-0.807946	-0.79537547	-0.78836554	0.69723463	0.8682245	0.7144682	-0.8105472	0.8142388	-0.7362113	0.76237077	0.7991751	0.84559196
0.15109973	-0.08901181	0.12756608	0.08181498	-0.055850066	-0.052337162	-0.07462102	0.03597446	0.08908149	0.08162156	-0.08644539	0.11849734	-0.088543996	0.11684252	0.04236371	0.05977228
0.3058763	-0.3406165	0.29273847	0.3217857	-0.33107808	-0.28067786	-0.24055938	0.25925335	0.26561764	0.2781261	-0.30726147	0.28165433	-0.24195205	0.28563976	0.29670992	0.32963336
-0.15739147	0.13461353	-0.13890664	-0.20134339	0.11190396	0.12857975	0.14148355	-0.18293431	-0.11840019	-0.15687819	0.16723384	-0.110509455	0.20778126	-0.16500466	-0.11749209	-0.1752908
-0.56639856	0.6149385	-0.56579447	-0.6459879	0.64435774	0.6240826	0.5851641	-0.57815695	-0.6773596	-0.586549	0.60178506	-0.6049162	0.5947034	-0.62328035	-0.62513477	-0.6556821
-0.17852905	0.25018945	-0.1817216	-0.1815128	0.19376928	0.2151022	0.13947256	-0.1825065	-0.17596105	-0.18480045	0.23377632	-0.19129932	0.20866862	-0.18936665	-0.22402222	-0.15257223
-0.591401	0.71362424	-0.7708517	-0.7342297	0.68973064	0.6339653	0.6348151	-0.68297255	-0.78290594	-0.6428603	0.73762363	-0.6813004	0.7182246	-0.69977254	-0.64799327	-0.6943969
-0.1247136	0.06839519	-0.15912054	-0.12831056	0.11496351	0.114218175	0.0913677	-0.102921225	-0.1590136	-0.10558838	0.12274682	-0.12980455	0.109057106	-0.116622746	-0.14066109	-0.15373185
0.53681517	-0.6693203	0.59184206	0.58475685	-0.7043792	-0.63293993	-0.5649067	0.634163	0.7428754	0.6231044	-0.6845873	0.6779313	-0.5539055	0.6203118	0.64899987	0.68403864
-0.65459603	0.6471038	-0.6799237	-0.5809927	0.5926933	0.66265774	0.6226363	-0.5874979	-0.6751686	-0.6469167	0.56845295	-0.6659099	0.6141243	-0.5842761	-0.5965418	-0.65606874
-0.73675954	0.7012362	-0.7928883	-0.70484823	0.74812955	0.764764	0.72026134	-0.7165125	-0.8157837	-0.7235092	0.726017	-0.7114223	0.7401084	-0.71851325	-0.743375	-0.8223042
-0.5588652	0.57736695	-0.57755965	-0.58837277	0.584827	0.5056067	0.5818262	-0.5313156	-0.540611	-0.5589341	0.5500036	-0.52510506	0.58698463	-0.5572132	-0.515114	-0.5417787
-0.44446826	0.5163734	-0.4531121	-0.4371225	0.4930708	0.48859096	0.4962615	-0.54560655	-0.508557	-0.5207622	0.51718014	-0.5178104	0.52192235	-0.5402266	-0.53672016	-0.52783084
0.5769256	-0.5511529	0.5340102	0.5519469	-0.5062393	-0.53097856	-0.5255107	0.5764952	0.60466796	0.51585037	-0.51234424	0.49820563	-0.4944546	0.5137519	0.49027357	0.57742095
0.5867827	-0.63979787	0.6542264	0.59010607	-0.6609264	-0.5874649	-0.63787013	0.59272575	0.64596313	0.6402599	-0.58694845	0.6110083	-0.6120866	0.6309651	0.6387504	0.63568616
0.27687395	-0.33020836	0.32223368	0.2609917	-0.3324679	-0.34524918	-0.2915536	0.30938575	0.31158558	0.31547073	-0.32866144	0.30315754	-0.30647814	0.31152505	0.26065674	0.28182638
-0.6648369	0.6692275	-0.7428187	-0.6642643	0.6909587	0.68200094	0.64652276	-0.72732157	-0.7230963	-0.6853416	0.67596585	-0.67922753	0.7141231	-0.6948545	-0.6941183	-0.79352254
-0.39082193	0.43556958	-0.43729025	-0.4389763	0.41164577	0.45676517	0.39974174	-0.39327896	-0.49305108	-0.4793764	0.43541133	-0.39993665	0.39638644	-0.45551074	-0.45313674	-0.40524054
-0.72964984	0.7859834	-0.76796734	-0.74165845	0.83664393	0.7394022	0.73900324	-0.8230788	-0.7794353	-0.8003145	0.7603079	-0.75218904	0.7565335	-0.7979554	-0.73245025	-0.7844542
0.4848765	-0.5061293	0.5342367	0.5706086	-0.5679651	-0.5327884	-0.5455131	0.49206662	0.57232916	0.49321762	-0.48389718	0.5483727	-0.5377213	0.4830237	0.54406834	0.5911216
0.12736282	-0.14229155	0.088642366	0.11742199	-0.15322337	-0.0906257	-0.1323763	0.089462176	0.15740444	0.14461516	-0.10792511	0.15287794	-0.12614594	0.0814364	0.07955292	0.16931687
-0.85032934	0.80923957	-0.87376666	-0.795419	0.9026893	0.87035227	0.81150717	-0.7974949	-0.8749971	-0.86945176	0.88810724	-0.89249176	0.84389627	-0.8580264	-0.87467223	-0.8901326
-0.080994315	0.026364679	-0.05076858	-0.03342291	-0.021698367	0.07429473	0.024467032	-0.07476738	-0.0486819	-0.073346406	0.03344225	0.0074602477	0.04017853	-0.020122413	-0.06954815	-0.080502816
0.427733	-0.54645693	0.49688753	0.53965765	-0.52620995	-0.48994142	-0.5357909	0.46845415	0.5212027	0.4976545	-0.46401754	0.55758727	-0.49567273	0.5016947	0.52134967	0.54472476
0.44787392	-0.5205909	0.51820683	0.45238656	-0.4810709	-0.52496433	-0.53212756	0.48953423	0.51353765	0.5215948	-0.5326833	0.53424054	-0.46690077	0.5025734	0.5426222	0.5461899
-0.65715873	0.7128302	-0.71006423	-0.69374204	0.7467836	0.74058396	0.73735696	-0.66193306	-0.7998248	-0.7579363	0.7242074	-0.7163984	0.73593	-0.74556327	-0.7051358	-0.6996687
-0.66896325	0.6368433	-0.72791505	-0.6836128	0.67211485	0.66045	0.7243119	-0.67322487	-0.68066573	-0.65057176	0.6788358	-0.73081815	0.6676555	-0.7000457	-0.69861203	-0.71334773
0.6384224	-0.65870255	0.67332894	0.6575396	-0.72004396	-0.7074448	-0.6561849	0.63489676	0.727661	0.68099964	-0.67089343	0.7084559	-0.69147563	0.678989	0.7040049	0.69192874
-0.6467513	0.6563767	-0.70021313	-0.67921585	0.6874477	0.65651304	0.6055666	-0.6772089	-0.65133435	-0.617382	0.647749	-0.6668278	0.62674826	-0.65721506	-0.5983022	-0.7128099
0.36750752	-0.48919475	0.42813796	0.4624853	-0.48568508	-0.4842425	-0.45363334	0.52336603	0.54142326	0.45801067	-0.50352496	0.55462235	-0.45146236	0.46396	0.518725	0.58397275
0.6075724	-0.67164	0.66498935	0.6282764	-0.64477557	-0.70574665	-0.6910601	0.6779574	0.74255157	0.7116983	-0.65302163	0.6848309	-0.6517022	0.6726087	0.6936402	0.65506583
0.15850122	-0.110672586	0.12344426	0.107707955	-0.15177764	-0.14675936	-0.1577011	0.19078222	0.12908842	0.12092249	-0.12458976	0.10040707	-0.108643584	0.14495206	0.11153715	0.13371345
0.7014298	-0.6706624	0.70547324	0.6414184	-0.6425445	-0.6599227	-0.6532952	0.63128495	0.7551011	0.6924969	-0.66971195	0.71367663	-0.7127235	0.6377849	0.6311974	0.6749187
-0.46912307	0.49495745	-0.51314867	-0.5010798	0.50892574	0.426661	0.43684885	-0.49372914	-0.48908308	-0.47230056	0.4702599	-0.5036804	0.44385806	-0.5121013	-0.48261783	-0.5309763
0.5371502	-0.6902154	0.6520288	0.66365063	-0.6645501	-0.6563394	-0.60625297	0.6131825	0.66810286	0.6647031	-0.6262977	0.6341117	-0.67019945	0.65961236	0.6146904	0.7182919
-0.21581113	0.2676969	-0.26639274	-0.25570023	0.2958059	0.23613414	0.25827634	-0.23221065	-0.20410588	-0.2153283	0.22910397	-0.25079	0.20421596	-0.29206553	-0.23128511	-0.25110278
0.090585254	-0.037458647	0.004415625	0.019744886	-0.026048258	-0.047302723	-0.036359925	-0.049073856	-0.03004257	0.0075160014	0.05550173	0.008583927	0.01806143	-0.028540587	0.0078087263	-0.022603648
0.57114106	-0.6296217	0.6292824	0.6508118	-0.6412253	-0.6605365	-0.60260254	0.5953022	0.67237943	0.6361489	-0.6557233	0.6101674	-0.5749103	0.58976334	0.59274715	0.68709254
-0.6456144	0.6796051	-0.66700256	-0.6745984	0.6772039	0.618095	0.63809246	-0.6119506	-0.72519773	-0.68558836	0.6117962	-0.664044	0.61517966	-0.6238199	-0.60888046	-0.68153775
0.5840249	-0.5676378	0.6588191	0.61458	-0.6779664	-0.5597256	-0.57337886	0.56491184	0.7136253	0.6299614	-0.65603274	0.6053078	-0.55050886	0.5661059	0.60747045	0.70355123
0.0908859	-0.031966966	0.09189539	0.008353757	-0.039549097	-0.022873396	-0.026924744	0.09370984	0.05037187	0.069651246	-0.07166378	0.003517586	-0.032846525	0.033581488	0.090053804	0.02234641
0.6423296	-0.7043051	0.7021249	0.65169245	-0.6491511	-0.6677416	-0.7235627	0.722017	0.71489215	0.6517082	-0.7216853	0.70839524	-0.65293765	0.6782793	0.650804	0.75295204
-0.43978706	0.36704165	-0.39726347	-0.4085171	0.41122103	0.45687866	0.39441955	-0.41457415	-0.41669238	-0.41446766	0.39940596	-0.4263519	0.4503023	-0.3687299	-0.3680819	-0.4140534
-0.38668194	0.59200484	-0.5812127	-0.6244299	0.58604634	0.5564334	0.5577837	-0.6557536	-0.71463466	-0.5823582	0.6469228	-0.6162638	0.5753446	-0.5581821	-0.5705397	-0.68513227
0.80929863	-0.817651	0.8011657	0.75024533	-0.84618706	-0.7813037	-0.84798586	0.80623615	0.81637675	0.84664774	-0.7958985	0.80437124	-0.8305924	0.81986034	0.7635687	0.88082916
0.4758748	-0.4336304	0.47818303	0.5171052	-0.46521303	-0.4232196	-0.49224713	0.46841723	0.46405494	0.42784792	-0.5055281	0.44138262	-0.46118867	0.4617523	0.5098304	0.50443727
0.050764784	-0.10528718	0.037086565	0.08533734	-0.05367551	-0.07923868	-0.038504586	0.058739707	0.077707715	0.108202115	-0.10746924	0.027207669	-0.02829905	0.07513721	0.06522626	0.036599554
0.21775974	-0.21266694	0.21371497	0.21658678	-0.23853213	-0.19553173	-0.25842416	0.1968269	0.24866536	0.272099	-0.2818968	0.25144887	-0.27320063	0.2452234	0.2419221	0.29008007
-0.25586787	0.18360706	-0.24712779	-0.15987729	0.20182382	0.20666543	0.21954222	-0.23811065	-0.1723101	-0.24937649	0.22810349	-0.2164155	0.25048774	-0.20919782	-0.1976123	-0.23134807
-0.5579161	0.5979783	-0.59707296	-0.67524534	0.6346104	0.6545359	0.5934367	-0.609218	-0.69697213	-0.6567045	0.645851	-0.6660545	0.67821723	-0.64122826	-0.6740288	-0.6315388
0.06877315	-0.07433679	0.099589415	0.073884696	-0.12378445	-0.107492514	-0.07624584	0.081004955	0.05353878	0.056134857	-0.13743779	0.058993448	-0.101795964	0.12395219	0.072575755	0.11306629
-0.18431464	0.18954104	-0.16301335	-0.18785949	0.19233787	0.15833479	0.12689444	-0.14259811	-0.21751153	-0.1348231	0.17946541	-0.12705068	0.14670964	-0.13303612	-0.20142096	-0.20270443
0.82069236	-0.82060635	0.83746296	0.7710865	-0.83004886	-0.828461	-0.77634084	0.76304907	0.8781298	0.7741244	-0.855901	0.8605284	-0.8298884	0.8238057	0.7997116	0.8784683
-0.752892	0.76631254	-0.8634589	-0.81598186	0.7808664	0.76034576	0.83234423	-0.7952928	-0.8428975	-0.8178543	0.7613801	-0.7733499	0.7453759	-0.8284057	-0.778043	-0.794086
-0.40727007	0.39128557	-0.434185	-0.40408382	0.47435462	0.46142203	0.43182737	-0.41834253	-0.5063767	-0.42398113	0.42554873	-0.40936685	0.47586876	-0.49120542	-0.4193656	-0.41343737
0.6735903	-0.73960894	0.71325177	0.78126997	-0.71610546	-0.70063865	-0.74865115	0.74995077	0.7791791	0.79157174	-0.7472044	0.72750306	-0.7046212	0.71747166	0.7459576	0.74000466
0.22266287	-0.21137951	0.21847767	0.22235653	-0.19451007	-0.157933	-0.20231096	0.20479581	0.24181625	0.16953799	-0.13733217	0.17838523	-0.1696611	0.22918394	0.20097943	0.18348293
0.70262283	-0.66307425	0.71011686	0.7136609	-0.7561705	-0.69940567	-0.7021687	0.6523591	0.76956266	0.75480735	-0.71301883	0.6828974	-0.735998	0.6954539	0.70113933	0.6887201
-0.47453195	0.5145839	-0.52649266	-0.4661462	0.4629515	0.4876356	0.5188842	-0.50091064	-0.53187853	-0.49832812	0.46928835	-0.518059	0.51871765	-0.48199636	-0.5420828	-0.5124638
0.34192854	-0.45314878	0.37681782	0.38840058	-0.5012823	-0.38766503	-0.4430252	0.39942613	0.48602742	0.42064744	-0.45907006	0.4214384	-0.40227175	0.42403316	0.45090404	0.5109223
0.25157484	-0.20265071	0.2045031	0.157187	-0.23705605	-0.2055464	-0.22690162	0.16594881	0.22129746	0.23359385	-0.19614707	0.21132575	-0.2006304	0.207	0.23162542	0.21583256
0.12623638	-0.06476166	0.09726664	0.07303852	-0.068355724	-0.08432618	-0.11537024	0.0931519	0.083043106	0.104315944	-0.06062848	0.042149898	-0.042647287	0.12462179	0.10142751	0.13551955
-0.82150966	0.7853767	-0.80940205	-0.8706971	0.81488794	0.78122705	0.8335793	-0.8328268	-0.86670476	-0.8320974	0.7987097	-0.8766274	0.8454096	-0.83460265	-0.82698077	-0.85426664
0.4892179	-0.5699471	0.54842824	0.5356462	-0.5576228	-0.5865864	-0.5271113	0.49181125	0.59275615	0.5516968	-0.5679244	0.49893078	-0.5138906	0.5674021	0.5488811	0.5527589
0.6701414	-0.7106353	0.7549892	0.73713565	-0.7567199	-0.66104007	-0.7057824	0.7276924	0.78860486	0.75897825	-0.72467256	0.7246094	-0.6704946	0.6566009	0.71823233	0.69566655
-0.17957042	0.22442435	-0.2003231	-0.15509267	0.19997092	0.24405645	0.18997876	-0.2449088	-0.1911324	-0.21836418	0.16356675	-0.15569054	0.18153112	-0.16290565	-0.16345322	-0.15316616
-0.53495604	0.506277	-0.6272439	-0.5858069	0.55178785	0.5176561	0.5457981	-0.5770482	-0.56773704	-0.52131927	0.5289129	-0.5627515	0.54252	-0.5697279	-0.5691369	-0.5385151
0.1871612	-0.264822	0.15028419	0.19877063	-0.2696024	-0.19921772	-0.2440655	0.22958045	0.214605	0.19395335	-0.23542278	0.22466505	-0.20039894	0.1786897	0.2382734	0.20079531
0.257061	-0.19057949	0.15810639	0.21572939	-0.2670951	-0.21421553	-0.2633921	0.19723399	0.17041254	0.24482383	-0.25955692	0.22471458	-0.22549848	0.27191254	0.17880072	0.23882984
0.8315098	-0.77918935	0.82566184	0.7599411	-0.7850535	-0.8108293	-0.8121623	0.8204183	0.79387707	0.8227542	-0.8068182	0.83018416	-0.8306782	0.79267526	0.8228066	0.8228291
0.4513347	-0.57451594	0.50080377	0.534253	-0.5980841	-0.51737404	-0.4905421	0.50938773	0.56902695	0.5845543	-0.5556862	0.5104417	-0.508487	0.57836384	0.47666687	0.62769055
0.34957623	-0.51747185	0.40612358	0.5019033	-0.5182143	-0.4342546	-0.5021338	0.3920192	0.53009045	0.4198282	-0.45969692	0.45973346	-0.42039877	0.47048482	0.48423874	0.47963172
0.22190738	-0.29100755	0.1642627	0.2675289	-0.28743896	-0.23788123	-0.27734536	0.16108432	0.2629542	0.26439053	-0.28922832	0.27758554	-0.255165	0.24914072	0.2805932	0.27398098
0.48837817	-0.4879525	0.5087958	0.5046792	-0.5014753	-0.48304456	-0.5348762	0.519256	0.4994789	0.48542053	-0.5237279	0.49162987	-0.47807723	0.49896422	0.49540862	0.5175988
-0.6415652	0.6641946	-0.673616	-0.6148006	0.6296174	0.65160537	0.59635305	-0.65870154	-0.6067293	-0.6469493	0.62575936	-0.6439133	0.61161935	-0.5902154	-0.60139316	-0.61885375
-0.41386205	0.38014024	-0.35286492	-0.3491437	0.42165488	0.3512963	0.4249705	-0.42780426	-0.40840572	-0.39326572	0.3612938	-0.39678502	0.41982344	-0.41225147	-0.35186905	-0.42472494
-0.33835435	0.42956313	-0.44715893	-0.4819125	0.42456335	0.45772043	0.4672002	-0.42013893	-0.4802558	-0.49252063	0.4233051	-0.48004422	0.40535018	-0.46406442	-0.47963727	-0.51700944
-0.5810532	0.6308309	-0.5447156	-0.6575248	0.5857618	0.6206296	0.61110014	-0.551714	-0.66252637	-0.6240349	0.63874	-0.6400008	0.5896466	-0.576296	-0.638122	-0.5897176
-0.4190946	0.46170813	-0.50174296	-0.48303795	0.4649271	0.4943381	0.4459032	-0.4358805	-0.5160746	-0.4253404	0.5242706	-0.4731665	0.44767335	-0.44603226	-0.46620587	-0.499804
-0.41857854	0.4376526	-0.45013455	-0.43651333	0.53832275	0.4937824	0.43540093	-0.45736405	-0.53996027	-0.5120228	0.43098408	-0.45901465	0.51384073	-0.47756097	-0.49686053	-0.5028451
-0.46040994	0.46726495	-0.46179897	-0.43765688	0.43283513	0.42525604	0.4606649	-0.4151873	-0.42150944	-0.44449958	0.46325445	-0.4154664	0.42017907	-0.46239388	-0.4726669	-0.40612707
0.14272512	-0.13081318	0.08002162	0.1314935	-0.10677882	-0.17285399	-0.108632885	0.17788069	0.09987753	0.14543523	-0.15224095	0.12686132	-0.10334834	0.14153613	0.10251972	0.17976598
-0.43784222	0.51025367	-0.52448285	-0.45816272	0.46892697	0.4864981	0.43701455	-0.52079505	-0.4658696	-0.42796734	0.48674732	-0.43951592	0.47123343	-0.47133264	-0.46447837	-0.526675
-0.37567335	0.55044687	-0.5226099	-0.5012547	0.51725614	0.48755777	0.4564741	-0.51223344	-0.59239477	-0.5586802	0.55467147	-0.5218821	0.5203766	-0.47638234	-0.4813009	-0.61112
-0.44121012	0.5189769	-0.5144923	-0.56101143	0.5193696	0.53387696	0.4711258	-0.58120185	-0.6059817	-0.51189744	0.57875776	-0.5914277	0.57447976	-0.4808934	-0.463745	-0.5363122
0.18632188	-0.12259819	0.16086379	0.086713925	-0.1928666	-0.1742833	-0.21178345	0.1817611	0.18406796	0.21071857	-0.14073732	0.14491048	-0.1728836	0.20314002	0.19080912	0.20976463
0.6026488	-0.68512	0.6601975	0.6607797	-0.7411293	-0.6786692	-0.6278766	0.6291364	0.69383115	0.6858442	-0.6981339	0.689956	-0.68006265	0.7154041	0.7110457	0.72030914
0.061976943	-0.107249804	0.037026536	0.09464097	-0.08850981	-0.0731719	-0.0402751	0.07236193	0.10354514	0.07274849	-0.064155884	0.0664174	-0.08592734	0.104350835	0.029049022	0.10354483
-0.08698274	0.13133515	-0.10731857	-0.078044765	0.15277833	0.15593904	0.13893974	-0.11658394	-0.12326653	-0.08133538	0.10853457	-0.07935753	0.12701401	-0.124552205	-0.07548603	-0.07470746
-0.52667207	0.49237055	-0.4846284	-0.46588084	0.46554238	0.50932914	0.45255944	-0.45665854	-0.56244546	-0.45895466	0.47824576	-0.5474284	0.4561464	-0.5404055	-0.48281822	-0.50192535
0.62494385	-0.6481058	0.62112963	0.7172983	-0.70098865	-0.6627205	-0.68840957	0.5858735	0.7300697	0.662735	-0.6845589	0.68682075	-0.6431488	0.71370846	0.6289341	0.649285
-0.31565708	0.23425756	-0.26980996	-0.32732007	0.30556077	0.26711762	0.25090665	-0.2272245	-0.32703486	-0.31428757	0.3376888	-0.28825974	0.25692508	-0.3202371	-0.2547695	-0.31675684
-0.2322769	0.28084922	-0.27414587	-0.2520541	0.24785502	0.21382609	0.22676529	-0.26093408	-0.2939992	-0.28654262	0.25649482	-0.27383655	0.2868786	-0.29439804	-0.26906988	-0.288836
0.5336493	-0.5706743	0.54318523	0.5516376	-0.59740335	-0.5917722	-0.60389316	0.56819504	0.6306516	0.5613725	-0.5957932	0.5845263	-0.53415465	0.5323232	0.5743291	0.5947868
0.6892315	-0.80921376	0.7585063	0.73435926	-0.776356	-0.7833481	-0.7918489	0.7614954	0.835258	0.7275221	-0.7931818	0.7688836	-0.7568027	0.74735487	0.7482863	0.7935044
-0.002372981	-0.028821386	0.04309221	-0.00037988782	0.01464569	-0.026615292	-0.0010386629	-0.03241848	-0.0009923106	-0.03067725	0.025881672	0.045392897	-0.039829753	-0.0060424604	-0.04771816	0.029662147
0.505292	-0.5753614	0.6037859	0.5645545	-0.556196	-0.543727	-0.5269047	0.5224814	0.57354367	0.53871226	-0.5334574	0.6209962	-0.60106117	0.5674302	0.5284584	0.6023952
0.55092067	-0.53276837	0.58029044	0.5750723	-0.5961457	-0.5251719	-0.5111142	0.50060755	0.6309405	0.58843195	-0.5833856	0.6249682	-0.5901626	0.5954738	0.5348122	0.6056875
-0.41603172	0.5242529	-0.4643339	-0.49093997	0.51518875	0.5298855	0.47261193	-0.4887422	-0.5163355	-0.47763872	0.49263397	-0.50504357	0.4829021	-0.4555847	-0.4505579	-0.5550197
-0.6716013	0.73475075	-0.6720231	-0.7132084	0.6794763	0.73250836	0.65221334	-0.65713316	-0.76120204	-0.72260535	0.69336134	-0.6901698	0.7056873	-0.68613434	-0.66988236	-0.7610429
0.69850254	-0.77660555	0.70296085	0.76292074	-0.75736636	-0.8003158	-0.72314155	0.72294956	0.83783793	0.71644515	-0.7344981	0.78540087	-0.76387805	0.7331128	0.7870132	0.76847357
-0.44429836	0.423829	-0.43957925	-0.48179218	0.4918637	0.4577749	0.44073895	-0.51557344	-0.4845248	-0.42858812	0.42671713	-0.44671467	0.5044261	-0.47625226	-0.4540993	-0.5228094
-0.803356	0.7864912	-0.7783784	-0.79080546	0.83854383	0.7893511	0.8280354	-0.75475746	-0.855907	-0.83289915	0.8145856	-0.8246244	0.7772222	-0.7415755	-0.8155307	-0.86284643
0.692176	-0.7601563	0.7870309	0.716635	-0.7583239	-0.7426867	-0.7764362	0.75854915	0.82676625	0.72674644	-0.7116713	0.71736133	-0.6835338	0.7282797	0.7104374	0.7468463
0.64527225	-0.64518094	0.6745902	0.6707306	-0.62278044	-0.6567282	-0.61925524	0.68114334	0.67775	0.67686886	-0.6074071	0.58948934	-0.6528816	0.61881924	0.66495615	0.66857654
0.7248137	-0.71427	0.7776151	0.7112824	-0.72058016	-0.76779366	-0.74895257	0.708434	0.7649367	0.707939	-0.754271	0.7373429	-0.70876396	0.7658778	0.76727587	0.74166566
0.76393306	-0.7247958	0.7362995	0.73859596	-0.79649687	-0.7794302	-0.76935184	0.6951349	0.7991207	0.7181181	-0.7534812	0.7963321	-0.6958116	0.73697466	0.7203193	0.74908763
-0.4590638	0.5902692	-0.5572831	-0.57294005	0.5886336	0.6025551	0.5772001	-0.5352957	-0.56805754	-0.5908246	0.5345032	-0.5655521	0.5682507	-0.5265706	-0.59567946	-0.60112685
-0.29981247	0.26443824	-0.29002494	-0.27789962	0.3471128	0.33429945	0.27068093	-0.28318366	-0.3038984	-0.29727787	0.26039407	-0.2554984	0.31394663	-0.33836347	-0.31892732	-0.27001736
-0.30247083	0.3249317	-0.320996	-0.29207048	0.30325943	0.34070712	0.37135565	-0.32175547	-0.34529203	-0.37771544	0.372667	-0.37481907	0.33608833	-0.334283	-0.316739	-0.34815887
-0.511323	0.6208459	-0.6219214	-0.5686683	0.63202417	0.57286066	0.60437435	-0.60065836	-0.6529359	-0.5500666	0.6168223	-0.6309909	0.57876927	-0.56075406	-0.5842681	-0.59163713
0.29651004	-0.3033192	0.28697506	0.28866315	-0.24933039	-0.28611243	-0.2852969	0.3532616	0.2557773	0.24902214	-0.30133635	0.24937604	-0.25331515	0.24180342	0.28712568	0.3293013
0.06433108	0.004073281	0.019826269	0.036709055	0.016726498	-0.029808624	-0.03628688	-0.006773958	-0.058034785	-0.039329328	-0.02635237	0.021342067	0.037563015	-0.03097861	0.008990771	0.041446403
-0.6581283	0.6977118	-0.69985515	-0.64557576	0.74515563	0.6274946	0.7250918	-0.7360851	-0.75613046	-0.70271933	0.6769162	-0.6817076	0.6411288	-0.66962767	-0.72503364	-0.6798307
0.29989153	-0.22151731	0.2642115	0.24048144	-0.23784412	-0.24203847	-0.27304295	0.256537	0.29138687	0.21893872	-0.2720151	0.27798545	-0.30005217	0.30676943	0.25865635	0.28529483
0.66914743	-0.6355209	0.68887055	0.6713701	-0.6559453	-0.66939366	-0.67573166	0.67678297	0.75262684	0.6648654	-0.6503375	0.66188496	-0.68987375	0.66120213	0.6523992	0.69900656
0.53425777	-0.5949637	0.5634674	0.5810829	-0.6446335	-0.59695655	-0.6136108	0.5513156	0.6581989	0.5871503	-0.5595339	0.64073205	-0.5655319	0.59133464	0.5715531	0.63578165
-0.2561761	0.2527929	-0.23532	-0.22810449	0.21453041	0.28506938	0.22538015	-0.20070688	-0.2584673	-0.23362832	0.2157686	-0.23265135	0.22224447	-0.2892599	-0.24378376	-0.2691414
0.5549306	-0.53226763	0.47117165	0.5115324	-0.4875858	-0.49149597	-0.4826045	0.46965596	0.50706434	0.5249228	-0.48502246	0.52738285	-0.53012353	0.5490349	0.54672104	0.4908451
0.6699054	-0.75438404	0.77586955	0.7065752	-0.7258052	-0.71842366	-0.7526284	0.7140256	0.77050513	0.769631	-0.70629466	0.74281335	-0.7285252	0.76436096	0.7346463	0.7101735
0.30711067	-0.28567427	0.2556914	0.21017879	-0.27784935	-0.23154008	-0.2847186	0.25408092	0.29425025	0.23643292	-0.25701913	0.24134822	-0.28860742	0.26487553	0.28234783	0.22942123
0.52169377	-0.57166463	0.5266028	0.5438645	-0.55725396	-0.5671394	-0.53936917	0.510543	0.62470436	0.56044936	-0.5309251	0.5810713	-0.5198344	0.56480026	0.5394387	0.52677953
0.42679358	-0.49911457	0.43800303	0.4728324	-0.47584602	-0.45195368	-0.47686917	0.44900107	0.5374224	0.49156058	-0.5285377	0.5005098	-0.46831796	0.4910751	0.48704356	0.5133648
-0.19310467	0.15915442	-0.21421117	-0.17680515	0.16339692	0.21671188	0.15176001	-0.25226864	-0.15472041	-0.16467728	0.22536859	-0.23650746	0.19632177	-0.24916868	-0.15873282	-0.1648886
0.4877216	-0.5907855	0.50650847	0.5730522	-0.6097655	-0.50286824	-0.58123034	0.51459855	0.60756004	0.5104431	-0.5369091	0.53087646	-0.5147918	0.58111113	0.51719093	0.5715067
-0.14615214	0.03787974	-0.15908688	-0.11070592	0.1286465	0.08100377	0.07064863	-0.10205668	-0.029831976	-0.12693122	0.13519438	-0.07276556	0.11270071	-0.0921468	-0.13490471	-0.11871596
-0.22055463	0.18836302	-0.15786347	-0.2325994	0.23132539	0.20928994	0.21821205	-0.25286722	-0.26598617	-0.17694852	0.21844858	-0.24750344	0.22341824	-0.20287651	-0.22991408	-0.19192919
0.06864343	-0.12465499	0.07094185	0.06941835	-0.13443077	-0.06906583	-0.14010316	0.107310005	0.091743425	0.047233883	-0.04551173	0.06863238	-0.13763945	0.074974105	0.04566222	0.08130864
0.1523164	-0.09635546	0.12542076	0.13624027	-0.1638489	-0.14972939	-0.1844488	0.1484506	0.11801456	0.11717615	-0.1458113	0.14853291	-0.16403532	0.13536076	0.1440937	0.10443076
-0.44410664	0.55998445	-0.6192803	-0.5754739	0.6562312	0.5242912	0.48788613	-0.62206274	-0.6436062	-0.59008336	0.6183909	-0.5960025	0.57886475	-0.55149084	-0.59446317	-0.66576153
-0.5036029	0.48705843	-0.5341266	-0.46399862	0.51248085	0.53080606	0.53111637	-0.5507669	-0.56055456	-0.48935786	0.5235536	-0.50302833	0.5154412	-0.5396	-0.53860563	-0.49189535
0.59579074	-0.6106866	0.5834694	0.56737494	-0.58507055	-0.57192767	-0.5488117	0.6024673	0.59737104	0.61624306	-0.61046237	0.62099874	-0.60639364	0.593154	0.61827654	0.6040262
0.11170243	-0.11042139	0.074759	0.120930664	-0.07256299	-0.13837789	-0.08119145	0.068072334	0.07146044	0.054954726	-0.11188878	0.12346577	-0.14767052	0.10440891	0.113607526	0.072711475
0.5132091	-0.5533113	0.5913251	0.5608758	-0.5862585	-0.4877214	-0.5816643	0.5878601	0.5894468	0.55904377	-0.49490294	0.50639814	-0.5621742	0.5875849	0.5563966	0.53538704
0.084081516	-0.054675464	0.08119936	0.040671434	-0.04459923	-0.054461796	-0.06983067	0.029947132	0.042231247	0.06798398	-0.12227402	0.09404158	-0.1328302	0.05831591	0.09555742	0.04415122
0.4206984	-0.47446853	0.4594951	0.37277156	-0.464146	-0.41305712	-0.43601254	0.371668	0.50169504	0.46407667	-0.47240773	0.48418292	-0.41721827	0.43116334	0.38856804	0.42522237
-0.0047903787	0.07715315	-0.02432296	-0.015314423	0.041119758	0.07150245	0.021026343	0.0071419324	-0.02010074	-0.03010956	0.091097705	-0.066257715	0.056635752	-0.062692255	-0.06373474	-0.086380385
-0.30488706	0.29463163	-0.36860088	-0.28256837	0.26694643	0.2912546	0.31668672	-0.28093076	-0.31520587	-0.2651832	0.27560553	-0.26981077	0.3240802	-0.2712371	-0.31270877	-0.28532967
-0.14178692	0.18792304	-0.15121602	-0.13434997	0.14727113	0.19779342	0.12978977	-0.0915911	-0.18570791	-0.14793023	0.11589812	-0.17945226	0.12645054	-0.15516374	-0.13517949	-0.19949906
-0.4005893	0.4894703	-0.45007032	-0.47288674	0.4338128	0.46072716	0.4755488	-0.46510032	-0.44161353	-0.4732068	0.49291202	-0.40825763	0.4325462	-0.4764813	-0.43569696	-0.45121557
-0.3463978	0.525471	-0.6038747	-0.56509024	0.60762024	0.45421037	0.5116197	-0.5612984	-0.66174084	-0.51267874	0.59110487	-0.6110339	0.5393276	-0.49992687	-0.474246	-0.5870681
-0.311092	0.42196184	-0.5302116	-0.5381215	0.56040156	0.4423857	0.35859993	-0.52268726	-0.6337417	-0.44831818	0.49120983	-0.49666494	0.4471818	-0.49757007	-0.473676	-0.5647033
-0.29823706	0.2851899	-0.28967792	-0.24541497	0.23527287	0.2784743	0.23977831	-0.24808225	-0.21222745	-0.23312733	0.25279143	-0.28863186	0.27849966	-0.22207025	-0.2785078	-0.27052742
0.44127718	-0.5052638	0.44377166	0.4793254	-0.512915	-0.45362872	-0.46131393	0.51485777	0.52625906	0.5108241	-0.47683567	0.4998372	-0.5094411	0.5307122	0.44742355	0.48719248
0.057377633	-0.0758388	0.048154045	0.041186336	-0.10794138	-0.06206239	-0.03428234	0.03342499	0.029581387	0.11822972	-0.10340666	0.09514283	-0.112204224	0.064261995	0.070649385	0.13234228
-0.7029774	0.61640644	-0.6379272	-0.6800676	0.6377976	0.69163287	0.6696857	-0.6862478	-0.6207494	-0.6542495	0.62741786	-0.6262901	0.6269013	-0.6001776	-0.62984705	-0.6315628
0.57621974	-0.57734025	0.6197008	0.565957	-0.58114016	-0.5266049	-0.58355194	0.53747016	0.67167115	0.62954503	-0.59806234	0.61109495	-0.5287589	0.6330398	0.5795843	0.66913134
0.54414	-0.59859455	0.57776886	0.5712516	-0.543395	-0.5667521	-0.54059875	0.49657378	0.5927612	0.5248456	-0.54564846	0.6317352	-0.528197	0.59866184	0.5865943	0.5775566
-0.099354215	0.14381905	-0.1458608	-0.14747146	0.11302549	0.089876145	0.07300367	-0.17643225	-0.12080004	-0.0811798	0.1150438	-0.11613308	0.078540675	-0.14551003	-0.11124773	-0.09447777
0.17212516	-0.19670275	0.18111314	0.15646191	-0.21408983	-0.14304549	-0.17506224	0.1050623	0.14603493	0.14113203	-0.20593838	0.18805255	-0.18787368	0.20385478	0.16388658	0.1642388
-0.23959424	0.14827614	-0.17761713	-0.17387204	0.19135855	0.15245998	0.1379798	-0.16689974	-0.16703342	-0.19091646	0.1584367	-0.10468153	0.10917051	-0.2111244	-0.1482025	-0.120105796
0.26943228	-0.24708597	0.17697987	0.235567	-0.1859757	-0.26599237	-0.23718932	0.26043025	0.1972737	0.20356369	-0.23147963	0.21406654	-0.25043422	0.23491482	0.17989653	0.17893614
0.513344	-0.5993068	0.6134501	0.5398949	-0.5346673	-0.506755	-0.53843576	0.58808136	0.61881334	0.57962483	-0.5144057	0.5933148	-0.5916648	0.54883254	0.5955538	0.57523274
-0.48402652	0.6510308	-0.7195995	-0.65414613	0.60940504	0.62775964	0.5654953	-0.6519408	-0.70217913	-0.59179884	0.62208015	-0.6772831	0.5898444	-0.65345675	-0.5980591	-0.6967269
-0.72278416	0.68985116	-0.7387595	-0.72972554	0.7228036	0.7234006	0.74335426	-0.76060784	-0.7362215	-0.7528651	0.7598039	-0.7685348	0.7128222	-0.74940383	-0.7715832	-0.71900225
-0.22109352	0.3099146	-0.30256236	-0.3050258	0.29881144	0.28425843	0.25571802	-0.3643018	-0.36046657	-0.34180763	0.29706326	-0.35285866	0.2838519	-0.33347756	-0.2440967	-0.36954266
0.9147504	-0.92409116	0.8805626	0.9158043	-0.9070924	-0.9194386	-0.9205966	0.87370217	0.9512127	0.9641407	-0.878606	0.93150586	-0.86925995	0.9242439	0.8951743	0.9909314
-0.19848846	0.25270012	-0.32293448	-0.28991437	0.24736448	0.28854296	0.25162667	-0.27944666	-0.22785103	-0.2974511	0.20442377	-0.2693673	0.30221033	-0.25846466	-0.2722584	-0.261986
0.4210405	-0.40927017	0.414676	0.43391767	-0.38756678	-0.4294432	-0.40482116	0.37692094	0.4347965	0.3811823	-0.37369227	0.39155567	-0.40528813	0.38131154	0.39660898	0.37660584
0.14668393	-0.14402287	0.06257934	0.06958676	-0.10398064	-0.05758898	-0.11342452	0.07294298	0.051386178	0.1153522	-0.090927646	0.14036544	-0.074664205	0.07430502	0.058175772	0.114174746
-0.6426169	0.6504709	-0.63689613	-0.67575926	0.59321976	0.5967805	0.63912886	-0.6220179	-0.6531633	-0.6068726	0.5931995	-0.6153969	0.5843877	-0.6191355	-0.66626424	-0.6243653
-0.8242886	0.8660498	-0.8772978	-0.82279396	0.8292379	0.8489807	0.82683766	-0.8538856	-0.9214191	-0.8708795	0.8227413	-0.8815914	0.82120603	-0.8061694	-0.8481252	-0.8767439
-0.7601272	0.77815044	-0.7202968	-0.7446152	0.7570732	0.7043816	0.7163187	-0.75717777	-0.7716308	-0.77893907	0.7978368	-0.78073895	0.7649601	-0.7527683	-0.73841476	-0.79594934
-0.084252626	-0.0012223162	-0.046475492	-0.073659986	0.0136442855	0.024264934	0.0060364883	-0.0145769	-0.05093082	-0.00063419115	0.0004754397	-0.033623546	0.04008947	-0.016282214	-0.003180231	-0.074183755
0.0886304	-0.047801953	0.027779035	0.03747926	-0.038089555	-0.078325965	-0.12602971	0.09557418	0.045273013	0.11383239	-0.09175198	0.0636824	-0.08313461	0.060909685	0.078909695	0.037787262
0.43718246	-0.39956102	0.3867845	0.36639443	-0.38440228	-0.40476677	-0.3768261	0.39231795	0.41581392	0.41288385	-0.43754062	0.4453861	-0.3530802	0.43727076	0.41884837	0.39489
0.43474472	-0.497284	0.45424157	0.49232095	-0.5140199	-0.494776	-0.502723	0.44626507	0.5642177	0.5291267	-0.4651763	0.5517152	-0.45884	0.44365907	0.45118743	0.6086943
-0.9707114	0.93861586	-0.97864115	-0.980798	1.0241442	0.94066495	1.0069169	-0.9059913	-1.0491185	-0.9862356	1.0025567	-0.9974216	1.0092769	-1.0203809	-0.9644743	-1.0068697
-0.5684785	0.6540607	-0.66901094	-0.61066395	0.64902824	0.6126971	0.6824787	-0.6773443	-0.66691947	-0.62896484	0.66271687	-0.62018216	0.6553751	-0.6914251	-0.62613446	-0.6291531
-0.7737665	0.7539214	-0.7419222	-0.75006306	0.7651247	0.6909659	0.77822465	-0.76737875	-0.72079194	-0.7480352	0.6960491	-0.7936368	0.7564743	-0.6943163	-0.7240754	-0.7996469
0.61330163	-0.65619075	0.6615568	0.68602186	-0.7132255	-0.7024601	-0.7379706	0.6714245	0.71504706	0.7443483	-0.75264674	0.6978566	-0.68492866	0.70120025	0.71128446	0.75072503
-0.16283035	0.264404	-0.27868977	-0.22790527	0.25995624	0.20861816	0.24126802	-0.23479669	-0.25251842	-0.20577605	0.29045632	-0.19697635	0.27522436	-0.20852938	-0.19351049	-0.24874264
-0.07608009	0.15925056	-0.13576472	-0.14577879	0.16764261	0.14098449	0.07917567	-0.16006073	-0.090140454	-0.13945386	0.09594544	-0.08195484	0.09936102	-0.16996196	-0.14766625	-0.12212377
-0.7732174	0.7781351	-0.88787967	-0.7737459	0.81697035	0.84633327	0.85486394	-0.83811766	-0.8903766	-0.7930333	0.8098825	-0.7851356	0.81088364	-0.81947255	-0.8030138	-0.89984375
0.6122968	-0.68057936	0.65498054	0.679565	-0.6888632	-0.7316752	-0.74524957	0.63812745	0.6901931	0.732528	-0.66199297	0.71317476	-0.7171667	0.6620805	0.6530472	0.71081287
-0.34260902	0.4869808	-0.528491	-0.5423245	0.4962401	0.4623331	0.4706068	-0.49195346	-0.5763006	-0.47805083	0.4924744	-0.5304015	0.4979499	-0.4877438	-0.47777537	-0.52158517
-0.14909121	0.25040588	-0.2444498	-0.26099786	0.18944068	0.18369403	0.20426564	-0.23990504	-0.2501151	-0.2448264	0.2575338	-0.21990974	0.26566026	-0.22465023	-0.20731395	-0.2798677
0.72992355	-0.74226516	0.6881377	0.7130331	-0.73953813	-0.688805	-0.7328356	0.7360394	0.719266	0.6838093	-0.74043465	0.67907596	-0.6745627	0.7426349	0.6811563	0.67249227
-0.041451044	0.038154386	-0.042953633	0.015091921	0.002435658	0.0029873424	0.05181751	0.01321336	-0.043294236	-0.008444163	0.038201775	-0.030289968	-0.030603092	-0.024380337	-0.023190917	-0.019083561
0.09377998	-0.017147657	0.07135818	0.075992145	-0.054309767	-0.11929023	-0.06510337	0.084625475	0.08750378	0.112155475	-0.035864245	0.11405064	-0.011895223	0.093554124	0.042101618	0.09851146
-0.3900544	0.4081439	-0.3791822	-0.31872776	0.3698426	0.3583328	0.33100355	-0.34977558	-0.43007705	-0.3572773	0.3813672	-0.41324812	0.35520753	-0.34757754	-0.40599507	-0.38385817
0.20659482	-0.28549105	0.25662756	0.23283505	-0.2321728	-0.21171205	-0.21633542	0.2770419	0.26028547	0.28352147	-0.23895012	0.21923491	-0.2991016	0.23481621	0.2979629	0.26925185
0.4085655	-0.46943954	0.45831406	0.44344208	-0.55485666	-0.48164302	-0.46254325	0.5155051	0.55520344	0.5069045	-0.54568124	0.4622615	-0.46459454	0.4550066	0.47102362	0.5087186
-0.7250149	0.7448062	-0.77843404	-0.740659	0.8136663	0.7379857	0.79215306	-0.7772077	-0.8047163	-0.7159284	0.72157544	-0.76781404	0.7975451	-0.71198565	-0.7194894	-0.73663634
-0.4031921	0.45703602	-0.43354863	-0.38566542	0.41072118	0.43516698	0.43721396	-0.38569897	-0.45058516	-0.43255526	0.3930296	-0.40778923	0.43878135	-0.44319385	-0.42839852	-0.4171734
-0.23615201	0.25056112	-0.278153	-0.2611852	0.24244171	0.2757018	0.2615035	-0.21209064	-0.26226646	-0.18059304	0.17709334	-0.26055813	0.1851521	-0.23497447	-0.19777784	-0.25024724
0.40852207	-0.48974487	0.5012607	0.47167495	-0.5140772	-0.46498996	-0.520541	0.4986193	0.6276735	0.5474352	-0.56671554	0.59463143	-0.4285168	0.4761172	0.54113984	0.5561014
-0.71878165	0.82395107	-0.8509444	-0.75627744	0.84428954	0.82938945	0.7655883	-0.8526953	-0.86098003	-0.8041506	0.81291497	-0.7721664	0.7555548	-0.76413953	-0.831535	-0.8427516
-0.38921604	0.3986756	-0.39686367	-0.4284733	0.35731587	0.380435	0.36196926	-0.42981523	-0.38005388	-0.3447132	0.41762438	-0.41154134	0.37043265	-0.40728575	-0.39429107	-0.41218388
0.011005822	-0.040414326	0.039435558	0.004554356	-0.06678069	-0.056598682	0.022899454	0.03240247	0.017550765	0.06262177	-0.05014078	0.060544293	0.024476247	0.053573687	0.051871624	-0.01001592
0.42927963	-0.5079013	0.49837103	0.42371982	-0.45433447	-0.4598479	-0.4713041	0.4794793	0.49795443	0.47835213	-0.4152158	0.49162814	-0.49564713	0.4571331	0.3950358	0.44787252
-0.5851412	0.63375974	-0.5911621	-0.6050552	0.58079153	0.56844217	0.595076	-0.56238663	-0.6578235	-0.54435635	0.55309415	-0.6248266	0.576447	-0.58922464	-0.6264995	-0.63792425
0.61609477	-0.6311039	0.6296271	0.614972	-0.65792567	-0.59420747	-0.6734669	0.62608844	0.6969395	0.607144	-0.67812675	0.62743473	-0.6194091	0.58043444	0.664034	0.65368575
-0.5510713	0.6495808	-0.641589	-0.65856546	0.7249033	0.68209535	0.6366419	-0.6126602	-0.75838333	-0.65729773	0.7043059	-0.6866307	0.6416989	-0.7069901	-0.6939816	-0.73948526
0.06972931	-0.095158376	0.11256505	0.11684793	-0.10158293	-0.15065704	-0.14179125	0.12477397	0.11193201	0.14118706	-0.12572445	0.17403275	-0.14334927	0.0781199	0.09155413	0.16051482
-0.07268154	0.12881641	-0.14451681	-0.09651006	0.13567315	0.0918555	0.059184697	-0.10155317	-0.10562242	-0.10282656	0.09789966	-0.11675721	0.09242512	-0.04822311	-0.07454324	-0.12778169
0.43430787	-0.6175834	0.5579346	0.55236006	-0.66805804	-0.5578056	-0.5456487	0.5123365	0.6352619	0.5921204	-0.6442856	0.6212408	-0.5325023	0.55257446	0.53367645	0.6373012
0.72792625	-0.73389703	0.69065917	0.7347539	-0.7400044	-0.6725855	-0.6671344	0.685153	0.7379428	0.6971055	-0.7398512	0.7587379	-0.65252525	0.71004844	0.6941896	0.766617
0.5683185	-0.6235828	0.6212625	0.5945456	-0.64611465	-0.54578495	-0.6388061	0.60727125	0.6080489	0.64122015	-0.6215069	0.631855	-0.58526415	0.6006321	0.5889902	0.5944795
0.62239033	-0.7157111	0.7063627	0.7501187	-0.7243408	-0.6818405	-0.66758925	0.71211356	0.8176977	0.7528056	-0.766893	0.74369806	-0.6507375	0.679372	0.7302047	0.76222974
-0.44638586	0.54243577	-0.57734555	-0.58186144	0.5567809	0.52116287	0.50568694	-0.52154064	-0.600209	-0.55117005	0.5405943	-0.6136734	0.58964574	-0.57145923	-0.5202809	-0.6043563
0.98492986	-0.896274	0.9310735	0.9754893	-0.961091	-0.89507866	-0.96008474	0.9450387	0.9345769	0.98104715	-0.90619224	0.945327	-0.9262339	0.8930815	0.9216433	1.0055034
0.30527142	-0.31720957	0.32053137	0.29284182	-0.31509873	-0.31726643	-0.34055743	0.3226368	0.35107642	0.37003937	-0.30349234	0.29000473	-0.2740042	0.3162922	0.28307945	0.29449734
0.6973048	-0.7752757	0.76037955	0.69719034	-0.70364434	-0.76513135	-0.694853	0.70477366	0.7697301	0.79543555	-0.70937103	0.78250444	-0.692203	0.78641695	0.7555803	0.74403775
0.510789	-0.5453379	0.53295135	0.583848	-0.55778766	-0.54363436	-0.5693929	0.6160679	0.6087685	0.60452616	-0.6320948	0.62077856	-0.60753196	0.6018587	0.53842705	0.64446217
0.32377398	-0.3139872	0.31990993	0.29345813	-0.3091677	-0.26847932	-0.3647194	0.31967717	0.37441817	0.37117824	-0.33443692	0.35794052	-0.25412685	0.30750626	0.2882222	0.32785183
-0.61843324	0.60553366	-0.6611652	-0.58279306	0.6298505	0.62928224	0.5692504	-0.65709805	-0.6941719	-0.59653676	0.6638046	-0.610231	0.5762362	-0.62178373	-0.5908816	-0.6117949
-0.3704709	0.46281183	-0.44933227	-0.49277866	0.4725291	0.49553698	0.5025533	-0.51581246	-0.45689645	-0.45440826	0.4659881	-0.49454212	0.43131855	-0.46393996	-0.42131424	-0.4958684
0.73227763	-0.65419775	0.7020152	0.63441455	-0.6858132	-0.6769006	-0.65110695	0.7155208	0.71090883	0.72605926	-0.68937653	0.7271435	-0.6865602	0.6700724	0.65113467	0.6691605
0.30532074	-0.40353733	0.35399833	0.38396418	-0.41266894	-0.3561564	-0.3654605	0.29193255	0.36010352	0.34859994	-0.32896048	0.33558318	-0.33218312	0.34952912	0.31203952	0.3989924
-0.38156596	0.35400403	-0.43087786	-0.35753512	0.4213004	0.3685333	0.41255513	-0.33613285	-0.34317744	-0.38212502	0.35051805	-0.34235325	0.3674456	-0.39455932	-0.41499922	-0.3908319
0.6341925	-0.6188526	0.7110991	0.612826	-0.6851793	-0.68963397	-0.6512755	0.63948184	0.7094809	0.71456754	-0.6991206	0.6951115	-0.69438183	0.6643003	0.6093476	0.65905607
-0.6404781	0.7238787	-0.7091621	-0.673419	0.65392077	0.72997564	0.705762	-0.7474992	-0.710868	-0.6663904	0.64490736	-0.692845	0.692749	-0.6990463	-0.6929099	-0.67394674
-0.39458844	0.4772926	-0.5165278	-0.48206463	0.5186491	0.43988067	0.4156062	-0.5128314	-0.5516146	-0.4366545	0.47366378	-0.44484648	0.43972114	-0.4483671	-0.44461238	-0.47235084
0.029229408	0.17131074	-0.18701524	-0.22672686	0.2309351	0.11363217	0.10956086	-0.20488486	-0.2910631	-0.118757814	0.1824957	-0.20472208	0.23666282	-0.12677807	-0.119553834	-0.22448345
-0.60802835	0.6246852	-0.6901364	-0.7122051	0.7313426	0.685315	0.64007473	-0.6699194	-0.71132404	-0.6424741	0.62897176	-0.65946305	0.69901234	-0.62316257	-0.6353371	-0.66109926
-0.119899146	0.40209317	-0.38420987	-0.45239007	0.41053647	0.2653287	0.33415392	-0.41278967	-0.44659644	-0.33288425	0.4651215	-0.48943222	0.383847	-0.3824126	-0.33804032	-0.48160744
-0.30397367	0.29697308	-0.2709651	-0.29371032	0.21298717	0.27262715	0.23191968	-0.2961388	-0.3070912	-0.23160148	0.22927506	-0.3075878	0.30284113	-0.27725783	-0.2920556	-0.31215018
-0.66153973	0.7909039	-0.74376714	-0.7942151	0.8173307	0.7753908	0.7374548	-0.7768402	-0.88347393	-0.7575424	0.79229695	-0.76421434	0.74301815	-0.7504224	-0.82741964	-0.8223524
-0.65677124	0.68158096	-0.67320466	-0.6526418	0.6509453	0.69326097	0.70873076	-0.6836827	-0.7547395	-0.69096434	0.7214817	-0.65930104	0.69603086	-0.63538146	-0.6592313	-0.7212351
0.4491189	-0.5079386	0.5378132	0.5155655	-0.51207435	-0.54047406	-0.5805016	0.5024965	0.5351908	0.5845476	-0.56631297	0.53592134	-0.5567878	0.5613365	0.5285287	0.53158665
-0.17354745	0.2203302	-0.2080935	-0.25606367	0.2291361	0.21588059	0.22460815	-0.23234338	-0.19083446	-0.18019463	0.1993059	-0.1961658	0.22876348	-0.20657043	-0.22275856	-0.25947505
-0.57887673	0.6027594	-0.6952692	-0.6189399	0.65712523	0.6362527	0.66618234	-0.5876661	-0.6822659	-0.63679373	0.6332562	-0.6706599	0.6510488	-0.6558035	-0.60076797	-0.6532523
0.36948082	-0.43750402	0.43219733	0.38241336	-0.44323668	-0.4230526	-0.42078128	0.4292537	0.45033777	0.44455662	-0.397967	0.44511867	-0.41694754	0.4466979	0.43370923	0.44230264
0.5941068	-0.71455526	0.693615	0.6770794	-0.7143559	-0.72005045	-0.6699561	0.6466112	0.7207876	0.6348672	-0.65122205	0.6912643	-0.68213165	0.6585676	0.71843415	0.714697
-0.01601888	0.02282004	-0.08143562	-0.091572836	0.036632005	0.004831115	0.044798184	-0.034745988	-0.028670901	-0.0667971	-0.0006005205	-0.072411194	0.06512792	-0.0745581	-0.0880938	-0.036748666
-0.09396479	0.10074207	-0.041029032	-0.02154039	0.03420693	0.078635596	0.049869142	-0.027944904	-0.011333206	-0.055368852	0.1064184	-0.07845998	0.03220386	-0.036830734	-0.08750586	-0.04690032
0.3722451	-0.51172817	0.48329303	0.51028764	-0.5187962	-0.40630093	-0.5185121	0.43735152	0.5000738	0.44887993	-0.53144556	0.5347444	-0.439372	0.5124166	0.47633585	0.55183846
0.21201612	-0.20155306	0.27068362	0.19259919	-0.20031387	-0.21184842	-0.20700851	0.2011915	0.27321422	0.19598986	-0.26259705	0.21284805	-0.24308729	0.22067933	0.22669904	0.2698029
-0.76150864	0.68862313	-0.7297538	-0.7709144	0.74272627	0.7439415	0.7703161	-0.76905733	-0.79667574	-0.7090166	0.7524515	-0.75755847	0.768673	-0.7954194	-0.7606446	-0.7737737
0.1697582	-0.14916718	0.15212618	0.1503835	-0.20781788	-0.14727212	-0.18644017	0.18523242	0.18139943	0.1394918	-0.15625207	0.1970807	-0.13287403	0.1766382	0.20139982	0.17055574
0.3567114	-0.3993031	0.30564132	0.36104083	-0.40211308	-0.37791386	-0.3976798	0.33914766	0.37496585	0.3726251	-0.37419948	0.3548838	-0.31249788	0.38149533	0.37917006	0.37153178
-0.121515974	0.20578122	-0.12690614	-0.16374345	0.122536965	0.17782043	0.1319456	-0.1936749	-0.15857793	-0.15509093	0.15278223	-0.15549365	0.200052	-0.20331396	-0.18814953	-0.13145082
0.49129096	-0.46193197	0.5450016	0.45512897	-0.5265487	-0.42437014	-0.44744325	0.4612304	0.46971643	0.44225383	-0.50815016	0.43423146	-0.47519237	0.515476	0.48156902	0.5265756
-0.6256422	0.6576243	-0.7084254	-0.7030805	0.69449234	0.6647574	0.67671233	-0.65068257	-0.72553444	-0.7129008	0.73014563	-0.70433396	0.633484	-0.6585554	-0.6914148	-0.69995683
-0.63497835	0.7307475	-0.690247	-0.6939098	0.65316975	0.67177945	0.647177	-0.69629776	-0.76536757	-0.73520297	0.74202937	-0.7224445	0.63638115	-0.6847383	-0.73190993	-0.758708
-0.2436536	0.22414939	-0.25405827	-0.28724003	0.31852096	0.25611606	0.28839776	-0.265179	-0.29225054	-0.26464397	0.29014537	-0.24512452	0.24124232	-0.31376216	-0.2789675	-0.25112754
-0.24847202	0.4969304	-0.6352776	-0.5514157	0.6297448	0.46808782	0.51435864	-0.5765878	-0.693579	-0.582316	0.5949281	-0.65783876	0.6147689	-0.4937416	-0.5588131	-0.68532777
-0.56609875	0.6185431	-0.68943304	-0.6415841	0.70983136	0.62903243	0.58670384	-0.7103665	-0.7168473	-0.6787096	0.6867194	-0.67943263	0.6802349	-0.6829191	-0.6489286	-0.71282023
0.46662304	-0.48423716	0.49168566	0.5029388	-0.53564996	-0.49218106	-0.4976649	0.449781	0.4880388	0.5198678	-0.51552427	0.5148708	-0.44549364	0.457551	0.43826133	0.5506841
-0.33062226	0.32549027	-0.3533616	-0.37896115	0.31377256	0.29420918	0.3890648	-0.30350897	-0.38409567	-0.3094781	0.34108892	-0.37600005	0.29964757	-0.31340346	-0.34009644	-0.33577082
-0.036911216	0.051741943	-0.09841704	-0.11436762	0.06395099	0.034535073	0.016086422	-0.1215768	-0.12772249	-0.099483214	0.08694429	-0.05117643	0.123815	-0.09411326	-0.014644406	-0.069802515
0.7201998	-0.7669778	0.7667114	0.73734504	-0.8127015	-0.7354765	-0.75413966	0.7464726	0.77914375	0.7566632	-0.7830989	0.769656	-0.77980524	0.72614616	0.7781133	0.78139913
0.2856638	-0.38853815	0.36722866	0.3350852	-0.42474833	-0.38621232	-0.36140388	0.3661507	0.5628485	0.43729988	-0.41352147	0.39276657	-0.38797385	0.38846847	0.385243	0.5069824
0.74572223	-0.8320271	0.7568691	0.732281	-0.7477768	-0.7443889	-0.7754845	0.7739602	0.8273252	0.78746873	-0.7612369	0.7677262	-0.7919416	0.8269946	0.7748374	0.81251174
0.11668987	-0.10153659	0.0922976	-0.020307636	-0.012525178	-0.11763261	-0.116846606	-0.020367589	0.035148457	0.10521528	-0.046198912	0.03106388	-0.055354804	0.116204664	0.052685756	0.071060956
0.487273	-0.6595695	0.62449366	0.62231773	-0.6038752	-0.5777666	-0.5816734	0.58779013	0.7435581	0.65298754	-0.6539991	0.63525045	-0.5781803	0.6619142	0.5844578	0.6506468
0.41171435	-0.40920293	0.36089164	0.348523	-0.43254408	-0.42738283	-0.41605726	0.3164971	0.47011498	0.383583	-0.38981774	0.42199653	-0.31654456	0.42467794	0.36096722	0.40354562
0.54194987	-0.48740512	0.47559744	0.48237664	-0.5002421	-0.5465634	-0.53012633	0.49555707	0.5146428	0.45716372	-0.49210206	0.4579351	-0.5202914	0.5160523	0.45706716	0.52905184
-0.29194906	0.30265182	-0.27984783	-0.25435582	0.24797714	0.28744912	0.29652533	-0.30668458	-0.34057406	-0.32288226	0.2569025	-0.24713807	0.30906668	-0.26324216	-0.2896511	-0.3120846
0.35370675	-0.35895887	0.29796538	0.34444502	-0.41822228	-0.35120493	-0.43197626	0.3133431	0.38576654	0.41782758	-0.35189396	0.3655122	-0.35735264	0.3623694	0.40413013	0.41271478
0.28588572	-0.3139307	0.3600495	0.3345567	-0.38288617	-0.35697907	-0.3288058	0.32942212	0.41076848	0.33596873	-0.39726183	0.40859565	-0.27631503	0.37720516	0.30390725	0.38427582
-0.5176702	0.55540985	-0.55585	-0.48083296	0.5610728	0.5480843	0.5569458	-0.5047667	-0.5605711	-0.47416678	0.50739396	-0.5525337	0.553122	-0.55831236	-0.5634441	-0.576952
0.325772	-0.38393494	0.36939752	0.3964506	-0.3682574	-0.3736464	-0.40013462	0.3836336	0.36967674	0.40935647	-0.33291888	0.41964275	-0.34259602	0.33747008	0.4178906	0.40798914
0.18626823	-0.26042533	0.21294823	0.22436447	-0.25602505	-0.2307339	-0.25870344	0.18156815	0.2908222	0.20401882	-0.2695915	0.21225435	-0.27421278	0.27826992	0.23868279	0.1944754
-0.26823488	0.46268013	-0.5006607	-0.54521304	0.5647124	0.460081	0.47634646	-0.58205664	-0.66067904	-0.5545737	0.56161445	-0.5940637	0.5349802	-0.5315825	-0.5557611	-0.6163973
-0.30698013	0.3822622	-0.33571738	-0.38139954	0.34710896	0.3993443	0.34105292	-0.34672916	-0.39548838	-0.34964243	0.35204244	-0.3385457	0.3350025	-0.31361687	-0.32517043	-0.3263249
-0.18799336	0.25535205	-0.28209022	-0.21719149	0.18021588	0.18400306	0.26455572	-0.25505158	-0.24929887	-0.21437842	0.21154363	-0.23394187	0.21412328	-0.18787615	-0.27540928	-0.24641384
-0.5200053	0.48486385	-0.5525228	-0.5054622	0.5336908	0.49274206	0.5501079	-0.47788832	-0.5843988	-0.49640316	0.53209627	-0.532145	0.4977532	-0.51668215	-0.48518845	-0.51671183
0.10078917	-0.23255533	0.14827925	0.27059197	-0.35527042	-0.17272522	-0.2699452	0.16597465	0.41360226	0.29804438	-0.3298022	0.25513935	-0.26727965	0.24421626	0.18767852	0.37183273
0.71418417	-0.74824214	0.7316638	0.68571305	-0.7021079	-0.7107231	-0.693222	0.722106	0.80495054	0.688139	-0.6864084	0.7025724	-0.70612365	0.7096854	0.7160273	0.73066545
0.5345074	-0.5721259	0.61142653	0.5985005	-0.6519593	-0.5616677	-0.6155251	0.5508674	0.60040426	0.620689	-0.5935942	0.5831574	-0.5706252	0.58801913	0.62037927	0.6153911
-0.07954233	0.079099454	-0.11330242	-0.12024575	0.11181572	0.095169924	0.093846194	-0.13058376	-0.10218237	-0.12054093	0.15436986	-0.15058725	0.09942467	-0.0731574	-0.13212425	-0.08788325
0.04657518	-0.059831254	0.09290404	0.1074519	-0.06942205	-0.07800833	-0.08446338	0.09432725	0.10059099	0.046696022	-0.10071422	0.05158377	-0.025811974	0.06171993	0.04658307	0.051387347
0.79557955	-0.8791731	0.82826537	0.8609659	-0.83910155	-0.8548056	-0.8736749	0.8311108	0.8682356	0.8070834	-0.8296222	0.8427086	-0.8312396	0.8041781	0.8326067	0.87654316
-0.07310429	0.105422445	-0.076624416	-0.10508609	0.10910698	0.063748986	0.09415814	-0.09965454	-0.11654765	-0.11738694	0.13742073	-0.09058746	0.11849894	-0.11433039	-0.085340075	-0.13069345
-0.46333835	0.6305228	-0.62771404	-0.6516533	0.65822464	0.6010858	0.6015328	-0.609529	-0.71134686	-0.62901974	0.630731	-0.605617	0.64321804	-0.63377565	-0.56388265	-0.66155
-0.43976593	0.4890843	-0.47295925	-0.4695342	0.45804748	0.4560812	0.43341088	-0.46709037	-0.5458996	-0.49631393	0.49575597	-0.46308517	0.43064842	-0.48472992	-0.4547502	-0.54042256
-0.5060819	0.67914027	-0.73691654	-0.7040295	0.7283105	0.6044913	0.5941681	-0.729067	-0.7244337	-0.70961976	0.70974565	-0.6834879	0.7165195	-0.66613144	-0.6258082	-0.73180234
0.65556544	-0.61791253	0.6131624	0.66258115	-0.67933863	-0.67100495	-0.65792394	0.63626975	0.6717575	0.6418893	-0.6848365	0.67411816	-0.58836627	0.5968251	0.6341855	0.71265835
-0.77672786	0.8043365	-0.8042473	-0.8122586	0.79201263	0.7408599	0.83429605	-0.7500375	-0.8586786	-0.7550079	0.7911385	-0.7606108	0.8067033	-0.7853041	-0.76498026	-0.84871066
-0.14237507	0.14232223	-0.20096223	-0.118134305	0.14928344	0.1467087	0.19928169	-0.19965707	-0.1317028	-0.13913396	0.17001235	-0.12637569	0.13822263	-0.11458297	-0.14358519	-0.1788667
-0.34027195	0.3402022	-0.40399352	-0.42450142	0.40698415	0.3419532	0.35080847	-0.426211	-0.43167773	-0.3763828	0.3630211	-0.38764358	0.40667284	-0.4147856	-0.3639351	-0.4090708
-0.2769482	0.20841569	-0.29018646	-0.19769529	0.21625586	0.26489004	0.19076248	-0.19012837	-0.22095679	-0.23822597	0.21334457	-0.19925223	0.21388413	-0.23721528	-0.2683095	-0.21335469
0.30381516	-0.37175718	0.30209988	0.36179098	-0.2949011	-0.2834538	-0.29397443	0.2998028	0.39009905	0.34148282	-0.3407332	0.31005597	-0.3566019	0.34314516	0.29879853	0.38252237
-0.30417556	0.31087935	-0.24587326	-0.26630726	0.29139316	0.2856265	0.3513083	-0.33066776	-0.2832562	-0.30977738	0.35372302	-0.34472692	0.32542804	-0.2651432	-0.25446877	-0.3137433
-0.15601173	0.30716336	-0.32352012	-0.35350642	0.3714595	0.27191326	0.29561758	-0.3832925	-0.43919262	-0.35712463	0.39396787	-0.38042113	0.38444355	-0.3514323	-0.3491475	-0.36887044
0.38817054	-0.3946006	0.45030245	0.4490109	-0.40582097	-0.47044757	-0.44982785	0.42446923	0.44574028	0.41158685	-0.41691786	0.42723256	-0.35142183	0.4641835	0.46620724	0.43104222
0.42670384	-0.45406568	0.5188619	0.505849	-0.5001575	-0.4399844	-0.46917775	0.46777052	0.48582846	0.46440282	-0.52081335	0.5242567	-0.49331948	0.5283799	0.4830388	0.53117913
-0.5503749	0.59201956	-0.5697966	-0.52339345	0.60210365	0.59281725	0.5124739	-0.53066844	-0.6230516	-0.50042224	0.51033556	-0.60210335	0.58999103	-0.57313293	-0.53175485	-0.5788957
-0.7471286	0.8011636	-0.806753	-0.8014348	0.75810874	0.7957627	0.77670735	-0.7585038	-0.7614016	-0.8127858	0.8173345	-0.82487905	0.72744626	-0.7245783	-0.804076	-0.7499041
-0.15954998	0.23880339	-0.26370445	-0.25866583	0.21705058	0.22857259	0.1856901	-0.25726372	-0.21334924	-0.24318185	0.27217865	-0.23978646	0.20715627	-0.2073702	-0.2621385	-0.24102381
-0.3224561	0.31724358	-0.3238656	-0.26522458	0.34707373	0.2993334	0.3333226	-0.29282194	-0.34610063	-0.25177947	0.2948107	-0.3228442	0.2988876	-0.27318573	-0.27276987	-0.25550753
-0.4253248	0.4512681	-0.5329624	-0.49739042	0.51274663	0.51152897	0.44135216	-0.4984443	-0.5693615	-0.48102337	0.50113606	-0.50891095	0.53758246	-0.5003662	-0.44944066	-0.549221
-0.5493746	0.54905105	-0.57398254	-0.5940236	0.5398244	0.6368293	0.5779277	-0.5838833	-0.6258107	-0.5571436	0.54038215	-0.54786813	0.6275764	-0.5712926	-0.5500274	-0.61880744
-0.2798917	0.25364435	-0.2907703	-0.27362165	0.31716973	0.3134617	0.30400735	-0.3340137	-0.28428814	-0.28560302	0.233978	-0.28805643	0.25469702	-0.25819072	-0.3342446	-0.27362645
0.14865147	-0.17643718	0.22381407	0.24769084	-0.21958089	-0.20610566	-0.16446418	0.20253226	0.17263871	0.1763155	-0.1650524	0.18228081	-0.22827265	0.18846166	0.22137716	0.23558407
-0.36443186	0.38794234	-0.36392412	-0.39959046	0.4135988	0.42038783	0.3711492	-0.36721808	-0.43633556	-0.44721842	0.3831524	-0.37049416	0.42423624	-0.37648177	-0.38672042	-0.43480122
0.19972363	-0.12470691	0.19172819	0.18727252	-0.11156701	-0.11032623	-0.1613782	0.10934792	0.15044747	0.1973682	-0.16446134	0.1831838	-0.15109241	0.19955866	0.17654026	0.10415034
-0.100775436	0.104879186	-0.10532665	-0.09871577	0.17074588	0.1362144	0.17285743	-0.09668953	-0.11438876	-0.11302136	0.11355096	-0.11431855	0.10820032	-0.13465776	-0.13879256	-0.15660484
-0.23231336	0.17554246	-0.1968224	-0.19173905	0.2320046	0.21332866	0.19713849	-0.26893896	-0.22467649	-0.24390426	0.16169739	-0.21274158	0.17996123	-0.24653608	-0.19412492	-0.20387462
0.35928312	-0.3381844	0.35993987	0.33120567	-0.33974648	-0.3450598	-0.32295924	0.3047713	0.3268843	0.3243817	-0.33279303	0.3047177	-0.35151824	0.33573946	0.3744536	0.369967
0.67016387	-0.7142107	0.74785537	0.71927536	-0.72267723	-0.70625067	-0.7122647	0.63313806	0.7473834	0.68514836	-0.6687456	0.7096315	-0.70999694	0.69965774	0.74075615	0.67549276
-0.28115875	0.45665777	-0.46810967	-0.5064044	0.5355585	0.41139194	0.43669763	-0.58520615	-0.6146334	-0.4505563	0.52466637	-0.53427714	0.49308765	-0.5047541	-0.46528998	-0.515066
-0.40068105	0.43217054	-0.38700175	-0.36400786	0.37721598	0.38641474	0.42107275	-0.43693286	-0.421649	-0.4263476	0.35575515	-0.37643018	0.3756939	-0.3670886	-0.36406267	-0.42875886
-0.46423122	0.5066919	-0.5266122	-0.51512915	0.57201314	0.523622	0.49470913	-0.45049542	-0.50644237	-0.50351655	0.5108867	-0.5203385	0.49651816	-0.5306941	-0.52943987	-0.5706436
-0.08189195	0.087526806	-0.111066654	-0.11691284	0.11466481	0.04795347	0.038570836	-0.06395186	-0.05792804	-0.06131315	0.09384946	-0.11165012	0.056665342	-0.108993456	-0.04156517	-0.07466056
0.0074933274	0.031781387	-0.015482051	0.010588141	-0.022931593	-0.009713912	-0.046987366	-0.043326553	0.042365458	0.019791624	-0.049474142	-0.022984762	-0.017286183	-0.000516145	-0.04358791	0.013755585
0.34315553	-0.29620892	0.34754074	0.31836846	-0.31727424	-0.29592454	-0.36222956	0.3560538	0.31792808	0.29362336	-0.31418464	0.33168998	-0.31670266	0.35267714	0.3152079	0.307229
-0.6994545	0.6881161	-0.7225262	-0.6599432	0.6714381	0.72288734	0.6561421	-0.6646913	-0.7648285	-0.70165396	0.7128619	-0.68893236	0.6780124	-0.68051875	-0.65043175	-0.7354867
0.35576722	-0.3558626	0.398527	0.4572331	-0.36825818	-0.42414182	-0.37315485	0.44086158	0.4602423	0.44799083	-0.38056016	0.3969873	-0.41329998	0.45421633	0.39360723	0.46693897
0.50755316	-0.603944	0.59503627	0.5719446	-0.63541555	-0.6058141	-0.62892246	0.5702228	0.6429931	0.62796	-0.5992639	0.6731335	-0.6182262	0.59238255	0.5718143	0.63951457
0.46340686	-0.47840908	0.49394396	0.44201142	-0.44827548	-0.4768435	-0.4096217	0.42816785	0.41700363	0.4936217	-0.41812545	0.4911708	-0.4834019	0.46269786	0.42456573	0.50439173
0.72963476	-0.7168591	0.7310976	0.71747345	-0.71820354	-0.7169139	-0.73380107	0.7362682	0.7034833	0.7098436	-0.7472198	0.7501176	-0.6850641	0.70572877	0.75656056	0.76572126
0.5674859	-0.6679205	0.62830466	0.68715376	-0.61190957	-0.60411435	-0.6739163	0.6104686	0.715876	0.62695247	-0.6122836	0.6038121	-0.59284514	0.6848806	0.6225331	0.66792244
0.38357544	-0.4176335	0.41576135	0.38636696	-0.41285267	-0.40874124	-0.3549701	0.33406255	0.39817524	0.42918217	-0.39882764	0.41300467	-0.3624196	0.4136517	0.35911727	0.3370293
-0.24590951	0.40078634	-0.458368	-0.47768775	0.5209255	0.37632576	0.41355723	-0.5142973	-0.49848112	-0.42928	0.5058195	-0.5249078	0.50892705	-0.38795078	-0.47741467	-0.49285343
-0.46548948	0.58493495	-0.5772222	-0.5946008	0.6319147	0.5815969	0.49495736	-0.59857506	-0.6213948	-0.53097457	0.64059705	-0.5590361	0.6150006	-0.5167284	-0.6072177	-0.592618
0.27275786	-0.44014153	0.4054289	0.46544054	-0.48198646	-0.40976188	-0.4538609	0.41114017	0.58223593	0.4487348	-0.49442554	0.5294228	-0.42494375	0.4612167	0.43466544	0.5341838
-0.49647182	0.47866386	-0.48262465	-0.48930064	0.3995779	0.4682819	0.49210796	-0.42846853	-0.461649	-0.43178338	0.48837048	-0.4714736	0.4410771	-0.41148746	-0.43918577	-0.44758627
0.50634074	-0.47063762	0.5237814	0.5246654	-0.5423135	-0.46048665	-0.5214389	0.4388469	0.5215654	0.5581158	-0.51995045	0.4614923	-0.4876872	0.54643095	0.46480915	0.5139575
0.36431578	-0.29783452	0.33997774	0.3717403	-0.36461768	-0.2786081	-0.29726577	0.26880643	0.30158064	0.28247568	-0.3303981	0.2784959	-0.2781428	0.28291792	0.32413253	0.34048232
-0.38541323	0.3713907	-0.35945466	-0.33791235	0.37469676	0.3880564	0.39294517	-0.3272187	-0.42754838	-0.41423228	0.36748126	-0.37548414	0.35608694	-0.34391493	-0.36281693	-0.4168422
-0.26838952	0.30244574	-0.24249043	-0.24466673	0.3042395	0.27585986	0.2422054	-0.26985836	-0.31605574	-0.2566674	0.3010709	-0.24677435	0.26958713	-0.23861945	-0.21421014	-0.29319757
0.17825694	-0.19754563	0.1790438	0.19756432	-0.12837593	-0.18116394	-0.14514525	0.18763676	0.1281539	0.16159056	-0.17952031	0.1931602	-0.1577079	0.14786072	0.13978408	0.21496364
-0.3228984	0.35538995	-0.3494762	-0.3992248	0.4096948	0.30829385	0.36076716	-0.38063928	-0.39808095	-0.4012287	0.38864133	-0.3733084	0.36407655	-0.39279422	-0.32429734	-0.34831083
0.22573662	-0.2648968	0.2584639	0.29205266	-0.3070556	-0.24115679	-0.28520727	0.22501461	0.35917947	0.28416526	-0.282667	0.2828612	-0.19237432	0.24827182	0.2594496	0.283711
-0.2608541	0.23501475	-0.21881439	-0.16688298	0.20686926	0.21532436	0.18968685	-0.22832386	-0.20579493	-0.20225652	0.2331034	-0.22075956	0.24397138	-0.222951	-0.17700231	-0.16888557
0.47874647	-0.5605503	0.48836458	0.49168214	-0.5019802	-0.48046085	-0.5074506	0.50898063	0.5380219	0.4875737	-0.55440557	0.49748653	-0.46773735	0.55590385	0.5350502	0.48826995
0.04757573	0.077303745	-0.049664777	-0.1379916	0.10649881	-0.044296682	0.022653503	-0.09843213	-0.10865666	-0.046806563	0.071036786	-0.13749242	0.09613877	-0.024271103	-0.073704265	-0.049338344
0.4667263	-0.4849842	0.5280469	0.52937114	-0.49871576	-0.54763323	-0.53831774	0.5650655	0.5695087	0.5596195	-0.4840562	0.56167036	-0.55831504	0.4796357	0.5441387	0.49902484
0.37683716	-0.29067466	0.35919556	0.3203148	-0.34280792	-0.33388886	-0.34900743	0.32625693	0.27980593	0.28576103	-0.33296397	0.30619726	-0.2869594	0.32600385	0.29972532	0.30947125
-0.50671774	0.6061294	-0.65227365	-0.5811415	0.5659045	0.6062572	0.53237945	-0.6195951	-0.63847697	-0.5728502	0.5890426	-0.59473085	0.5431438	-0.58644813	-0.62101287	-0.65206355
-0.27262613	0.24418302	-0.2524242	-0.33229196	0.26514643	0.2653472	0.30016577	-0.32375577	-0.23787667	-0.27564362	0.25489858	-0.24375045	0.27779457	-0.28421608	-0.25578505	-0.27361357
-0.7313416	0.7353567	-0.81679267	-0.7613245	0.81020737	0.730886	0.7715788	-0.80725324	-0.7714501	-0.7906043	0.7281962	-0.8194107	0.7163444	-0.7581471	-0.8012277	-0.8495232
0.34520698	-0.2949215	0.24420276	0.2316615	-0.29267666	-0.3725283	-0.32070544	0.22358504	0.29584947	0.3346104	-0.3129722	0.30686754	-0.2832289	0.28451252	0.2811472	0.3696144
-0.38881782	0.38000363	-0.38951176	-0.31194735	0.38868937	0.3397644	0.35163242	-0.35394013	-0.3423672	-0.35150757	0.38662496	-0.3254926	0.3777612	-0.33528903	-0.3368492	-0.3236938
-0.14743851	0.24110326	-0.21395282	-0.2404662	0.2450097	0.22606945	0.18714228	-0.34739184	-0.26059288	-0.25460738	0.23655775	-0.24869978	0.31174824	-0.2225353	-0.20334017	-0.23348926
0.23838498	-0.16585872	0.19810754	0.109650485	-0.19416824	-0.1837947	-0.22898287	0.18761806	0.16441168	0.19820705	-0.14416969	0.13613792	-0.18210739	0.17357926	0.1539323	0.19136655
0.024809562	0.009951187	0.014797264	-0.015792584	0.021088418	-0.015475999	-0.012704419	0.043952625	0.009886173	-0.0325059	-0.009574946	0.039492883	-0.048705075	0.008255237	-0.012510957	-0.007116765
0.5881262	-0.64909476	0.7183277	0.667497	-0.60795164	-0.6043931	-0.65876156	0.6067176	0.66739386	0.67865247	-0.65246403	0.6289842	-0.5840838	0.69532007	0.64231193	0.692035
-0.026705677	-0.00607008	-0.046976253	0.024428692	-0.018824138	0.05325057	0.04292596	-0.04847926	-0.0020851314	-0.018301765	-0.02672533	0.0417553	0.021129949	0.009123216	0.0137470625	-0.0030570258
-0.640339	0.70361036	-0.68679595	-0.6318595	0.66049546	0.7184006	0.7102834	-0.66098744	-0.71973056	-0.6998689	0.69175506	-0.7236847	0.68811494	-0.6561729	-0.70672363	-0.6977531
0.5629966	-0.59630984	0.4843569	0.5443609	-0.62414724	-0.55652165	-0.5853306	0.513736	0.60836464	0.6109866	-0.56691027	0.6284785	-0.5561942	0.6112605	0.54179186	0.61199486
0.15459357	-0.100236736	0.09907105	0.047291335	-0.16348912	-0.12540108	-0.10754973	0.07108536	0.16216786	0.1189744	-0.14450449	0.16294587	-0.13763018	0.16880909	0.0975466	0.08518293
0.4279609	-0.4340585	0.46017635	0.46688676	-0.49717972	-0.4614398	-0.4958402	0.45014763	0.4502341	0.4794475	-0.48179224	0.4133189	-0.39774612	0.48284855	0.44262636	0.4311841
-0.5841617	0.6843418	-0.6391362	-0.60118484	0.6869457	0.66129225	0.6010024	-0.6166442	-0.6675785	-0.6392729	0.6477257	-0.6280982	0.67894757	-0.65254223	-0.59569776	-0.6388863
0.78477824	-0.7901053	0.78611183	0.7353917	-0.8065612	-0.73750126	-0.7746381	0.69777507	0.82735205	0.71953666	-0.7324122	0.714237	-0.7120756	0.78005147	0.79298437	0.82877016
-0.23502368	0.26231468	-0.29766658	-0.23396476	0.25014636	0.21893011	0.24536724	-0.3148435	-0.3096132	-0.23178929	0.2700833	-0.26731387	0.21495534	-0.22396928	-0.27335715	-0.24564712
0.36630255	-0.34353784	0.25958642	0.26278153	-0.2880246	-0.328971	-0.29250428	0.30406034	0.29271016	0.32028005	-0.25685093	0.33749077	-0.22126804	0.33497256	0.33270147	0.2899816
-0.06328954	0.050493456	-0.15631652	-0.059540685	0.0600166	0.12707679	0.070042334	-0.039565537	-0.09514467	-0.11100764	0.058614403	-0.03730222	0.043104887	-0.08341976	-0.034696043	-0.046960812
0.56499755	-0.5809219	0.6115957	0.6489796	-0.65544623	-0.59170765	-0.62788934	0.5934444	0.6939072	0.6775402	-0.6475522	0.6263963	-0.5667592	0.6238552	0.6663222	0.6574624
0.5720901	-0.6372607	0.62287396	0.6003405	-0.6365469	-0.59482354	-0.636601	0.64284253	0.6701357	0.6109296	-0.6863024	0.70100194	-0.63618374	0.6704861	0.6542942	0.6686091
0.53996503	-0.6873582	0.6646792	0.6255409	-0.7142368	-0.6481872	-0.6609654	0.5793718	0.69764477	0.644224	-0.72765404	0.7123505	-0.6213144	0.6110863	0.63591206	0.7548799
-0.050255116	-0.04201422	-0.06763672	0.03924942	0.04910952	-0.019659022	0.049489796	0.027213592	-0.03906469	-0.052873306	-0.023783078	-0.046822228	-0.022051388	0.00956542	0.035481192	0.018605534
0.69146127	-0.73814917	0.6748465	0.6999946	-0.7403849	-0.67031085	-0.6425764	0.6966399	0.70986533	0.652501	-0.6985189	0.7059153	-0.6908143	0.70682037	0.70479155	0.7018006
0.6345502	-0.71129084	0.701508	0.64768636	-0.6735259	-0.69389033	-0.6323486	0.68642145	0.7175491	0.67939234	-0.63229936	0.6310623	-0.68201375	0.6816029	0.6515733	0.7209984
-0.93425405	0.99375945	-0.96297824	-1.0025535	0.9968637	0.9603211	0.92153287	-0.9354213	-0.99736285	-0.9527356	1.0174054	-1.0204023	0.92499673	-0.95221394	-0.9718407	-0.98213065
0.32197025	-0.4013396	0.3287506	0.29680791	-0.3411745	-0.37294567	-0.33939874	0.38299137	0.34736413	0.3674464	-0.31195262	0.31270054	-0.33872202	0.32507512	0.34863323	0.37254658
-0.88413066	0.83893585	-0.8727818	-0.9125169	0.9003596	0.85823774	0.8912892	-0.89907134	-0.8873994	-0.8678542	0.8338303	-0.92579406	0.8322882	-0.87174886	-0.91995376	-0.9024724
-0.08025269	0.14695983	-0.114606135	-0.11309648	0.1563965	0.16368657	0.13280424	-0.05464333	-0.123843044	-0.12384654	0.098166265	-0.13147834	0.09349988	-0.14463033	-0.13007183	-0.08775746
0.4474142	-0.4933134	0.49717504	0.49146342	-0.47014487	-0.4278508	-0.45976815	0.46075085	0.4882635	0.4333426	-0.4612337	0.4274873	-0.46865517	0.5073529	0.4740045	0.48021924
0.34494808	-0.39390415	0.3237777	0.3443001	-0.40311882	-0.4026147	-0.3583375	0.296575	0.37594143	0.34824568	-0.3445982	0.39136833	-0.30586165	0.3716922	0.40193143	0.43927863
-0.2873513	0.24938828	-0.36385885	-0.29846698	0.27878565	0.3301477	0.3258967	-0.26690888	-0.3082939	-0.31459844	0.28044257	-0.30800176	0.26257962	-0.3265811	-0.30424508	-0.30665326
0.55642027	-0.5294602	0.55243623	0.564481	-0.55664796	-0.5550356	-0.51416725	0.5352748	0.49248207	0.5228966	-0.52421945	0.52437955	-0.4756308	0.50180763	0.49799484	0.5583664
0.653145	-0.7415455	0.71480155	0.6813619	-0.73247725	-0.66136044	-0.7301446	0.70165384	0.68022704	0.64947605	-0.71354717	0.7316221	-0.6513509	0.6723963	0.6367464	0.7482147
-0.50678146	0.47377673	-0.5492154	-0.462253	0.49763116	0.52114415	0.50381666	-0.5468791	-0.5555486	-0.48507044	0.52499133	-0.5168876	0.5373155	-0.51407915	-0.51782656	-0.567474
-0.7614458	0.8358661	-0.8106695	-0.82841736	0.7843385	0.7426135	0.83195955	-0.7749445	-0.78795725	-0.82140595	0.8288962	-0.8376167	0.7434156	-0.7852411	-0.754403	-0.8629531
0.50373906	-0.5067386	0.53353435	0.5947828	-0.5923069	-0.557122	-0.56422186	0.49753857	0.5575264	0.53859234	-0.5940347	0.6063922	-0.59281296	0.57854694	0.57170683	0.54349357
0.22653869	-0.27930236	0.23785718	0.21591637	-0.26705506	-0.27512854	-0.2389593	0.20327723	0.26625675	0.24916585	-0.22880429	0.21406041	-0.20574069	0.28395373	0.19886996	0.3153495
-0.41385147	0.38488787	-0.4978233	-0.46546796	0.41710934	0.41517538	0.4237726	-0.44679597	-0.492436	-0.37900802	0.46072388	-0.41044423	0.40148553	-0.42979538	-0.46289983	-0.43294987
-0.34824097	0.391075	-0.39996564	-0.41828188	0.38671458	0.3806491	0.39230847	-0.36240125	-0.42782384	-0.3813104	0.35776603	-0.33526033	0.37265247	-0.37865886	-0.34697765	-0.43020502
-0.34669998	0.4325402	-0.4659471	-0.50589895	0.52527976	0.46242386	0.41269588	-0.5404691	-0.58822155	-0.47410586	0.53177917	-0.5202782	0.43991575	-0.45276314	-0.40890163	-0.5447467
-0.36522013	0.33552846	-0.32319865	-0.3415999	0.32915333	0.30400985	0.2589418	-0.34407306	-0.32583565	-0.25569335	0.32009915	-0.2959551	0.3091077	-0.31748378	-0.33779517	-0.28839982
0.7069709	-0.72299355	0.6929695	0.72455263	-0.71300215	-0.65607226	-0.7143419	0.60656285	0.7177535	0.6483403	-0.701308	0.7366691	-0.719962	0.65656966	0.6719143	0.6817035
-0.12891266	0.1335952	-0.16327234	-0.22704163	0.2246503	0.18504457	0.18475874	-0.20363878	-0.16579658	-0.13086933	0.13338903	-0.21791752	0.20723584	-0.21057777	-0.16527052	-0.2308717
-0.39883623	0.54356194	-0.56128526	-0.49790582	0.5217301	0.51112676	0.47956154	-0.5582829	-0.5823963	-0.4944897	0.53135616	-0.5267712	0.50011104	-0.5174171	-0.5215995	-0.55166054
-0.7097568	0.7228466	-0.8447908	-0.7513535	0.766353	0.8015359	0.7717282	-0.72258586	-0.8194763	-0.72524416	0.7097881	-0.7971258	0.77823794	-0.7467678	-0.7455994	-0.78935564
-0.33047825	0.50385094	-0.49470928	-0.5119087	0.61745447	0.506809	0.45196766	-0.5592858	-0.59894526	-0.56371665	0.59650004	-0.5660434	0.5413566	-0.48437127	-0.5144361	-0.5978644
-0.9353141	0.926313	-0.9675042	-0.9324733	0.9531062	0.90873486	0.9444265	-0.8887767	-0.9588599	-0.9511059	0.952923	-0.9548752	0.87290984	-0.89286864	-0.8856787	-0.92685723
0.40300995	-0.4943962	0.4490361	0.40506104	-0.48999286	-0.46012762	-0.41651863	0.46980837	0.4857947	0.41979197	-0.46194735	0.5143017	-0.41918695	0.5013386	0.48979035	0.5579996
-0.69523525	0.7309656	-0.672788	-0.77079386	0.73817796	0.7310749	0.72822756	-0.72697365	-0.76407653	-0.71315575	0.73298997	-0.72670007	0.73934764	-0.78216803	-0.76338595	-0.8015806
-0.63777417	0.73810905	-0.7004652	-0.7312946	0.6875061	0.7267202	0.6494335	-0.6954592	-0.7573757	-0.696874	0.665766	-0.68591505	0.64438903	-0.6783477	-0.6993665	-0.6888089
-0.591202	0.65066165	-0.74355096	-0.65057653	0.7095067	0.7005375	0.6816333	-0.6519337	-0.7052094	-0.6718306	0.6561338	-0.69619966	0.66146564	-0.70969385	-0.6043857	-0.7075428
-0.25266427	0.28252205	-0.20327671	-0.29482865	0.24863124	0.19326936	0.2943789	-0.23673093	-0.2468881	-0.25100398	0.2895366	-0.26669976	0.28684318	-0.25736514	-0.21331204	-0.26328713
-0.83216816	0.78473735	-0.84034276	-0.8174091	0.82243115	0.85124916	0.8153149	-0.85097224	-0.89908665	-0.834009	0.872854	-0.8532868	0.79464537	-0.8193875	-0.79324967	-0.84765697
0.027266093	-0.051483806	0.07383697	0.06622858	-0.056555677	-0.026722336	-0.0051341546	0.0056202323	0.0127856005	0.037414324	0.0022839159	0.034389164	-0.089707136	0.047677293	0.07172516	0.015167923
0.65292364	-0.63912594	0.68735313	0.6299559	-0.6867507	-0.64087754	-0.69251096	0.61005604	0.71382004	0.61916804	-0.61574125	0.64659995	-0.6456177	0.6137883	0.6998323	0.66918766
-0.83678925	0.7972827	-0.82699364	-0.844136	0.83277994	0.8054177	0.78209054	-0.82056904	-0.86513615	-0.8528953	0.8223683	-0.80007344	0.84035826	-0.7852534	-0.77770716	-0.8839397
-0.51128954	0.5636186	-0.534835	-0.48123255	0.49226183	0.5212722	0.47269788	-0.4964418	-0.511295	-0.5537182	0.5337392	-0.5408297	0.5452042	-0.5137013	-0.55823183	-0.5045291
-0.2552925	0.19907577	-0.23795095	-0.26527426	0.248856	0.2425642	0.21885331	-0.2617229	-0.22821027	-0.20452413	0.2052293	-0.2760764	0.24722932	-0.27494738	-0.2700447	-0.21983121
-0.61801374	0.6010884	-0.65184635	-0.57791835	0.65531933	0.6291555	0.63333946	-0.629704	-0.62915075	-0.6504673	0.6576435	-0.6805214	0.65593845	-0.6662571	-0.58883595	-0.6242963
0.31138164	-0.37078965	0.33132866	0.30706367	-0.38448566	-0.3590271	-0.3408088	0.3590753	0.32587966	0.33189464	-0.3478399	0.30142015	-0.34501952	0.34487098	0.3808075	0.36830837
0.3661283	-0.32061175	0.37280804	0.37103236	-0.29711217	-0.33493593	-0.37709197	0.34582946	0.38762006	0.35585207	-0.30330843	0.32806933	-0.3544566	0.32246396	0.38125828	0.31469202
-0.6434893	0.6832086	-0.70058584	-0.700614	0.71250516	0.75227636	0.72332996	-0.6662917	-0.77183175	-0.6711883	0.6925713	-0.7320354	0.66840357	-0.6709273	-0.7523196	-0.7842652
-0.5851339	0.6099046	-0.66076773	-0.6633133	0.6189464	0.59350574	0.6487816	-0.59839916	-0.6757286	-0.6119082	0.6663614	-0.63895434	0.616359	-0.60260075	-0.64323634	-0.67465115
-0.2667627	0.41397312	-0.41129267	-0.38686082	0.43244305	0.4050351	0.4263809	-0.49380443	-0.5098073	-0.4256581	0.46440768	-0.4122861	0.4118149	-0.44412717	-0.4335112	-0.45126504
-0.5579246	0.56783956	-0.5647262	-0.57579136	0.5699498	0.60059315	0.62671196	-0.5916885	-0.61298335	-0.60178804	0.63451356	-0.56726795	0.6337	-0.6163454	-0.5715034	-0.5790269
-0.38825834	0.4314694	-0.5017624	-0.43829378	0.50139034	0.4037765	0.42833024	-0.4132367	-0.51017976	-0.49683225	0.445137	-0.5263973	0.42972097	-0.5177343	-0.46287704	-0.48933217
-0.48074526	0.461726	-0.5362209	-0.48340738	0.4339486	0.43001506	0.41332793	-0.4846378	-0.42578927	-0.43398473	0.46447557	-0.45760486	0.43730447	-0.4766182	-0.48755628	-0.5108254
0.37567034	-0.3417337	0.4109979	0.33587942	-0.30479354	-0.34475625	-0.34398738	0.37975428	0.35651678	0.35801423	-0.3256831	0.37266442	-0.33076292	0.38762477	0.31827942	0.36812404
-0.8557903	0.8642134	-0.8294108	-0.8208792	0.8377935	0.88434565	0.87805086	-0.8579317	-0.9007014	-0.8709269	0.8272447	-0.8846768	0.80543035	-0.89371	-0.88342696	-0.899688
0.16840236	-0.17009698	0.187755	0.17354386	-0.19609481	-0.21334375	-0.24350931	0.15489502	0.25510186	0.2354151	-0.2324861	0.1535855	-0.23916286	0.19535078	0.20627314	0.23932458
-0.6916675	0.71011347	-0.749344	-0.69941765	0.68108153	0.6567872	0.6949015	-0.63903546	-0.7223681	-0.727016	0.7175292	-0.7314164	0.68173045	-0.6891489	-0.682947	-0.7169528
-0.10665613	0.092580035	-0.10914862	-0.10835159	0.029858654	0.077220485	0.07365202	-0.03969241	-0.09195101	-0.049479097	0.04030837	-0.056449898	0.076849274	-0.036386997	-0.059342954	-0.08251574
-0.25704482	0.5317314	-0.5287073	-0.5241032	0.6021814	0.4107082	0.46160504	-0.5101702	-0.6315413	-0.47930193	0.5218929	-0.6260446	0.508855	-0.46172437	-0.5188468	-0.58398163
-0.49087548	0.63262296	-0.584489	-0.58682704	0.6381986	0.52852154	0.61658734	-0.592674	-0.6122387	-0.54162383	0.57301193	-0.63479096	0.5345567	-0.57745266	-0.5732327	-0.6643681
-0.48933637	0.56098646	-0.531024	-0.49253485	0.5035653	0.5524071	0.5451187	-0.49922585	-0.56905884	-0.5357103	0.5354484	-0.5652683	0.53158087	-0.5850545	-0.5414259	-0.60105985
-0.62315536	0.67795974	-0.66948897	-0.68244344	0.70832294	0.6641059	0.6074714	-0.6318536	-0.72396255	-0.6410095	0.612027	-0.7136958	0.6174693	-0.6937131	-0.6849606	-0.6745648
-0.5020059	0.5575942	-0.56853324	-0.6150423	0.5839848	0.6036292	0.56484056	-0.6598654	-0.62473905	-0.60568005	0.6241655	-0.5708147	0.583046	-0.6398488	-0.6131866	-0.6258395
0.6861211	-0.68740946	0.7670317	0.6889698	-0.7002484	-0.75415653	-0.6617237	0.65962124	0.77261114	0.70237243	-0.7331536	0.75041276	-0.6882141	0.73890066	0.70451444	0.6947897
-0.63733095	0.6657369	-0.6989844	-0.67449445	0.6259555	0.63331234	0.70598674	-0.68994826	-0.68026775	-0.6827092	0.6772673	-0.6778834	0.690967	-0.6714719	-0.6885448	-0.6994689
0.5040603	-0.6487138	0.5828194	0.59857595	-0.64943564	-0.5709853	-0.6314988	0.61613405	0.6879371	0.65367794	-0.69292367	0.69221187	-0.5551923	0.5829692	0.56451976	0.67550683
-0.26040766	0.33066812	-0.27829722	-0.28068146	0.31367698	0.2788603	0.25840077	-0.34182736	-0.3111097	-0.28706715	0.31320626	-0.3628301	0.31566602	-0.3452825	-0.33341295	-0.36512122
-0.2035227	0.38326237	-0.46359235	-0.49081996	0.5339747	0.38256142	0.41322926	-0.44548595	-0.588999	-0.46533275	0.44188	-0.5386421	0.44821507	-0.45380187	-0.39860016	-0.51315343
-0.74945265	0.77252007	-0.8100755	-0.8015281	0.7576071	0.71903354	0.7611711	-0.7713076	-0.8758458	-0.74108154	0.7331671	-0.77345896	0.74363446	-0.7420138	-0.79538023	-0.82253414
0.32401836	-0.37800813	0.28952762	0.3931191	-0.3208105	-0.29773396	-0.37874514	0.31765583	0.37951353	0.34303024	-0.3078777	0.3854668	-0.37073803	0.3744602	0.3159297	0.40690422
0.60829735	-0.71060705	0.6872517	0.6857632	-0.73560137	-0.6411953	-0.65138817	0.7219912	0.7470132	0.6483725	-0.6747799	0.6662564	-0.66455376	0.65076	0.69871336	0.77644145
-0.715728	0.7892685	-0.7042156	-0.6949607	0.78243697	0.7445142	0.7841222	-0.6880863	-0.7687958	-0.69266915	0.70595586	-0.7754628	0.7771235	-0.7704667	-0.76667696	-0.77296674
0.46016362	-0.5532589	0.48538822	0.4796249	-0.56516546	-0.55592483	-0.52515805	0.5356798	0.5843932	0.4776735	-0.5007577	0.5808182	-0.4711448	0.5231949	0.5153622	0.5938983
-0.17680153	0.23429698	-0.23481952	-0.19425052	0.2156908	0.2197854	0.1846979	-0.16994971	-0.23820676	-0.22978678	0.18526106	-0.21989791	0.24374713	-0.19024177	-0.169094	-0.19867255
-0.3363839	0.3447768	-0.40671906	-0.3030046	0.30650392	0.31279552	0.31112897	-0.28384736	-0.33195198	-0.3538049	0.36513847	-0.3673977	0.36673853	-0.3768378	-0.35099316	-0.31272092
-0.47958243	0.4435305	-0.43537474	-0.41501835	0.46444067	0.45262244	0.45352006	-0.4591903	-0.4523436	-0.46706325	0.42060575	-0.43031248	0.48929214	-0.49176025	-0.43262124	-0.43437517
-0.37182438	0.48502463	-0.5269567	-0.4945325	0.53998715	0.49867246	0.48115954	-0.5583979	-0.5402183	-0.55867094	0.53001803	-0.50404066	0.4837734	-0.5505193	-0.47440508	-0.5084324
-0.5563965	0.609378	-0.631686	-0.56838506	0.5878062	0.56487966	0.6074977	-0.60573286	-0.66756	-0.6323008	0.6134704	-0.6521924	0.6193088	-0.6247374	-0.6252282	-0.604289
0.6548349	-0.73584336	0.7410428	0.7142678	-0.7447483	-0.7392498	-0.67771685	0.67716175	0.74849373	0.6769502	-0.7309323	0.74371237	-0.65978163	0.6879435	0.65737903	0.7130624
0.079770155	-0.017831909	-0.00022179933	0.08453172	-0.020507427	-0.061975446	-0.04608142	0.053125765	0.043212824	0.050126288	-0.09223772	0.09524511	-0.010889766	0.09995314	0.09684704	0.034854706
0.39796802	-0.36920753	0.3368961	0.33988872	-0.40719998	-0.42774656	-0.413916	0.36840695	0.41458565	0.3987461	-0.36687928	0.33187756	-0.39041257	0.35803598	0.41631168	0.35583043
-0.5566703	0.5817984	-0.65551955	-0.6294961	0.6987281	0.63048565	0.5565464	-0.6856196	-0.6621308	-0.60565585	0.64053136	-0.607356	0.5814868	-0.6197332	-0.56050587	-0.6718119
-0.60791296	0.6544452	-0.6174569	-0.6996321	0.6497454	0.6787442	0.617175	-0.636252	-0.64783573	-0.6316265	0.6137461	-0.6698956	0.6365707	-0.60442907	-0.6191633	-0.6517119
0.56828845	-0.5539025	0.65856975	0.576127	-0.6295797	-0.5729891	-0.5842186	0.54542744	0.6800091	0.58867246	-0.6277352	0.59338284	-0.55664223	0.6464712	0.59479535	0.582342
0.23245135	-0.32102266	0.26749492	0.31532398	-0.292064	-0.34132373	-0.3554783	0.2432076	0.34701702	0.28462508	-0.2686555	0.30414397	-0.25387925	0.2629313	0.27800187	0.32401147
0.8351261	-0.7693609	0.77300864	0.7687445	-0.80246073	-0.7928057	-0.7678885	0.7937112	0.7930136	0.79341906	-0.76887506	0.85558105	-0.767158	0.77781534	0.8400133	0.7898732
0.33741403	-0.37229064	0.40517223	0.37655634	-0.42482066	-0.41160387	-0.39745465	0.3079668	0.4429218	0.43655512	-0.40026554	0.41142312	-0.34917456	0.36232567	0.42073926	0.42520538
-0.31137258	0.23378019	-0.31988612	-0.32039416	0.2941721	0.21859029	0.27223906	-0.22294031	-0.2717523	-0.24396138	0.2872017	-0.28854826	0.28457543	-0.2822306	-0.23538269	-0.26372504
0.76264286	-0.7082725	0.774475	0.7534498	-0.79408807	-0.7764213	-0.72562677	0.7818531	0.74541634	0.7130915	-0.75242203	0.8058904	-0.7609402	0.72072655	0.79448634	0.74901885
-0.19170804	0.46642002	-0.41615573	-0.4641057	0.49734747	0.40215027	0.3459836	-0.45307183	-0.5861298	-0.4667747	0.48573607	-0.50979453	0.465162	-0.41092044	-0.39472574	-0.52420175
-0.29768172	0.25108042	-0.3137336	-0.3191526	0.29309976	0.33821535	0.33682176	-0.30594373	-0.26248446	-0.32939616	0.28879744	-0.2549192	0.2874027	-0.25599462	-0.29571876	-0.31088737
0.69713306	-0.6455279	0.62514204	0.6541047	-0.73056513	-0.63909304	-0.67919993	0.64928347	0.7103439	0.72298765	-0.7161637	0.7478086	-0.64100105	0.69011974	0.7382181	0.6838366
-0.15303141	0.45513207	-0.44492722	-0.47779435	0.56955034	0.40312073	0.37533504	-0.4890257	-0.62823904	-0.45201635	0.5015117	-0.572968	0.4912367	-0.4742874	-0.427757	-0.5864105
0.23142782	-0.18710542	0.24035482	0.21832716	-0.21649192	-0.2144864	-0.18298186	0.1994824	0.22224507	0.18938705	-0.17356989	0.15303957	-0.17086664	0.2002876	0.22755548	0.20351863
-0.5856806	0.6203609	-0.666458	-0.67423946	0.63975066	0.6025595	0.5988504	-0.69080985	-0.70031816	-0.6926815	0.6236692	-0.66119206	0.6731864	-0.64516807	-0.69945216	-0.74204916
0.7352221	-0.74098074	0.77901644	0.75090456	-0.78129953	-0.6806823	-0.773049	0.7434983	0.74670726	0.7941033	-0.7583789	0.7509664	-0.7079004	0.7341989	0.73256034	0.804731
0.5239617	-0.518814	0.5368943	0.5157949	-0.5620331	-0.50935733	-0.5262495	0.49653307	0.61305207	0.5214244	-0.54127187	0.5955696	-0.5260797	0.5719421	0.5551388	0.58189666
0.7001951	-0.7010988	0.6879349	0.7029975	-0.70999163	-0.66588414	-0.7448116	0.70068026	0.7314236	0.74862003	-0.7178476	0.7548441	-0.7257028	0.7024761	0.680758	0.78644764
-0.6620554	0.66668975	-0.6372882	-0.6703809	0.6176998	0.6350259	0.64710575	-0.6148141	-0.67624515	-0.63178945	0.6062604	-0.6847991	0.6206689	-0.6379297	-0.59786975	-0.6568968
0.56407917	-0.5824887	0.63143086	0.58189315	-0.6738711	-0.60691875	-0.6597037	0.60965276	0.6806357	0.6310216	-0.5891289	0.58544195	-0.58359724	0.64105767	0.58054477	0.6076167
0.2400994	-0.3453247	0.3356771	0.28873014	-0.3914191	-0.28308502	-0.34245765	0.23272386	0.36437383	0.30872813	-0.35725158	0.36433086	-0.3101695	0.28129035	0.2937799	0.41265178
-0.4209108	0.51971203	-0.51543444	-0.49339724	0.46638948	0.5103692	0.41273636	-0.5352104	-0.4614072	-0.4289901	0.47558352	-0.41923338	0.47723916	-0.4267352	-0.48623082	-0.44454968
0.17606352	-0.08288709	0.06515868	0.11801716	-0.054105572	-0.13144921	-0.12746298	0.14695297	0.0715985	0.09253385	-0.10100052	0.06137237	-0.051618047	0.12988296	0.069975376	0.10939511
-0.59709793	0.6025957	-0.66198957	-0.5635219	0.6361359	0.6063397	0.5942782	-0.63224506	-0.613333	-0.6132741	0.6680756	-0.63225543	0.57449794	-0.661849	-0.63276523	-0.6785443
-0.36381623	0.4978456	-0.5900814	-0.5078266	0.586353	0.4840163	0.50033873	-0.5350263	-0.63356686	-0.5245647	0.55641264	-0.5725706	0.53350925	-0.51984817	-0.50277865	-0.5848562
0.61034185	-0.53377753	0.5686481	0.5755397	-0.5525777	-0.5312256	-0.559607	0.5487868	0.5250867	0.56821895	-0.5352212	0.54602206	-0.50794816	0.582475	0.53307277	0.529407
-0.20113674	0.16355556	-0.2075976	-0.11258796	0.18877374	0.12937747	0.20497428	-0.13482143	-0.19611947	-0.14553991	0.2089785	-0.174853	0.16459383	-0.18619546	-0.114841074	-0.13474306
0.7319849	-0.73487735	0.7232849	0.75573164	-0.7427735	-0.76235765	-0.75841826	0.69619393	0.80272907	0.6931977	-0.6980625	0.7631942	-0.66240954	0.69501734	0.69188493	0.7180387
-0.3190033	0.3095283	-0.24129362	-0.27989075	0.27626023	0.27948755	0.3467621	-0.25210983	-0.25951836	-0.31139877	0.29264656	-0.2815145	0.33038354	-0.3207633	-0.3249053	-0.31995943
-0.5934191	0.56456435	-0.603451	-0.61470246	0.5997053	0.63077515	0.60772556	-0.6200537	-0.6515493	-0.5576909	0.6186063	-0.6019381	0.5536774	-0.56337756	-0.5851568	-0.6049227
-0.62242573	0.58320105	-0.6747945	-0.659227	0.660571	0.6209816	0.6673773	-0.6191166	-0.6603344	-0.6229782	0.6527162	-0.59736943	0.5716572	-0.5773083	-0.6197497	-0.65314287
-0.6923542	0.718441	-0.6951376	-0.6468265	0.64759177	0.6355774	0.6800267	-0.70479643	-0.74037546	-0.62832123	0.6667568	-0.6950736	0.7143038	-0.6718467	-0.669145	-0.67289674
0.33342737	-0.36652288	0.3483325	0.3619721	-0.27090806	-0.29780152	-0.34041688	0.37049899	0.2998453	0.31538764	-0.32845277	0.34816083	-0.3363105	0.3197373	0.36800912	0.30401263
0.35174945	-0.34778038	0.29177177	0.30047238	-0.36866865	-0.35136074	-0.36654833	0.28189203	0.39669156	0.28594398	-0.29071963	0.31070146	-0.3546012	0.37451443	0.36171612	0.3064307
-0.7485291	0.73833066	-0.74560624	-0.7907269	0.74349946	0.78663784	0.7523666	-0.78901404	-0.80820864	-0.8053788	0.72596043	-0.75818866	0.74026567	-0.7314513	-0.7609851	-0.7724995
-0.4968444	0.4456278	-0.46217176	-0.439772	0.4874095	0.39847472	0.41821754	-0.46161506	-0.49588165	-0.46165553	0.3997869	-0.48316446	0.4235691	-0.45604008	-0.46132088	-0.4695275
-0.4704267	0.5103112	-0.49446797	-0.53117234	0.526946	0.48644933	0.4965013	-0.52116835	-0.48459324	-0.50717187	0.54773813	-0.48943764	0.53135467	-0.49318653	-0.51850456	-0.5154578
0.17191698	-0.06799598	0.09961858	0.07671635	-0.11673204	-0.14401348	-0.10839142	0.059931397	0.13038929	0.120392144	-0.045967143	0.12547812	-0.10303929	0.09216825	0.097315595	0.06939542
0.82385767	-0.8484539	0.8343628	0.87779987	-0.8961091	-0.89619714	-0.87111545	0.8037006	0.9181134	0.81613016	-0.8723771	0.8233421	-0.80164766	0.90161854	0.87537414	0.8635274
0.6464571	-0.70827246	0.64969176	0.6766815	-0.70470405	-0.65325385	-0.6958854	0.688619	0.7703668	0.64623874	-0.696464	0.6411393	-0.6146517	0.6563535	0.70104384	0.7144048
-0.514347	0.59661	-0.5424644	-0.5478423	0.6445312	0.56402224	0.5737368	-0.5809709	-0.61730474	-0.6001054	0.5679898	-0.6276992	0.5363907	-0.5827614	-0.52597463	-0.6546904
-0.14527203	0.20969747	-0.20578411	-0.20772669	0.22873165	0.14569058	0.24042387	-0.24431024	-0.19565739	-0.19101755	0.14741209	-0.16056535	0.15094551	-0.17448953	-0.18619968	-0.18348552
0.20409559	-0.24512462	0.26197466	0.20129757	-0.23235507	-0.20472041	-0.20007123	0.28001347	0.18970177	0.17919728	-0.24476534	0.19430812	-0.23101418	0.21139535	0.23303147	0.25845638
-0.31551474	0.30233294	-0.29288188	-0.2934637	0.29309228	0.31279722	0.26571986	-0.29428074	-0.28383845	-0.33476692	0.35405362	-0.3656782	0.3635446	-0.36078045	-0.3454068	-0.3665741
-0.8124199	0.88613963	-0.8892477	-0.84594506	0.8175094	0.8293417	0.79706275	-0.8602919	-0.8903545	-0.8510811	0.8006807	-0.8405656	0.8164578	-0.8107246	-0.8049596	-0.86676925
-0.5921296	0.53032404	-0.61161274	-0.5771992	0.5607258	0.5747424	0.5648102	-0.57437944	-0.55129594	-0.56949407	0.5643692	-0.58795244	0.52938145	-0.5848887	-0.5548116	-0.59316874
0.51257825	-0.5649478	0.57660395	0.63086385	-0.59755754	-0.6282694	-0.57220244	0.6212133	0.61657035	0.55593485	-0.57577944	0.58670896	-0.6283955	0.56458956	0.6310985	0.6228629
0.26835263	-0.26892558	0.26378658	0.21797723	-0.2615517	-0.2773073	-0.26158535	0.23602368	0.25801578	0.21208082	-0.17507225	0.17332977	-0.20374061	0.26332784	0.19354779	0.20237376
-0.64787513	0.73366505	-0.829281	-0.75595844	0.70907456	0.71052235	0.6608929	-0.71004736	-0.8104927	-0.6886018	0.7398117	-0.7520382	0.7297658	-0.6955258	-0.66473216	-0.7254784
0.60605675	-0.573296	0.6648912	0.64377314	-0.6184147	-0.58131266	-0.6083766	0.5864185	0.6103706	0.6358418	-0.6299849	0.641136	-0.62519467	0.6215437	0.5998085	0.63848907
-0.25943196	0.21869473	-0.28929436	-0.26456589	0.20528123	0.24386305	0.26778862	-0.2495451	-0.25457916	-0.25093627	0.25198376	-0.26682296	0.1964421	-0.2483162	-0.29481277	-0.20402732
-0.51437354	0.6350723	-0.6034716	-0.59444743	0.63002217	0.60996747	0.620667	-0.5478742	-0.66389656	-0.6586868	0.591241	-0.5944765	0.63926214	-0.6374642	-0.6026904	-0.61607826
-0.52034503	0.47204527	-0.424944	-0.44249964	0.4749467	0.50122803	0.47113726	-0.45356914	-0.40048784	-0.43471816	0.48146927	-0.4545621	0.44231993	-0.41800982	-0.41697946	-0.49492553
-0.7075975	0.72768366	-0.75730574	-0.7322535	0.76718676	0.7966838	0.7795884	-0.7107054	-0.7549075	-0.7334243	0.7297532	-0.8058485	0.71513057	-0.71350527	-0.7049129	-0.81361395
-0.19171771	0.4790201	-0.5516248	-0.49967778	0.5388099	0.3199278	0.39522842	-0.5067144	-0.6351302	-0.47791973	0.52300966	-0.5267937	0.55057395	-0.4950704	-0.4709354	-0.6005871
0.632807	-0.6238907	0.7047402	0.5955986	-0.6734467	-0.5842562	-0.5891819	0.67465097	0.65661883	0.60769606	-0.679059	0.6639563	-0.59156436	0.59441245	0.6697881	0.6608447
-0.4783703	0.555027	-0.5012968	-0.55599713	0.52336264	0.5054042	0.5135178	-0.5683984	-0.6068652	-0.4855892	0.524021	-0.531961	0.5019182	-0.48654503	-0.48576605	-0.539448
-0.41862923	0.475814	-0.4790044	-0.44665775	0.47279137	0.48908746	0.45678768	-0.47752967	-0.4745923	-0.41394433	0.4316109	-0.476503	0.41806704	-0.4486592	-0.44742155	-0.513228
0.26586053	-0.24255478	0.21820429	0.23119105	-0.26314023	-0.2699058	-0.2241142	0.20739895	0.24842265	0.28309813	-0.20095941	0.2321175	-0.20623998	0.24363118	0.20228662	0.2825054
-0.37659684	0.3962586	-0.36565882	-0.39738682	0.39381123	0.35381907	0.41687724	-0.3559728	-0.38120288	-0.37857714	0.41672572	-0.4106098	0.44366702	-0.44442242	-0.4285723	-0.38483074
0.17698415	-0.18634818	0.14854646	0.14094362	-0.17699307	-0.11111679	-0.13368267	0.110733554	0.12939684	0.18263438	-0.21026227	0.10078402	-0.16334613	0.1404927	0.11700485	0.13637085
-0.04657736	0.04886784	0.0059968694	-0.062812716	0.06531978	0.0006560383	-0.008791229	-0.073098056	-0.08666609	0.0027256608	-6.729734e-05	-0.0014723793	0.04358573	0.008483367	-0.06672665	-0.06845164
-0.6155187	0.6561378	-0.70314157	-0.65450597	0.6679472	0.609405	0.6105478	-0.67175704	-0.66042614	-0.6188517	0.6491843	-0.6868266	0.65047705	-0.6150731	-0.659422	-0.6954902
0.40410653	-0.33506504	0.3700051	0.3070236	-0.36666608	-0.39137343	-0.31105188	0.36455533	0.33299518	0.36071745	-0.37541467	0.31407073	-0.3309884	0.33677676	0.30707374	0.35838795
-0.4746923	0.4907035	-0.55223125	-0.5240322	0.47585917	0.45554614	0.46037623	-0.4948114	-0.5227033	-0.46943226	0.45791593	-0.49981046	0.44015682	-0.48845446	-0.51121616	-0.5209218
-0.5657507	0.6065846	-0.6549448	-0.6691628	0.5895382	0.5658436	0.5906975	-0.5886769	-0.61542267	-0.65698016	0.61423856	-0.62502164	0.6275888	-0.5695533	-0.57157797	-0.65988886
-0.22513348	0.2248095	-0.26537046	-0.23261993	0.29298863	0.29786375	0.29800704	-0.28132802	-0.28077814	-0.2312182	0.30026037	-0.28646004	0.25186977	-0.29525462	-0.21562289	-0.20937471
-0.2799355	0.46389726	-0.40097544	-0.4146966	0.4361691	0.42447093	0.43216097	-0.44461757	-0.4200432	-0.43002614	0.42985725	-0.47171643	0.41173762	-0.4149652	-0.42101607	-0.47516295
0.59755516	-0.64970785	0.6950922	0.66754514	-0.67328566	-0.70041054	-0.68169147	0.68086725	0.7276939	0.703844	-0.6342158	0.6829553	-0.6525048	0.707757	0.67552096	0.7119755
0.48495924	-0.49454916	0.4874221	0.4558904	-0.45097503	-0.40768483	-0.40177304	0.41925922	0.4687969	0.4739534	-0.46119645	0.45051295	-0.3951682	0.48759702	0.44601676	0.4736248
-0.19871126	0.23401728	-0.2067986	-0.15519261	0.18897441	0.14235094	0.16401675	-0.17074886	-0.23282649	-0.15988569	0.24790642	-0.20484522	0.17586105	-0.19262806	-0.18300268	-0.17951964
-0.5499419	0.6459041	-0.7184235	-0.6211997	0.6820723	0.6483147	0.69397026	-0.60289115	-0.6863421	-0.61128473	0.62641704	-0.684991	0.70174396	-0.61424685	-0.65822345	-0.6729112
-0.32351676	0.49344867	-0.5561693	-0.5604357	0.59012985	0.47769687	0.44100446	-0.577884	-0.6860871	-0.4886622	0.62305486	-0.62261224	0.56240225	-0.57491416	-0.5626278	-0.6306787
0.18881689	-0.2117154	0.2741802	0.18698478	-0.24998504	-0.2179187	-0.276699	0.2457909	0.27372867	0.27336848	-0.27805027	0.23753276	-0.18468457	0.27625656	0.18634471	0.2562976
-0.5764326	0.5874897	-0.6134964	-0.5871283	0.6508313	0.6086197	0.61043495	-0.68486243	-0.6441299	-0.6032291	0.6558882	-0.59670275	0.5800345	-0.63027483	-0.6155305	-0.61365426
-0.7742195	0.7232836	-0.7926348	-0.723178	0.72956353	0.73007053	0.74263346	-0.71481866	-0.8105646	-0.7374862	0.79472125	-0.762522	0.7057804	-0.72886354	-0.7671198	-0.7730771
0.08361593	0.053086616	-0.034759745	0.0010405857	0.011640896	-0.027097458	-0.038213726	-0.10334247	-0.05562564	-0.0026050657	0.044595942	-0.051243518	0.0045476547	0.037635732	0.028851498	-0.0138177695
0.08733887	-0.10625004	0.09398426	0.13678892	-0.04182215	-0.09166602	-0.11666742	0.13019052	0.08892831	0.07999579	-0.074144855	0.10920778	-0.060383692	0.13292153	0.056890704	0.09306897
-0.7983726	0.8317382	-0.80192465	-0.8209784	0.82490134	0.7995128	0.8326646	-0.802727	-0.87118256	-0.80054384	0.8386827	-0.80028296	0.8104566	-0.8090061	-0.8302976	-0.81369215
-0.5200217	0.4491899	-0.57384604	-0.4330712	0.45879948	0.48206666	0.44125646	-0.47485796	-0.54538214	-0.50974584	0.46936518	-0.4401251	0.44367597	-0.45113575	-0.52834266	-0.46107003
-0.042152405	0.17876218	-0.23798285	-0.23789641	0.20347057	0.12368049	0.19373564	-0.19024928	-0.24770679	-0.18381584	0.26228794	-0.24220721	0.1732277	-0.20118785	-0.16318484	-0.22997494
-0.50184256	0.3956733	-0.49357468	-0.40245306	0.47648236	0.5014793	0.48840994	-0.48534006	-0.4312474	-0.4452807	0.39632112	-0.4576325	0.45277813	-0.41384536	-0.47029454	-0.5029751
-0.1350612	0.054562718	0.047584817	-0.02763325	0.109269515	0.040495157	0.08934039	0.01957763	-0.059721824	-0.10309625	0.068215795	-0.06690074	0.009641017	-0.050414354	-0.06808876	-0.094529495
-0.62247866	0.6813768	-0.69601375	-0.67491025	0.75828284	0.65119493	0.6498024	-0.7600611	-0.7826725	-0.6942481	0.71416813	-0.75759774	0.71518975	-0.7265078	-0.738643	-0.776435
-0.6857741	0.69572693	-0.7006923	-0.69188845	0.6383107	0.69996226	0.6966664	-0.6476434	-0.68011326	-0.7138195	0.65301967	-0.6667443	0.6380198	-0.64616185	-0.64836806	-0.6775506
-0.57184255	0.6892121	-0.68626	-0.7197168	0.7160701	0.6570713	0.6661726	-0.70765364	-0.73228866	-0.7097813	0.646196	-0.6973922	0.69433105	-0.6528744	-0.6589632	-0.7632513
0.24742663	-0.2388612	0.25012994	0.23150459	-0.25321507	-0.22862454	-0.22807878	0.2848709	0.21348768	0.2690995	-0.204012	0.26228407	-0.22043887	0.23494177	0.18910782	0.28172293
0.3224703	-0.24127528	0.2789282	0.32077405	-0.29085216	-0.25134897	-0.26627216	0.30542699	0.2826558	0.26403135	-0.32871512	0.3187274	-0.25662524	0.26597953	0.25980854	0.24997008
-0.5462934	0.572921	-0.5963519	-0.6481029	0.6844157	0.60852444	0.6402549	-0.67140764	-0.6595288	-0.6100859	0.59203744	-0.66089267	0.5808698	-0.6415339	-0.6449638	-0.6645222
-0.25291106	0.5519412	-0.5485552	-0.5129377	0.58782643	0.40942913	0.43126282	-0.5745835	-0.6513495	-0.47389057	0.54760045	-0.5924141	0.5824287	-0.49099347	-0.48145697	-0.6488534
-0.1872235	0.2193098	-0.26939565	-0.26974073	0.24776696	0.20925187	0.23572351	-0.3464927	-0.24992557	-0.2203148	0.25289458	-0.25076446	0.29851675	-0.22294894	-0.20352116	-0.26419678
0.07768662	-0.06295295	-0.008845867	-0.044258613	0.0005263089	-0.020731779	-0.015986461	-0.01947988	-0.0543164	0.024510864	0.04825948	0.0015617567	0.037224654	0.060990866	0.026096027	0.014569439
-0.39044845	0.46798924	-0.5083799	-0.41190282	0.49959692	0.45144087	0.4014455	-0.4208167	-0.46346134	-0.4739351	0.4957615	-0.4590539	0.43738168	-0.42070085	-0.45441553	-0.43262208
-0.48859084	0.554068	-0.63485295	-0.59303594	0.5662327	0.576201	0.5445265	-0.548402	-0.62175053	-0.57836527	0.58501124	-0.60219646	0.58527195	-0.6152803	-0.6045332	-0.57018656
0.3663746	-0.3116285	0.26817912	0.3279163	-0.2775561	-0.3538358	-0.34178364	0.3154122	0.26701516	0.30051056	-0.34660086	0.34515962	-0.32373053	0.31114396	0.2876463	0.3027234
-0.7799035	0.8471853	-0.8576221	-0.81710654	0.82347065	0.8206602	0.82403105	-0.7093455	-0.8925602	-0.7994168	0.81808513	-0.7968253	0.815872	-0.7865944	-0.75422853	-0.8501685
0.007346805	-0.013724976	0.051590726	0.066945784	-0.08063755	-0.09317412	-0.09303177	0.07127342	0.011788561	0.10303472	-0.114356495	0.014129626	-0.059771422	0.109785415	0.08910531	0.056842104
0.15295348	-0.095736645	0.07131026	0.07030263	-0.045998547	-0.04754606	-0.09002742	0.062445015	0.07519747	0.07983176	-0.08021692	0.0590367	-0.043321475	0.07665235	0.045957264	0.01394066
-0.16521764	0.23947662	-0.2976642	-0.27297685	0.34058177	0.27076438	0.24286789	-0.3504924	-0.2957944	-0.2879325	0.3370918	-0.3188152	0.3072223	-0.26421162	-0.2991055	-0.33625233
0.053316005	0.20708786	-0.24600035	-0.2637741	0.2687253	0.08911679	0.13438188	-0.30659553	-0.39257407	-0.1525429	0.26169956	-0.2566204	0.26722246	-0.18551096	-0.19407094	-0.3570612
0.12369385	-0.09228875	0.06552671	0.012843722	-0.051931143	-0.101958424	-0.087251514	0.0597398	0.05184686	0.058311313	-0.09089249	0.046697196	-0.029717	0.069915675	0.082548626	0.056776486
0.25805718	-0.17671047	0.2741848	0.24261871	-0.2433578	-0.2644246	-0.25388345	0.1977046	0.2796402	0.17635317	-0.21347463	0.22256106	-0.26812577	0.25792193	0.20925778	0.26546592
-0.6234988	0.76141745	-0.75501806	-0.76966214	0.6852134	0.7319358	0.7056309	-0.68911093	-0.80165565	-0.68218285	0.7103038	-0.6806855	0.7076203	-0.7598145	-0.677519	-0.7034094
-0.78055096	0.8671427	-0.863543	-0.84080243	0.89047706	0.8591379	0.88417304	-0.91528875	-0.9021221	-0.82840014	0.8844436	-0.8992561	0.86269736	-0.83551985	-0.84665126	-0.9035886
-0.54378325	0.58613634	-0.5394921	-0.5093805	0.5735684	0.59672755	0.5741957	-0.549993	-0.62599087	-0.6141314	0.53249615	-0.5842715	0.5804979	-0.586947	-0.56710243	-0.5977133
-0.447024	0.5243746	-0.6245818	-0.5436578	0.6006533	0.5090594	0.51180756	-0.5663117	-0.6327663	-0.538876	0.6127885	-0.61953455	0.5806502	-0.54760784	-0.5368561	-0.61033034
-0.7035841	0.741766	-0.6875254	-0.6654433	0.7291937	0.71282804	0.69904554	-0.7363875	-0.7229698	-0.74234897	0.7073898	-0.71238863	0.71892726	-0.69184864	-0.72130805	-0.7117582
-0.6095962	0.70183945	-0.73223126	-0.6871727	0.6505608	0.7129251	0.66667783	-0.644019	-0.72402984	-0.69550014	0.69336915	-0.726394	0.6260325	-0.6478878	-0.6319494	-0.70115125
0.19209197	-0.30043718	0.26357847	0.28090644	-0.32939267	-0.28827572	-0.23838605	0.2632179	0.395108	0.2813681	-0.3486004	0.27680686	-0.22351618	0.24094991	0.2897615	0.34219402
0.3779814	-0.4506878	0.46358556	0.48382556	-0.4672522	-0.44346863	-0.5179564	0.45635846	0.5143026	0.4916039	-0.5218883	0.5037243	-0.47021836	0.48533133	0.49923682	0.501766
0.07228419	-0.00041266961	0.09687456	0.07568722	-0.06528011	-0.061989963	-0.03863148	0.06463981	0.047738507	0.0070782197	-0.08374782	0.07583983	-0.093974054	0.065861836	0.05120746	0.066031955
0.09122534	0.45420647	-0.37010777	-0.5348772	0.60854036	0.20364696	0.23197117	-0.456608	-0.6727217	-0.3866186	0.5186487	-0.5912138	0.4849446	-0.40625384	-0.44161198	-0.60536224
-0.22715995	0.15212369	-0.23249479	-0.17226733	0.22093841	0.16175999	0.198035	-0.23111732	-0.23920031	-0.16663866	0.19351871	-0.15204108	0.19140182	-0.15378433	-0.21712063	-0.18793721
-0.23576972	0.2716578	-0.24135417	-0.2855229	0.24954382	0.24246538	0.30760896	-0.26371375	-0.30784598	-0.24490033	0.245078	-0.28387326	0.24231042	-0.24040458	-0.30277684	-0.29112348
-0.8635857	0.9146296	-0.8833266	-0.89338654	0.94090164	0.86975116	0.83952016	-0.8613145	-0.8893472	-0.90927136	0.8953621	-0.91871643	0.8285436	-0.8317403	-0.8813703	-0.9384381
0.291466	-0.24371363	0.28143933	0.329483	-0.24540891	-0.29365665	-0.3059508	0.33907565	0.31964836	0.24059968	-0.26008347	0.2823351	-0.30369344	0.2901231	0.2571062	0.26195842
-0.39515	0.40719202	-0.3988089	-0.43800357	0.44848543	0.36120275	0.37514973	-0.4492272	-0.43515953	-0.39021778	0.39021796	-0.38236138	0.3951944	-0.3762229	-0.3870048	-0.42746928
-0.84943765	0.86542505	-0.9040556	-0.82178885	0.8794442	0.872653	0.8028125	-0.8129269	-0.89250475	-0.89455444	0.82237816	-0.820645	0.863041	-0.8964621	-0.88208514	-0.8644253
-0.5264266	0.6405349	-0.68854475	-0.5987019	0.61581314	0.6130902	0.6381266	-0.63130075	-0.7195434	-0.6139084	0.6346899	-0.6478447	0.6212845	-0.5736286	-0.65716046	-0.69452244
-0.70090425	0.78953487	-0.809538	-0.81637293	0.83760047	0.8129699	0.8126395	-0.7860829	-0.8628314	-0.8084859	0.76908326	-0.7737497	0.8120566	-0.8103864	-0.7456306	-0.8387522
0.23958121	-0.24074271	0.316831	0.22192505	-0.28524628	-0.20416428	-0.29965922	0.22545925	0.24920943	0.24350227	-0.2719576	0.27526653	-0.22365831	0.24591918	0.27123958	0.22872815
0.5969008	-0.6714042	0.62471217	0.5906008	-0.68303406	-0.62579626	-0.61208004	0.58577836	0.6989511	0.65262675	-0.6542207	0.64208996	-0.59842044	0.66749954	0.6686004	0.6487698
-0.0047955373	0.055036467	0.016642341	0.0007446831	0.03873198	0.030226696	0.03883223	0.024783341	-0.052954167	-0.01255091	-0.019779485	-0.004140182	0.00048033238	-0.052346207	-0.053563256	-0.002199978
-0.7125064	0.70266974	-0.65395576	-0.6987327	0.69430846	0.62663716	0.6956256	-0.6569953	-0.71963435	-0.6224058	0.6146367	-0.6807951	0.69710153	-0.6554209	-0.66378415	-0.6885322
0.6528864	-0.6119125	0.6629859	0.6793594	-0.70042974	-0.5875714	-0.61334455	0.6589967	0.6585766	0.60379225	-0.6534866	0.66625756	-0.6351124	0.6066093	0.6612503	0.6987909
0.19259211	-0.1785901	0.14742872	0.10231147	-0.14464027	-0.113740034	-0.16920976	0.11872122	0.14626428	0.09945315	-0.17640366	0.18551564	-0.16444552	0.1436285	0.17651032	0.18201032
-0.28441545	0.33127683	-0.3843892	-0.34701478	0.29857212	0.3494472	0.34818932	-0.32213336	-0.37850773	-0.35897028	0.31118208	-0.27446437	0.34372187	-0.32977566	-0.27950698	-0.34298223
-0.35885653	0.4044451	-0.5070292	-0.4931979	0.46157286	0.40995166	0.42532212	-0.5121027	-0.48934633	-0.42771605	0.475202	-0.4726563	0.48234048	-0.40834996	-0.4818214	-0.50903976
-0.057201732	-0.00766238	0.0067135743	0.006819539	0.010739114	0.020018164	0.024700629	-0.013628985	0.024306512	-0.032224562	-0.03391209	0.0360836	0.025153676	-0.03618386	-0.011069321	-0.03195561
0.1288873	-0.052340675	0.100519635	0.0579598	-0.07761682	-0.06665397	-0.09381489	0.10882523	0.11579586	0.14205219	-0.09836122	0.14226793	-0.124963455	0.12918685	0.078072205	0.059349947
-0.8212535	0.8208147	-0.8756775	-0.8318845	0.85635096	0.84773153	0.8478585	-0.80892247	-0.8198605	-0.78478956	0.78712136	-0.79075867	0.84804106	-0.80590874	-0.76581496	-0.81471795
-0.047444474	0.05979731	-0.060685452	-0.014261006	0.061967928	0.033190694	0.04126636	-0.043778628	-0.05008235	0.0027676737	0.048571702	0.012893071	0.061866328	-0.024609573	0.014640175	-0.029889746
-0.35124877	0.37918276	-0.36883396	-0.33662513	0.43284458	0.35551018	0.40997747	-0.39375663	-0.37786287	-0.39195737	0.4220781	-0.3952942	0.34393352	-0.41583082	-0.3576498	-0.35004032
-0.7958824	0.82356876	-0.83217967	-0.79541856	0.7758255	0.83016837	0.7432683	-0.8108478	-0.82452667	-0.77973485	0.7622935	-0.8150048	0.7504166	-0.746519	-0.74738747	-0.82827693
-0.2940185	0.34711942	-0.28813797	-0.31796086	0.31769967	0.26769546	0.2827227	-0.36349088	-0.35776132	-0.3097081	0.2739921	-0.29128143	0.33541113	-0.29115093	-0.32661092	-0.29133868
-0.3001887	0.1891891	-0.27837402	-0.22085339	0.19655912	0.28778195	0.25688547	-0.254748	-0.23828728	-0.27031526	0.2527936	-0.2532533	0.1946883	-0.26305804	-0.2680004	-0.20954068
0.810166	-0.79540694	0.8739891	0.7953929	-0.84478754	-0.8445556	-0.8222367	0.8462189	0.8471909	0.8390799	-0.8184425	0.8003548	-0.83593684	0.86492044	0.8478892	0.87030596
0.1900933	-0.2926193	0.21436316	0.20811836	-0.23794942	-0.25631595	-0.25740108	0.26429778	0.29955354	0.23558591	-0.20910934	0.24380581	-0.21874674	0.22282113	0.20622844	0.20933269
-0.30054092	0.30908895	-0.38881943	-0.31449842	0.3693636	0.3109013	0.38116792	-0.3442978	-0.3798489	-0.3369489	0.36289534	-0.3093289	0.31043845	-0.33193517	-0.3104137	-0.3356744
0.0898086	-0.07078555	0.10307565	0.05858455	-0.1288033	-0.073282614	-0.112193234	0.12334625	0.10581309	0.14299206	-0.123487964	0.14093678	-0.15189064	0.1092114	0.086850725	0.1108524
0.03994957	-0.07898748	0.03698543	0.0565626	-0.0063496735	0.01859318	-0.004319363	-0.014793972	0.025908243	0.010726985	-0.06561124	0.06204135	-0.04745866	-0.00022957596	0.061512724	0.08028208
0.5214271	-0.5606377	0.5386244	0.5867198	-0.54385793	-0.5508213	-0.53372777	0.58284086	0.6287075	0.5939494	-0.6211299	0.57706845	-0.6142195	0.5907635	0.58167565	0.6386586
-0.3025441	0.3478505	-0.30630457	-0.34768587	0.32330152	0.33678472	0.35745138	-0.38808623	-0.39782852	-0.34505665	0.35636175	-0.354785	0.38256446	-0.35025048	-0.3256858	-0.3838627
0.2492743	-0.23199895	0.19442882	0.25691563	-0.28909874	-0.2245992	-0.24445838	0.24340701	0.26915273	0.28900033	-0.20458575	0.2359913	-0.28940463	0.23901421	0.28936607	0.28836632
0.7957673	-0.7572123	0.72578895	0.8227918	-0.7694918	-0.7725376	-0.7970416	0.7648331	0.82303554	0.74914896	-0.78849316	0.825957	-0.8185119	0.76931214	0.77315235	0.80924886
-0.041058958	0.13391195	-0.22294492	-0.2741342	0.27102765	0.12337904	0.104573	-0.23765106	-0.24234499	-0.13322334	0.2034784	-0.19883047	0.261752	-0.14174998	-0.14490359	-0.20101728
-0.28567684	0.41050586	-0.46529102	-0.46581876	0.47680032	0.3415797	0.42041448	-0.4931622	-0.55763716	-0.3997463	0.51289475	-0.54479784	0.47707555	-0.412068	-0.47713232	-0.52730614
-0.64732075	0.59523696	-0.63206846	-0.5641539	0.56912076	0.61503893	0.63222796	-0.5644586	-0.5756559	-0.578777	0.55346143	-0.63629144	0.6327653	-0.6326969	-0.58570766	-0.63836396
0.36870447	-0.37816378	0.37503356	0.3818251	-0.40621972	-0.34665462	-0.3771831	0.35993862	0.32182863	0.34580266	-0.36531764	0.40741354	-0.36957273	0.36617646	0.38643193	0.40843868
0.73272556	-0.7761453	0.82275623	0.73334503	-0.7881381	-0.7244559	-0.79352325	0.71745956	0.8069568	0.7509186	-0.72950524	0.7170369	-0.70162314	0.72759545	0.74623	0.80932677
0.28652227	-0.16851088	0.22008193	0.2050924	-0.15863116	-0.22615263	-0.22306243	0.2677833	0.20663334	0.23849149	-0.2168653	0.17999576	-0.20851701	0.26383692	0.24920508	0.23633096
0.90930134	-0.91397446	0.8941918	0.847733	-0.9142569	-0.9308541	-0.92325723	0.9288184	0.89485323	0.94025856	-0.94033504	0.9157114	-0.903438	0.8973061	0.9258239	0.9503795
0.6683988	-0.7304601	0.7275094	0.7170189	-0.6690739	-0.67479616	-0.7032599	0.69177663	0.74658245	0.7099807	-0.71825725	0.68869317	-0.72267526	0.7313253	0.73425263	0.7461852
0.13215601	-0.13859208	0.113549784	0.1904898	-0.20640953	-0.19538422	-0.12317697	0.17153455	0.12429656	0.15894148	-0.17301717	0.1840655	-0.14436653	0.20270212	0.11054262	0.1179514
-0.0942002	0.41186407	-0.4718002	-0.5210807	0.5925015	0.3069714	0.3101636	-0.54129165	-0.65883267	-0.4523773	0.5091154	-0.56874895	0.48496112	-0.43345606	-0.4648308	-0.6465685
0.73754364	-0.6691882	0.7568151	0.7610754	-0.7660694	-0.7009995	-0.74513227	0.68448305	0.73685485	0.7363179	-0.7006243	0.68820447	-0.694639	0.7054156	0.72118473	0.7392585
-0.46595898	0.4134167	-0.47616363	-0.47209036	0.42234805	0.49380523	0.47591305	-0.44157577	-0.514508	-0.4550542	0.45255122	-0.5116883	0.44896728	-0.46049973	-0.50224036	-0.44359192
-0.80119246	0.87575984	-0.89554495	-0.7982688	0.8547003	0.8222211	0.8403501	-0.79607755	-0.91237825	-0.859727	0.84950835	-0.87253886	0.82258296	-0.8257323	-0.8777834	-0.8349897
-0.33104742	0.35699618	-0.35999578	-0.36647356	0.38981217	0.33017346	0.36710334	-0.43002823	-0.45295846	-0.38084406	0.360513	-0.40906477	0.40301445	-0.4037027	-0.35923168	-0.45739725
-0.4252808	0.49481225	-0.5240006	-0.47312838	0.45406044	0.47364336	0.5102625	-0.46643168	-0.5469689	-0.4853326	0.48447508	-0.5072339	0.4802537	-0.48474008	-0.4660174	-0.5203436
0.05955741	-0.05474692	0.06463796	0.043844916	-0.09434734	-0.08491197	-0.09103842	0.0070725745	0.03615793	0.07177445	-0.081465304	0.095594645	-0.103564	0.067085326	0.026843026	0.008745269
-0.30911767	0.26517805	-0.31107372	-0.32969874	0.32793617	0.31801024	0.35480803	-0.27603602	-0.2641021	-0.33419186	0.29599395	-0.266479	0.30702725	-0.3223991	-0.2720487	-0.35176808
1.0397676	-1.0191624	1.1400712	1.0325868	-1.0858248	-1.09374	-1.0168034	1.0716803	1.1347731	1.1149123	-1.1051958	1.0573264	-1.0972415	1.0872464	1.0885571	1.1139657
-0.49071816	0.53105253	-0.55929047	-0.48045272	0.5126618	0.51336527	0.4716194	-0.52377343	-0.5479782	-0.53481	0.5187567	-0.5196174	0.54819936	-0.53916407	-0.5475188	-0.5161682
-0.0047444403	0.061980736	-0.06361278	-0.018548356	-0.015718555	0.07697085	0.0014851508	-0.030622976	-0.06839271	-0.0005954913	0.026672844	-0.071877815	0.083669975	-0.03742812	-0.020925546	-0.057933297
-0.048594303	-0.017735789	-0.024341695	-0.04301039	0.03808296	0.032530315	0.06451195	0.008394448	-0.00082642026	-0.082145244	0.049293872	0.013254459	0.03192235	-0.02055126	-0.05662612	-0.060243856
0.7163332	-0.6949748	0.7431279	0.7189274	-0.7324413	-0.7395176	-0.7523358	0.659124	0.79549104	0.6729532	-0.7344375	0.749062	-0.71860445	0.71820444	0.7234519	0.7577213
-0.5540415	0.64955634	-0.67813116	-0.66241664	0.6990013	0.58296835	0.6154883	-0.5980715	-0.7079944	-0.62206024	0.676784	-0.6152398	0.663097	-0.6381878	-0.6487481	-0.6318234
0.14264597	-0.13590299	0.09563092	0.13804737	-0.1506594	-0.14695205	-0.13737564	0.14731897	0.10717354	0.08130577	-0.10066199	0.15641008	-0.09970231	0.10595595	0.11023078	0.17092286
0.69518274	-0.64976054	0.6695076	0.6515435	-0.68941575	-0.65549475	-0.66861165	0.6368587	0.7312167	0.63925344	-0.6823811	0.7347182	-0.7212147	0.6401836	0.7004891	0.6800659
0.3337892	-0.49554437	0.4798342	0.43112412	-0.542858	-0.44823378	-0.47153005	0.4659016	0.6363707	0.48917416	-0.46525893	0.5586976	-0.47476387	0.51853967	0.46127295	0.5972071
-0.56424606	0.6189599	-0.62115407	-0.6326494	0.6976046	0.6644737	0.6818873	-0.58462775	-0.63831574	-0.640758	0.6305681	-0.6818335	0.5901826	-0.6204606	-0.6604979	-0.6283594
-0.36495665	0.48473662	-0.5596815	-0.5544345	0.5576656	0.4531821	0.45489028	-0.54148626	-0.6283707	-0.48959154	0.5527427	-0.5756254	0.5466415	-0.49257222	-0.49521983	-0.62269413
-0.59203297	0.5677459	-0.6439348	-0.6120651	0.6464622	0.62566876	0.62763804	-0.5640778	-0.63326114	-0.6264728	0.57201093	-0.58375806	0.5800384	-0.5816895	-0.637112	-0.624993
-0.5490336	0.6284365	-0.61951005	-0.63601476	0.6157005	0.6325326	0.63400286	-0.6291486	-0.62911946	-0.59241855	0.59528226	-0.5564523	0.624747	-0.57267255	-0.5454624	-0.63334304
-0.5948462	0.6154435	-0.64331007	-0.5988042	0.6807872	0.66479814	0.61625963	-0.6283568	-0.736385	-0.596172	0.67726755	-0.6039066	0.59233725	-0.6413914	-0.6416424	-0.69031835
0.5780672	-0.59992266	0.6670297	0.6676798	-0.69106156	-0.67786074	-0.65334547	0.6264662	0.65989023	0.58781314	-0.6558106	0.63692003	-0.58550847	0.64661014	0.6224778	0.70219195
-0.8887376	0.92559206	-0.874205	-0.9370096	0.9523551	0.9352198	0.85448307	-0.9154846	-0.93194646	-0.86156684	0.8880127	-0.9072045	0.8995881	-0.91352946	-0.87865406	-0.9046588
0.6472114	-0.7127437	0.70632774	0.71976745	-0.7750374	-0.7457929	-0.67035514	0.7167404	0.7835731	0.7404721	-0.7672108	0.7634133	-0.7349031	0.69555527	0.7425007	0.73826253
0.70460516	-0.72577924	0.7583472	0.7109604	-0.70782125	-0.7433139	-0.6853449	0.65865	0.8276935	0.7498411	-0.7812779	0.7571111	-0.74854404	0.6923687	0.7378469	0.73235697
0.53798115	-0.5520284	0.57399446	0.52388626	-0.5675711	-0.5685	-0.52385336	0.55710137	0.5375488	0.5444011	-0.5582947	0.5575796	-0.5713348	0.52491564	0.5554169	0.50294983
0.5609651	-0.6518054	0.5893418	0.5533697	-0.66987664	-0.5918563	-0.6428379	0.5643972	0.6517934	0.6479691	-0.6410985	0.64131	-0.5709235	0.6055465	0.62935007	0.5902183
0.057016168	-0.0053325538	-0.0968568	-0.12999111	0.05917418	-0.048592273	0.052777722	-0.15552369	-0.06603566	-0.061514582	0.10933197	-0.059408262	0.16843152	-0.06260573	0.0016368179	-0.044709526
-0.8367342	0.808134	-0.8541935	-0.8396534	0.82930166	0.8499908	0.81390643	-0.77600324	-0.8245551	-0.8329197	0.83681864	-0.84631556	0.82752764	-0.778528	-0.8589801	-0.8968968
0.46038595	-0.5197873	0.5091233	0.4607278	-0.5533271	-0.4811097	-0.47647196	0.5148469	0.54485697	0.452619	-0.48000795	0.51809865	-0.50288475	0.46993965	0.4773202	0.54062045
-0.5850565	0.5864634	-0.5973315	-0.61993283	0.60201746	0.55669516	0.5744356	-0.5403254	-0.59596515	-0.58579403	0.58770084	-0.5656722	0.6175799	-0.59911025	-0.62080646	-0.65027016
0.38608742	-0.40118724	0.42069596	0.43297926	-0.44000474	-0.38902748	-0.4050689	0.4136376	0.5257891	0.38607508	-0.46836403	0.41024998	-0.3797695	0.4096667	0.4654336	0.45578206
-0.2514076	0.29627827	-0.3395124	-0.26016077	0.27811897	0.26741174	0.3479779	-0.29145506	-0.3548075	-0.3135477	0.33928716	-0.3093611	0.32880622	-0.2946803	-0.33723667	-0.32156068
0.5714146	-0.6291879	0.5455058	0.53020024	-0.57620937	-0.60868365	-0.60032535	0.53878033	0.62798476	0.56263226	-0.5965917	0.5918347	-0.577683	0.57210946	0.5976786	0.6444635
-0.04678085	-0.029620497	-0.019351114	-0.04340923	0.001888745	0.058396924	0.053143382	-0.06026829	-0.0014580179	-0.040560015	0.038761664	0.019533442	0.004276264	-0.01830019	-0.026612563	-0.044363424
0.33177927	-0.5028237	0.40046197	0.49116644	-0.55515766	-0.44928896	-0.47880793	0.4716561	0.60078895	0.47891918	-0.48262557	0.47613978	-0.4987995	0.48034167	0.46349442	0.55154645
0.62420106	-0.62810045	0.63111854	0.6380434	-0.6484473	-0.6050984	-0.63642895	0.64848197	0.638437	0.61541665	-0.597845	0.588526	-0.5771472	0.60968906	0.6455866	0.6461861
0.2156065	-0.18589912	0.2803534	0.26141912	-0.2571292	-0.19723271	-0.24501489	0.20992981	0.24838442	0.21256627	-0.22869653	0.2242197	-0.2483099	0.21222952	0.22495775	0.23341495
-0.3386891	0.38049927	-0.40558708	-0.36778182	0.3776861	0.41117862	0.32118228	-0.33019218	-0.37851945	-0.40006325	0.40043607	-0.33125472	0.3956168	-0.35304192	-0.35129458	-0.38186398
-0.24864115	0.2657809	-0.31279933	-0.2504758	0.28750032	0.33587015	0.31533432	-0.31814924	-0.29842484	-0.31282794	0.28788483	-0.29743606	0.26565605	-0.29740825	-0.353365	-0.29411322
0.14143352	-0.12663205	0.14278676	0.13528258	-0.07479089	-0.13784188	-0.1342062	0.11315659	0.1667318	0.087315455	-0.06748322	0.09583588	-0.08213952	0.1284599	0.10385835	0.073102966
-0.0024999238	0.025085054	-0.033838887	-0.07792828	0.060682077	0.029084628	0.03522457	-0.09360511	-0.020427218	-0.07122378	0.052508958	-0.02978977	0.03424789	-0.03595077	-0.040627487	-0.07317377
-0.33656064	0.3309299	-0.32440335	-0.30368128	0.3640149	0.32770485	0.29667252	-0.37190226	-0.34945875	-0.3017036	0.35939083	-0.37099698	0.34786326	-0.32512033	-0.30853096	-0.38909128
-0.58390117	0.6403305	-0.6054882	-0.65934485	0.6550313	0.6140615	0.6126756	-0.6419498	-0.6490921	-0.6439092	0.59297854	-0.6353098	0.6513178	-0.6244134	-0.65112525	-0.61672896
0.6040755	-0.6199115	0.69042385	0.58873826	-0.63449603	-0.6013647	-0.66087157	0.68726796	0.7468101	0.65888655	-0.67791706	0.7081417	-0.6119007	0.62038374	0.69226915	0.7398529
0.81577134	-0.9196832	0.8486834	0.83326745	-0.858171	-0.8626029	-0.8869198	0.9184864	0.9040072	0.89826065	-0.87916696	0.89292103	-0.8219381	0.8822749	0.85151106	0.88757044
-0.067869514	0.1337734	-0.1100948	-0.09023001	0.17269492	0.14391181	0.12510605	-0.093985975	-0.15283331	-0.123408094	0.13377693	-0.10126848	0.08542208	-0.096128404	-0.08533864	-0.07784916
0.51059854	-0.5245414	0.50459486	0.48103452	-0.5227278	-0.5419124	-0.53260666	0.54073465	0.6196531	0.52002716	-0.519998	0.5808124	-0.5108376	0.51787984	0.49111488	0.5920773
0.77518666	-0.79860514	0.72711223	0.8048103	-0.81916857	-0.7911445	-0.7587926	0.7824854	0.8668071	0.7839948	-0.78359866	0.83051735	-0.7801368	0.77903223	0.8119469	0.8214819
0.6791137	-0.75897324	0.78189385	0.6969346	-0.67932165	-0.6834081	-0.7149644	0.6851889	0.7174753	0.7369245	-0.7283428	0.7450127	-0.7431455	0.69352764	0.7436637	0.7091462
0.56207955	-0.6347851	0.66637826	0.61747426	-0.6142375	-0.63121027	-0.59838915	0.67252684	0.7399697	0.67136735	-0.67349005	0.65607625	-0.5574494	0.6169721	0.6114642	0.68717617
-0.33357173	0.46578717	-0.48649287	-0.4226504	0.5034491	0.41625002	0.39301333	-0.4544704	-0.48353022	-0.44953224	0.44252494	-0.5086882	0.46649194	-0.48202866	-0.42246825	-0.45487934
0.3586291	-0.37235925	0.32389307	0.25415918	-0.36814284	-0.3258289	-0.3197506	0.3113625	0.3583205	0.3248591	-0.32249624	0.3671589	-0.28475285	0.27869534	0.2813609	0.3709004
-0.7028624	0.67678356	-0.7001982	-0.70342535	0.6798731	0.6069959	0.6893524	-0.65602916	-0.72279686	-0.60558033	0.68835413	-0.6945475	0.6777581	-0.6549356	-0.6486408	-0.633338
0.33022612	-0.3281937	0.3319818	0.33857548	-0.38460565	-0.37554502	-0.4004885	0.3417465	0.4113745	0.39408764	-0.3981096	0.3516182	-0.35711196	0.38553596	0.3351756	0.38802284
0.49959555	-0.5029521	0.56080896	0.58099973	-0.58497965	-0.5205346	-0.58232594	0.49822852	0.5838543	0.5191294	-0.5111079	0.528003	-0.4888055	0.49992296	0.5148887	0.590103
-0.1038606	0.14590763	-0.058201604	-0.17177504	0.15012904	0.10914389	0.100824386	-0.0978143	-0.18849277	-0.15492839	0.17718776	-0.09311468	0.1045878	-0.1442883	-0.111500986	-0.17545971
-0.7833417	0.7923736	-0.77991927	-0.7642724	0.7763363	0.75206983	0.820842	-0.71556115	-0.7834723	-0.743874	0.72804713	-0.81370974	0.75129956	-0.7641629	-0.7519549	-0.7721352
-0.51279896	0.47299054	-0.53152305	-0.4660392	0.46930426	0.44629526	0.4519038	-0.5287848	-0.51470006	-0.46660122	0.42073548	-0.49512717	0.48409182	-0.50586444	-0.47850224	-0.44031042
0.21427837	-0.28463635	0.25022912	0.2159715	-0.32402995	-0.2960989	-0.2264268	0.21780342	0.31864017	0.3200463	-0.2458209	0.28614458	-0.21047074	0.27783808	0.2674508	0.28796822
0.51382214	-0.53678644	0.54535687	0.5472816	-0.49393424	-0.56581914	-0.56636506	0.54772294	0.55951375	0.5354319	-0.53404516	0.5675758	-0.49942288	0.5253892	0.5042882	0.5265806
0.4339622	-0.43407315	0.40674	0.37445283	-0.36657074	-0.3518449	-0.39368543	0.4028717	0.40358067	0.34427938	-0.37233123	0.38331565	-0.41091585	0.3575699	0.3719476	0.37684003
-0.5252857	0.5032181	-0.5650732	-0.54383516	0.49547213	0.53982913	0.50828415	-0.46515724	-0.5728638	-0.49187958	0.46869588	-0.4702746	0.458862	-0.5088621	-0.48604068	-0.5336397
0.48675776	-0.52769494	0.5376491	0.53031373	-0.5360709	-0.49067974	-0.5152389	0.47916517	0.5466384	0.5485859	-0.5644049	0.54406357	-0.47412926	0.47653002	0.5545512	0.56048334
0.5369657	-0.62131	0.6491798	0.5800095	-0.6887634	-0.5747193	-0.62019414	0.6074147	0.652442	0.59688765	-0.5944315	0.6323968	-0.5749865	0.6112315	0.6280413	0.6413096
0.35602587	-0.4312075	0.35542172	0.42387357	-0.40003976	-0.4356999	-0.43054405	0.3379558	0.47594643	0.4544095	-0.43432966	0.4037696	-0.38399586	0.45205072	0.36227486	0.4213403
0.3244324	-0.28728098	0.22994599	0.26991364	-0.31758958	-0.2381161	-0.2400523	0.227826	0.34104207	0.28246945	-0.26870292	0.31627792	-0.31804368	0.33090237	0.26174486	0.32455045
-0.7231572	0.7095554	-0.75235254	-0.7329417	0.7620513	0.7117453	0.7499082	-0.74519074	-0.76488197	-0.7137644	0.7386645	-0.79362965	0.6869061	-0.7198301	-0.73316765	-0.82032853
-0.6190892	0.5587006	-0.6197756	-0.5291695	0.59555274	0.60433733	0.52377003	-0.61804724	-0.56577426	-0.57363045	0.5442283	-0.51822346	0.5465796	-0.52938354	-0.53923434	-0.57537514
-0.6467846	0.6919484	-0.73756737	-0.75518984	0.7823437	0.6913198	0.7370336	-0.74624807	-0.8270136	-0.72083545	0.7574997	-0.75082034	0.72812176	-0.681711	-0.7236491	-0.81925076
-0.67667544	0.56059766	-0.6888172	-0.60635304	0.625179	0.62813145	0.5732088	-0.6020041	-0.58360136	-0.57715905	0.60008425	-0.62318426	0.55641556	-0.6110197	-0.56618696	-0.6164469
0.6420763	-0.6672178	0.6501598	0.7052802	-0.66194856	-0.6698617	-0.7145959	0.6205689	0.72255284	0.64052445	-0.64178175	0.6381909	-0.60746163	0.7037474	0.66093975	0.6768302
0.7110107	-0.63222754	0.6952653	0.6288479	-0.6668753	-0.61430097	-0.6243369	0.6432726	0.72588366	0.6246664	-0.67293745	0.612824	-0.6368235	0.6380563	0.67555946	0.66325283
-0.34383687	0.38432547	-0.32676622	-0.35247445	0.3796949	0.35829747	0.35192534	-0.3480223	-0.38210863	-0.35017073	0.38441944	-0.3329602	0.39338452	-0.3556614	-0.33661965	-0.3884691
0.07456892	-0.07148087	0.035090826	0.045774914	-0.068066634	-0.002681797	-0.04878968	-0.012894753	0.01673668	-0.010199593	-0.021500703	0.062134534	-0.03703695	0.028788757	-0.020909613	-0.0041277865
0.08343881	-0.069862574	0.007588545	-0.0029776553	-0.00256201	-0.047093783	-0.0128285475	0.035144065	-0.005149972	-0.0015435292	-0.06383393	-0.017181346	-0.023118356	0.020409059	0.028634768	0.061664276
0.63868004	-0.61236715	0.6474938	0.6590126	-0.7044846	-0.65560305	-0.66478527	0.5866682	0.71719724	0.64257914	-0.6166263	0.65753025	-0.6024083	0.6681976	0.6865174	0.6563473
-0.103774145	0.099119544	-0.06383627	-0.11049836	0.13062607	0.07259206	0.094585024	-0.05385849	-0.08689084	-0.09101244	0.056284606	-0.13455105	0.121344976	-0.1057526	-0.10388786	-0.070286006
0.34457752	-0.35718048	0.37173232	0.4123567	-0.41812235	-0.38928443	-0.38025713	0.35878327	0.3907598	0.42768624	-0.41682106	0.34146684	-0.38168985	0.43041265	0.38224295	0.3427666
0.31360352	-0.32816067	0.3023064	0.30951858	-0.33078006	-0.35217467	-0.2579312	0.307293	0.3053989	0.25605643	-0.28872666	0.34631705	-0.24130087	0.28067392	0.33745962	0.32637447
0.36344138	-0.25604388	0.3721554	0.275756	-0.34224308	-0.2729782	-0.2512033	0.32941228	0.36339167	0.2808555	-0.30604142	0.31729043	-0.31675357	0.27117726	0.31878152	0.2698423
0.74717486	-0.8351613	0.8322598	0.82817334	-0.8438391	-0.77650523	-0.79217684	0.78212273	0.8429902	0.82260096	-0.7683588	0.7813948	-0.80298424	0.84537756	0.84136397	0.8597009
-0.7133484	0.8178218	-0.77656096	-0.737091	0.8309785	0.7562182	0.7297342	-0.7832136	-0.7827565	-0.7404487	0.81995416	-0.75831604	0.7024426	-0.78378075	-0.77401143	-0.8342702
0.5123872	-0.4905674	0.5506303	0.5589035	-0.574134	-0.5635919	-0.52387357	0.4846718	0.5052533	0.5180277	-0.55324495	0.5369006	-0.54146856	0.48274997	0.47282007	0.58588773
-0.93383396	0.9789647	-1.0125372	-0.94131464	0.95665884	0.93366796	1.0044428	-0.9418261	-0.9532191	-0.99576974	0.93458927	-0.9297255	0.98096865	-0.9678547	-0.91844565	-0.95322305
-0.4349562	0.6133694	-0.5849237	-0.59295696	0.6129187	0.5148386	0.5564687	-0.5747955	-0.60070205	-0.52379155	0.57270485	-0.60965675	0.6167351	-0.5329625	-0.5782965	-0.6035624
-0.5868144	0.7162565	-0.70142263	-0.6365776	0.65493345	0.67484164	0.69816977	-0.65936613	-0.6655809	-0.67369944	0.6242783	-0.7048871	0.69662005	-0.66384596	-0.6273538	-0.7263006
0.3578678	-0.3391763	0.2923001	0.36636686	-0.35688123	-0.37142095	-0.36421588	0.35191578	0.38389888	0.29671225	-0.28645733	0.32361498	-0.34297976	0.32556066	0.3523918	0.3531139
-0.3006589	0.5191724	-0.57803595	-0.62963855	0.69501156	0.46087217	0.5087401	-0.56867373	-0.72330403	-0.60229594	0.69675785	-0.66291946	0.5965296	-0.572878	-0.5584658	-0.72213453
0.20845182	-0.18880203	0.1158768	0.11831094	-0.18287003	-0.12512392	-0.20008233	0.13648568	0.13646206	0.16918156	-0.20853654	0.17376211	-0.14533253	0.15710874	0.21359375	0.1605731
-0.5521415	0.5995206	-0.66294163	-0.57250065	0.6034508	0.6191327	0.5689443	-0.66249555	-0.71250355	-0.57151985	0.6120928	-0.669035	0.61437124	-0.6447265	-0.58025765	-0.64117134
-0.6153909	0.61140543	-0.6332737	-0.5908215	0.67811203	0.6037587	0.61388934	-0.6028539	-0.65900093	-0.5878479	0.6581095	-0.59646994	0.6126141	-0.66061676	-0.62105256	-0.62909764
0.423579	-0.5200741	0.4782202	0.47914237	-0.5500023	-0.4731634	-0.55961424	0.49274224	0.5934818	0.49127093	-0.5148184	0.5457118	-0.4953914	0.54532146	0.5054256	0.6062667
0.054381985	0.3148865	-0.31062016	-0.40350348	0.4036347	0.20772511	0.18291588	-0.38344687	-0.5428645	-0.30940253	0.42013055	-0.4266287	0.31306303	-0.30087355	-0.26897046	-0.4698269
0.6296159	-0.62453455	0.65363127	0.65533704	-0.6893031	-0.6042872	-0.6463714	0.62932074	0.631219	0.6232032	-0.66018337	0.6517472	-0.5764425	0.6630755	0.66051173	0.65037346
0.38693064	-0.3902999	0.37014836	0.32634765	-0.3986373	-0.338727	-0.39675692	0.3923815	0.42269206	0.33225945	-0.33177114	0.35066345	-0.3496928	0.42748863	0.40662092	0.39339536
0.41710612	-0.45766577	0.43696398	0.39098683	-0.48316303	-0.47597453	-0.39156947	0.4869437	0.4183303	0.47162372	-0.4316307	0.43989375	-0.40472966	0.4802128	0.4657246	0.40251967
-0.22847843	0.27803364	-0.22254659	-0.31880894	0.2978532	0.25599816	0.28492594	-0.25717726	-0.28745016	-0.24535455	0.24654558	-0.27053702	0.30344325	-0.2654952	-0.24815519	-0.24207324
-0.51805437	0.45679024	-0.47446567	-0.49188584	0.48146197	0.48310864	0.53701144	-0.50657696	-0.5029148	-0.4912407	0.5078185	-0.49862346	0.48051274	-0.49449015	-0.47671628	-0.56807125
-0.58522576	0.63364	-0.740401	-0.6599088	0.6944919	0.698498	0.6744967	-0.71438044	-0.7450097	-0.71201026	0.68926984	-0.7124662	0.7026413	-0.66199046	-0.66130084	-0.7394677
0.62658554	-0.56677955	0.6009895	0.56662357	-0.5896685	-0.6100063	-0.5958479	0.64797705	0.61317384	0.652794	-0.5827117	0.62768704	-0.6229569	0.5748237	0.55724	0.6319357
-0.18034595	0.2403811	-0.16002855	-0.23953392	0.2806115	0.19964269	0.17112286	-0.25865602	-0.27253047	-0.2169775	0.2136	-0.21368688	0.21431302	-0.21514426	-0.23423287	-0.19695835
0.521755	-0.55821574	0.58206284	0.56306714	-0.633715	-0.5766676	-0.59805274	0.5614043	0.6626209	0.576518	-0.6389015	0.59965867	-0.5767565	0.6500359	0.610774	0.5977612
-0.15649328	0.1129042	-0.12830965	-0.09895726	0.20089708	0.15042599	0.18228297	-0.19972223	-0.18466896	-0.13250546	0.1610065	-0.11869141	0.2033547	-0.122902445	-0.11001182	-0.11223479
-0.2815637	0.30677557	-0.31074822	-0.23310181	0.24044997	0.30766138	0.25332788	-0.2661381	-0.3076549	-0.24992041	0.29132333	-0.26811036	0.27986565	-0.27078193	-0.22869913	-0.31486052
-0.15348372	0.15732898	-0.19357553	-0.12670583	0.10243336	0.1273475	0.17833087	-0.13978955	-0.10100561	-0.17015441	0.18230815	-0.13438173	0.1680845	-0.11748512	-0.13546742	-0.19560084
-0.5288841	0.5465874	-0.51497775	-0.4747492	0.46772882	0.56326777	0.544722	-0.5448967	-0.575376	-0.5354166	0.47479707	-0.47271758	0.52380747	-0.48414218	-0.5578026	-0.4928238
-0.010048731	-0.049604643	-0.00334028	0.0042945715	0.02019171	-0.029642478	-0.028690565	0.064149305	0.059441414	-0.011594569	-0.042686224	0.07274651	-0.013805239	0.019239487	0.055956148	0.043144803
0.2781916	-0.23654279	0.35918918	0.29850477	-0.2851075	-0.26446566	-0.31124863	0.27528432	0.2956572	0.28918672	-0.26271796	0.3034637	-0.22815497	0.26166013	0.25061706	0.28975368
-0.44412217	0.5250446	-0.6021855	-0.62137866	0.62823254	0.5745291	0.50349975	-0.6440537	-0.7080465	-0.6119212	0.60123765	-0.6524262	0.6464098	-0.52888215	-0.58818257	-0.6391237
-0.34030256	0.32968137	-0.27247924	-0.24879557	0.25950363	0.3108507	0.27770865	-0.26140332	-0.25048834	-0.28716964	0.32213548	-0.27849957	0.24349116	-0.3153943	-0.2759776	-0.3141407
-0.24745506	0.13551566	-0.23464431	-0.15744364	0.19687976	0.22763947	0.13827696	-0.20965251	-0.20545053	-0.16245645	0.19984928	-0.19068517	0.1362467	-0.1451244	-0.19351128	-0.22020261
-0.75971603	0.749135	-0.76110315	-0.8402618	0.84913564	0.8138894	0.78524715	-0.8273854	-0.84846854	-0.7507242	0.8277666	-0.8438534	0.7947479	-0.7746859	-0.7404172	-0.8182171
-0.52057993	0.6320979	-0.62374836	-0.6145621	0.69547045	0.54115236	0.56436986	-0.6382983	-0.6388659	-0.56811285	0.66746545	-0.68879044	0.65530086	-0.56151754	-0.5583452	-0.71281755
-0.33963785	0.4432134	-0.44555882	-0.40737978	0.47257233	0.4587559	0.46285352	-0.4387854	-0.5204559	-0.38738883	0.40822	-0.4677344	0.4511744	-0.40398508	-0.46446508	-0.4931885
-0.110115804	0.11287532	-0.079615705	-0.11863709	0.07853521	0.04873745	0.10423112	-0.0451478	-0.09651917	-0.12767725	0.080827385	-0.06802915	0.040812775	-0.081299074	-0.121261	-0.056525107
-0.5173579	0.48821613	-0.52736634	-0.5147732	0.46246025	0.51109904	0.49765322	-0.49940944	-0.46259257	-0.42934904	0.51993394	-0.48982546	0.51054746	-0.46317658	-0.5117767	-0.46939287
0.33372614	-0.24842162	0.2727721	0.27902225	-0.26388076	-0.2805968	-0.24154726	0.25180575	0.31240585	0.24744177	-0.2962454	0.23225555	-0.22942281	0.29937863	0.24440369	0.30148396
0.66601336	-0.6669341	0.70546186	0.6471386	-0.7312726	-0.73806006	-0.703877	0.63592744	0.7398264	0.7419423	-0.7451954	0.7240541	-0.65886956	0.6942249	0.6718211	0.7244431
-0.67195517	0.70039743	-0.7226216	-0.6830773	0.7313055	0.6493154	0.685408	-0.7272682	-0.7281481	-0.71910995	0.671937	-0.69287115	0.7054747	-0.7087754	-0.67324406	-0.66585803
-0.75070584	0.748768	-0.7919036	-0.7771737	0.83643156	0.80823696	0.8242832	-0.80731016	-0.8655522	-0.75061023	0.77931446	-0.8018908	0.7882709	-0.80490994	-0.80667937	-0.8280187
-0.5279907	0.66304445	-0.6749018	-0.61367345	0.7185516	0.6000113	0.652946	-0.7017022	-0.7568389	-0.61182576	0.6731901	-0.6519962	0.6820584	-0.66730475	-0.64430845	-0.68789965
0.72129357	-0.70669734	0.7024732	0.72191834	-0.68183565	-0.68559134	-0.7474406	0.69983935	0.76648474	0.7110447	-0.71716	0.7612397	-0.6825858	0.6966849	0.65741813	0.7770547
-0.014313316	0.01963133	-0.030546157	0.027930303	-0.060364302	-0.013561321	-0.027002402	0.035419043	0.023283523	0.013607088	-0.014593196	0.032741502	-0.06395926	0.030627038	-0.0050054626	0.036282465
0.3353999	-0.36997655	0.29858077	0.38478464	-0.3483828	-0.3299265	-0.31648242	0.38639703	0.35928902	0.37563193	-0.3029911	0.39401284	-0.33263162	0.3418472	0.30484387	0.32267755
-0.7688737	0.7555043	-0.7709128	-0.6889784	0.7265223	0.7592991	0.7282483	-0.8013643	-0.82178974	-0.7537881	0.7722449	-0.7626214	0.71212393	-0.70629376	-0.7579463	-0.783134
0.34532824	-0.39678144	0.34630105	0.32830635	-0.34890473	-0.33373526	-0.3399537	0.41862252	0.37902653	0.32590145	-0.37196833	0.32464564	-0.33418593	0.36655048	0.3200867	0.38418135
0.50188756	-0.5807027	0.59738815	0.52407545	-0.51480037	-0.55704063	-0.5915016	0.52809346	0.5960519	0.5913646	-0.53311896	0.5913105	-0.50700134	0.53272635	0.5367299	0.5877881
0.6425671	-0.64883286	0.6817685	0.6550618	-0.60250473	-0.6411032	-0.64774156	0.60418123	0.6477396	0.600809	-0.586837	0.60332584	-0.5988253	0.6383478	0.6537494	0.67640364
-0.45277804	0.6320032	-0.5467471	-0.6553477	0.60486734	0.5539215	0.5643017	-0.5943337	-0.68919986	-0.56114787	0.57583976	-0.59479594	0.596541	-0.5917059	-0.60708636	-0.65768856
0.29601184	-0.26968953	0.21982545	0.2835601	-0.29602355	-0.31250364	-0.27762166	0.23320077	0.3313368	0.29370186	-0.2416873	0.32271692	-0.32816944	0.31004542	0.25852117	0.31344238
0.6648522	-0.7003853	0.7250861	0.6952698	-0.7471246	-0.6994031	-0.695473	0.6939592	0.7785822	0.7539205	-0.67726284	0.73266065	-0.71401364	0.6838925	0.713287	0.75646865
-0.09167024	0.09675119	-0.08335153	-0.066674486	0.03471851	0.08254394	0.051374123	-0.062470075	-0.11783163	-0.07121978	0.1022651	-0.06571588	0.1122255	-0.09762269	-0.106794916	-0.113567024
0.06281062	-0.0577483	0.06326892	0.022346254	-0.11467213	-0.06746153	-0.108110085	0.11593377	0.031386	0.02569272	-0.05824211	0.05912827	-0.017828615	0.03607636	0.023083266	0.10501921
-0.9022709	0.96652734	-0.97391814	-0.8962705	0.91839606	0.93260187	0.87606907	-0.96013796	-0.9304704	-0.9181682	0.89001185	-0.94174176	0.9340542	-0.888558	-0.9027388	-0.9836825
-0.7431318	0.7666195	-0.7987924	-0.82656306	0.7877619	0.7673297	0.8214237	-0.8059212	-0.9031075	-0.8338484	0.8347874	-0.85194105	0.8378637	-0.821506	-0.8097154	-0.8779095
0.8116498	-0.78713524	0.7822386	0.73262113	-0.804298	-0.7913495	-0.75718826	0.77404815	0.80038685	0.82658875	-0.7564394	0.76999986	-0.717815	0.80254066	0.7756963	0.8147129
0.3699222	-0.42214555	0.430283	0.41226918	-0.41817605	-0.3887375	-0.39929307	0.3736886	0.49810296	0.39397082	-0.42671478	0.4126449	-0.35662982	0.40464666	0.40516332	0.47607723
0.5526694	-0.5324028	0.5569389	0.53278697	-0.5312505	-0.6017066	-0.57791364	0.5350153	0.6058831	0.593191	-0.5904453	0.58744353	-0.56960356	0.5834399	0.57321	0.579628
-0.61233085	0.616264	-0.62440574	-0.589181	0.6789675	0.62893575	0.6343441	-0.62409294	-0.6467702	-0.6817159	0.6574241	-0.6519213	0.62828064	-0.6040057	-0.5964353	-0.6319768
-0.46115136	0.4670636	-0.5403052	-0.4313299	0.48231465	0.4353092	0.4415554	-0.52697283	-0.48350567	-0.46026373	0.4772188	-0.5015364	0.5233426	-0.4738138	-0.44198152	-0.5157093
0.7141497	-0.6809815	0.70234793	0.6882938	-0.7559082	-0.69079965	-0.72117823	0.7215346	0.79389066	0.67024714	-0.7248509	0.74291307	-0.7160275	0.70227915	0.66368574	0.77103144
0.6252563	-0.7062612	0.69727015	0.6779798	-0.6953612	-0.6786565	-0.6999673	0.6927364	0.76973444	0.66296023	-0.69674313	0.7042845	-0.74010646	0.6627081	0.7219808	0.7674609
-0.105912305	0.03498961	-0.065202	-0.0566603	0.054622695	0.085729085	0.048549	-0.077946745	-0.003747372	-0.062314026	0.080260605	-0.048068974	0.028395334	-0.04504597	-0.048038043	-0.036188077
-0.066417344	0.35721663	-0.3658882	-0.50906163	0.52224535	0.310502	0.2999749	-0.49924862	-0.60017127	-0.40238437	0.54753685	-0.5703157	0.5018061	-0.365718	-0.38988724	-0.55388397
0.045724433	-0.034794103	0.08795555	0.0066438536	-0.02031226	-0.047038846	-0.025936333	0.09880924	0.0053306487	0.0070139472	-0.03458337	0.08648226	-0.020536445	0.083764024	0.061018348	0.0034630862
-0.010710312	0.011436851	-0.07499699	0.013288813	0.0118603725	0.03878559	-0.006377738	0.034229066	0.011465355	-0.06323451	0.02697649	-0.010489759	-0.024065124	-0.061073486	0.018156977	0.002227937
0.42058712	-0.4589702	0.43866646	0.39642856	-0.42114693	-0.41618294	-0.37360847	0.37487838	0.4686363	0.41111588	-0.37273267	0.37044427	-0.4045604	0.43879256	0.43073967	0.47861055
-0.5247536	0.4662536	-0.5184107	-0.45929295	0.51815265	0.5391081	0.48155814	-0.5301985	-0.503043	-0.5427722	0.55651957	-0.47049797	0.53799903	-0.51830846	-0.5378272	-0.5049467
0.6571341	-0.664937	0.71644974	0.644377	-0.749491	-0.7118906	-0.67146355	0.62646055	0.77075243	0.6982652	-0.7404789	0.74016166	-0.7086765	0.71487135	0.660248	0.76337963
0.5590998	-0.604022	0.6465525	0.6750694	-0.7251725	-0.6704557	-0.6161104	0.6413245	0.65661097	0.5999467	-0.63578504	0.71603996	-0.60172796	0.60096854	0.5900493	0.7060875
-0.4193362	0.41850224	-0.4930713	-0.45162082	0.45998138	0.45075467	0.47638243	-0.46414754	-0.5116262	-0.43747893	0.4178784	-0.4797329	0.42025337	-0.45116547	-0.49436527	-0.45169297
-0.8080754	0.86921465	-0.8128848	-0.7994709	0.8823469	0.85686666	0.8304567	-0.80961907	-0.83312964	-0.7957506	0.8408085	-0.85975677	0.8480075	-0.81471217	-0.78386104	-0.84948826
0.6102663	-0.59222203	0.55695224	0.58539414	-0.6388198	-0.6204872	-0.58520395	0.5833402	0.59930897	0.5798185	-0.62942946	0.6548832	-0.5422219	0.5616269	0.5676294	0.65569746
0.53221256	-0.4840369	0.5215204	0.49211666	-0.4850631	-0.4493585	-0.49259892	0.4500783	0.46273288	0.51780134	-0.465262	0.50056314	-0.42481753	0.49158505	0.45438457	0.5429021
-0.4333477	0.55047345	-0.55267155	-0.5364319	0.56374866	0.4494519	0.49258506	-0.53368396	-0.60359377	-0.54376596	0.5057266	-0.56331635	0.49129	-0.4799465	-0.5388166	-0.51014227
-0.13574547	0.1163864	-0.14901517	-0.17404705	0.16081385	0.1209877	0.1324862	-0.18333249	-0.11364735	-0.14827646	0.15350215	-0.10432716	0.12980227	-0.124835916	-0.17864916	-0.19208533
-0.56181353	0.60019094	-0.54931533	-0.5859268	0.588669	0.55469394	0.5855472	-0.5378445	-0.57373405	-0.6016627	0.62049866	-0.56095684	0.60434866	-0.6131998	-0.5280297	-0.58147454
-0.20196617	0.4670228	-0.5105948	-0.46958613	0.5507497	0.37278306	0.41521227	-0.49026766	-0.65064085	-0.4797969	0.55379146	-0.5203825	0.4711687	-0.46273065	-0.49671006	-0.54618764
-0.6475387	0.71339357	-0.7252107	-0.7025912	0.71348864	0.7033826	0.7073294	-0.65502316	-0.73618925	-0.6613673	0.67516834	-0.6641306	0.65172917	-0.68870467	-0.70989525	-0.70012903
0.42289916	-0.38025376	0.37575498	0.31473333	-0.36335132	-0.35028788	-0.3828109	0.3572137	0.45113432	0.41803977	-0.4059836	0.41989878	-0.3844081	0.33277607	0.35705072	0.37425852
0.39133754	-0.39451686	0.4104995	0.43342957	-0.43792707	-0.44151303	-0.37538052	0.37696573	0.42329085	0.37478572	-0.35745788	0.35204613	-0.38824868	0.4322146	0.38198176	0.42519006
-0.037238184	0.06534211	-0.0015753224	-0.047167983	0.039411303	-0.014749027	0.056186058	0.041884314	-0.018322727	-0.011434036	0.014493543	-0.02133609	0.04504096	-0.031120159	0.023205174	0.03122522
0.24689133	-0.21478136	0.21013737	0.16985807	-0.24256665	-0.23859705	-0.21499144	0.16970484	0.29128158	0.18665093	-0.23692599	0.1718496	-0.19573675	0.27171266	0.24208033	0.3081257
0.14852612	-0.15563603	0.15810351	0.17559904	-0.13544698	-0.16990355	-0.14284292	0.15400709	0.17871939	0.20013036	-0.12949969	0.15656468	-0.14688583	0.18502668	0.1093197	0.20479012
0.61354595	-0.65658426	0.66287506	0.66951466	-0.66384983	-0.708893	-0.67552584	0.643136	0.70372194	0.6560936	-0.7015484	0.72238517	-0.67003155	0.71220064	0.6962855	0.67299026
-0.565589	0.6690647	-0.6662182	-0.59533685	0.66123784	0.66119415	0.6126585	-0.6379783	-0.6096246	-0.6560587	0.63602763	-0.6357489	0.65455365	-0.66299707	-0.594359	-0.62067115
-0.14044431	0.19839719	-0.21996495	-0.15350033	0.17568772	0.15773973	0.16456968	-0.21297486	-0.16682553	-0.13450988	0.20514707	-0.18298374	0.21993518	-0.20018873	-0.2004317	-0.2117374
0.2713966	-0.4588587	0.37564075	0.37668413	-0.46840814	-0.3663744	-0.41566795	0.4536653	0.5324276	0.46356526	-0.49100327	0.4516747	-0.34043974	0.3861558	0.39334944	0.51610726
-0.8538629	0.87409127	-0.87538874	-0.91040653	0.8765765	0.89993244	0.83856606	-0.8350547	-0.8900287	-0.89684266	0.82733047	-0.858396	0.9067066	-0.8783571	-0.8716106	-0.9007023
-0.4656129	0.6018189	-0.5878728	-0.56894904	0.55797416	0.53550684	0.5902784	-0.5259045	-0.6161188	-0.55693233	0.5879152	-0.55582863	0.59632033	-0.56526643	-0.5693061	-0.6320522
-0.14536753	0.19771387	-0.25244778	-0.22814919	0.24618973	0.2270118	0.2413525	-0.2582349	-0.26125902	-0.25231606	0.21898371	-0.207028	0.26849902	-0.20853727	-0.21306072	-0.21351317
-0.09503985	0.16027088	-0.14897913	-0.19238696	0.1373008	0.20397504	0.16799244	-0.17946397	-0.1438841	-0.15805118	0.18602921	-0.22812074	0.14158092	-0.17481388	-0.1257135	-0.1502822
0.52340776	-0.56427306	0.52256453	0.5507785	-0.55853856	-0.5697447	-0.56646633	0.5508849	0.52524996	0.5905589	-0.50448155	0.53515446	-0.5239558	0.5435161	0.5195204	0.57515424
0.0076759704	0.03576999	-0.02202617	0.008805789	-0.004422654	0.048790697	0.008676459	0.016007887	-0.017632447	-0.0010336639	-0.044049747	0.007775551	-0.005192975	-0.02429441	0.018348435	0.029247899
0.04733521	-0.043604206	0.09100723	-0.008083186	-0.06472051	-0.05494555	-0.08275073	0.030895414	0.062074535	0.036149308	-0.025076061	-0.013037274	-0.029790694	0.02914097	-0.0068802033	-0.00087507494
0.66142917	-0.7356056	0.6537942	0.69031185	-0.7161648	-0.73030716	-0.6919028	0.66108847	0.71442693	0.6767259	-0.69592613	0.6971357	-0.7130028	0.64843476	0.7258313	0.7612073
-0.056189746	0.15079477	-0.1444613	-0.15095256	0.15761042	0.07107727	0.089839295	-0.13366672	-0.29000214	-0.0978897	0.15896538	-0.25087947	0.1847353	-0.10046336	-0.15621099	-0.20015492
0.32358897	-0.43812302	0.43062958	0.47486782	-0.43373275	-0.39583936	-0.4571877	0.3598242	0.5460323	0.4926543	-0.42655283	0.43622977	-0.41900387	0.41271788	0.46326697	0.47341776
0.48020282	-0.52913696	0.5239297	0.5270576	-0.547991	-0.53422576	-0.470924	0.5310655	0.58135486	0.51061916	-0.46028954	0.44750872	-0.45500854	0.50663006	0.5466195	0.4774937
0.61238164	-0.6641335	0.6188504	0.69863915	-0.6653631	-0.6771023	-0.6922961	0.6743021	0.75666815	0.64315176	-0.6586746	0.6619619	-0.65974635	0.6292368	0.70192176	0.7120681
0.26166072	-0.22740924	0.23749411	0.21510553	-0.21630129	-0.27063817	-0.2927456	0.1562398	0.21860732	0.21578047	-0.2258857	0.28697604	-0.23727462	0.2991778	0.24588044	0.23897317
0.43670794	-0.34331283	0.41345736	0.3767106	-0.44381067	-0.40693498	-0.3690093	0.37985232	0.3950314	0.42135194	-0.36721328	0.36612687	-0.42138425	0.41509196	0.37822735	0.39234328
0.056697816	-0.13406107	0.104292355	0.06510668	-0.11022267	-0.10423935	-0.057706576	0.14195281	0.11178097	0.11419819	-0.1120185	0.1274479	-0.09661113	0.08249822	0.08590656	0.05537913
-0.9985129	1.0039598	-1.0365924	-0.94372046	0.99677277	0.9622367	0.95845085	-0.9480909	-1.0197936	-0.92080784	0.9604651	-0.9968908	0.93023854	-0.9187407	-0.98232985	-0.98808104
-0.29963723	0.27214932	-0.33905134	-0.26878527	0.30277425	0.3487845	0.28844848	-0.27679193	-0.34766096	-0.34326935	0.26773617	-0.29466778	0.27301136	-0.34372061	-0.3514725	-0.3577868
0.33919784	-0.35918584	0.40619814	0.31842247	-0.42320257	-0.40929884	-0.41027692	0.40712783	0.4008225	0.33073464	-0.37186798	0.39818823	-0.39209867	0.3257035	0.3832097	0.35643327
-0.6800944	0.75035167	-0.6788701	-0.6777307	0.6953479	0.7509756	0.7110728	-0.7556179	-0.79474384	-0.6802953	0.7663446	-0.7429874	0.6719427	-0.72070336	-0.704927	-0.77146333
0.24262717	-0.23170507	0.20592415	0.23359607	-0.22534232	-0.23248917	-0.28645077	0.2494946	0.2583149	0.28395134	-0.21691781	0.23174576	-0.24899031	0.2769531	0.28407457	0.25438264
0.010705593	0.027557017	0.06466762	0.017997013	0.021258157	-0.054775152	0.015171954	-0.026804093	0.011961441	0.021225337	-0.05807289	0.053199694	0.0028366924	0.006651228	0.061988946	0.06591064
0.57948226	-0.59527504	0.56607527	0.5474885	-0.51244694	-0.50614876	-0.5857886	0.5951304	0.54797924	0.5680554	-0.5368809	0.49537033	-0.56158507	0.5462383	0.5871855	0.57089394
-0.22265987	0.2147799	-0.26518312	-0.17269963	0.19689383	0.21524529	0.24188545	-0.17293394	-0.16218959	-0.16060828	0.17855604	-0.20845626	0.18730563	-0.1663394	-0.2410849	-0.21730855
-0.4628646	0.41013297	-0.45695925	-0.47418836	0.4795365	0.45033267	0.42656693	-0.42743903	-0.42756975	-0.4680251	0.48864216	-0.46758562	0.43507525	-0.46715486	-0.45710596	-0.45067927
0.14475551	-0.11568776	0.13438554	0.10478267	-0.12693755	-0.20024967	-0.11269564	0.11169674	0.16644417	0.12189361	-0.14898664	0.114505805	-0.14738123	0.17520721	0.13370992	0.14481656
0.37287387	-0.44049972	0.41973543	0.37745467	-0.42547962	-0.3746437	-0.37018654	0.42377698	0.45408058	0.4519446	-0.4338771	0.4483589	-0.41648337	0.358525	0.4412497	0.36984527
-0.7209	0.74793106	-0.76796323	-0.80839586	0.77226734	0.79668	0.7942404	-0.7507228	-0.8212388	-0.8092524	0.7827707	-0.77147657	0.7863905	-0.82552654	-0.8021695	-0.84888804
-0.4720029	0.46412468	-0.48970753	-0.4010876	0.41585317	0.43041658	0.4708656	-0.48236275	-0.4289879	-0.48060986	0.43908042	-0.47378832	0.42841712	-0.4265901	-0.41988832	-0.41928822
-0.42816216	0.45955592	-0.47925532	-0.525826	0.5124987	0.52463883	0.49179113	-0.48221493	-0.54050535	-0.5070553	0.5450359	-0.50961256	0.47547618	-0.5153979	-0.5129206	-0.569541
0.43050927	-0.52787423	0.5003798	0.48039895	-0.47504145	-0.4372256	-0.43777984	0.44670916	0.53402936	0.50398856	-0.50067323	0.52189523	-0.39641094	0.50659454	0.51877284	0.54715747
0.27715084	-0.32550406	0.22076915	0.26575145	-0.27008682	-0.315864	-0.2732092	0.27938965	0.2925986	0.28413236	-0.3325163	0.299197	-0.28220624	0.24745367	0.29430556	0.2715112
0.4000837	-0.3662876	0.42009318	0.4210249	-0.41665742	-0.3587485	-0.42332077	0.37061006	0.35866603	0.371391	-0.42875785	0.4019166	-0.4034087	0.33781534	0.39225757	0.3699139
0.16781995	-0.2095573	0.17568891	0.17780644	-0.21818645	-0.15853769	-0.23465815	0.1606487	0.16239943	0.20023392	-0.21118341	0.2174285	-0.2035414	0.1717769	0.22569045	0.21323618
0.70609313	-0.7267085	0.65357214	0.7225279	-0.7159462	-0.67254317	-0.66511214	0.6870353	0.7341719	0.6917961	-0.72485906	0.6881954	-0.70599943	0.6859258	0.63210773	0.7308789
0.78224325	-0.79748863	0.7507618	0.75332576	-0.7457642	-0.74908406	-0.78042084	0.7219882	0.8354421	0.7788358	-0.7919418	0.7266936	-0.70521754	0.79416394	0.75550437	0.8036255
-0.6091282	0.6740269	-0.71320146	-0.62316346	0.6979819	0.6949302	0.60953796	-0.6672869	-0.7589996	-0.7020848	0.66502494	-0.6250639	0.61518234	-0.6813746	-0.6787385	-0.72528094
0.26501098	-0.1769739	0.22912848	0.21273686	-0.22787726	-0.17643903	-0.17728332	0.2165439	0.20460314	0.24692097	-0.2406028	0.21044879	-0.2560984	0.23951058	0.19337107	0.2082571
-0.49257576	0.47292328	-0.47381422	-0.47286788	0.5045287	0.5072921	0.45393872	-0.5104798	-0.50043845	-0.5215371	0.48049408	-0.4526748	0.4461398	-0.49540097	-0.4521899	-0.48243067
-0.0367593	-0.01583016	-0.024893217	0.023461925	-0.03952863	0.0160127	0.023776984	-0.03793614	0.04133101	0.013988444	0.0047523733	0.030986506	0.034498133	-0.04786014	-0.0016814803	0.02063312
0.5898413	-0.6403288	0.6772427	0.6441884	-0.62279534	-0.59949857	-0.6588269	0.6345374	0.687359	0.6850609	-0.6807249	0.63607514	-0.5948241	0.6592274	0.68134725	0.6962857
0.6803591	-0.66991854	0.78184783	0.67297447	-0.737839	-0.6891544	-0.67972606	0.65721655	0.7589424	0.73080486	-0.727055	0.6817386	-0.6508365	0.66503143	0.706981	0.7012737
-0.61327076	0.72063136	-0.7433828	-0.67170376	0.7312418	0.66596264	0.7208139	-0.7326579	-0.76726586	-0.6637161	0.7436572	-0.76614946	0.71952903	-0.6996127	-0.65375024	-0.73890257
-0.70307136	0.75628865	-0.72027254	-0.69008267	0.7800313	0.67237264	0.6709447	-0.6741316	-0.79704165	-0.7170161	0.7069612	-0.75708896	0.7263452	-0.67100906	-0.76517355	-0.7338201
-0.7200248	0.72408295	-0.72541785	-0.74833626	0.77829367	0.6856487	0.7106188	-0.68566364	-0.747481	-0.6933398	0.6926754	-0.76303077	0.6993718	-0.69598126	-0.6868851	-0.7121574
-0.19150573	0.1500828	-0.19815217	-0.1475911	0.17341204	0.17849219	0.13357359	-0.2048698	-0.23122512	-0.18051763	0.19577354	-0.1573722	0.1899665	-0.1781104	-0.18457648	-0.2338856
0.7233089	-0.71142364	0.6930786	0.67506105	-0.70027924	-0.7052473	-0.66990757	0.6890504	0.7723951	0.747804	-0.69386786	0.67128533	-0.7424404	0.7169027	0.69292915	0.69045866
0.5546514	-0.6996031	0.71005356	0.6234122	-0.7157836	-0.67207515	-0.62871766	0.6073654	0.7422324	0.6413792	-0.71026576	0.6398257	-0.5874234	0.6388364	0.6202008	0.72294354
-0.17199256	0.1621568	-0.21054046	-0.13789237	0.2261895	0.16690864	0.20386627	-0.23007499	-0.16148512	-0.13984711	0.16315943	-0.20952463	0.1522922	-0.2222018	-0.1439187	-0.22374323
0.49807003	-0.5781278	0.56887275	0.55677944	-0.6049943	-0.51377946	-0.52243847	0.6020072	0.6308185	0.5960566	-0.52928	0.5752827	-0.5670938	0.60455245	0.5190674	0.58415973
-0.47108567	0.35530102	-0.4310231	-0.39669338	0.346449	0.35887045	0.34109324	-0.3581981	-0.34878963	-0.35023215	0.35823703	-0.3647458	0.39984897	-0.3885793	-0.41110307	-0.3581629
-0.23064622	0.23210755	-0.22115469	-0.2398855	0.28402597	0.20737572	0.22055216	-0.21452178	-0.27576992	-0.29226607	0.19571985	-0.23031817	0.22693774	-0.2666718	-0.2621114	-0.21358478
-0.29653051	0.4079492	-0.47476482	-0.3750524	0.43925077	0.38024116	0.3685182	-0.42876026	-0.44624642	-0.39029106	0.38164973	-0.40635565	0.40569615	-0.4454069	-0.42513102	-0.41569895
-0.5047848	0.57176405	-0.67196757	-0.5776397	0.650098	0.5499588	0.60490626	-0.6201483	-0.720559	-0.5646419	0.65406805	-0.63419735	0.6010715	-0.647204	-0.6173848	-0.6550371
-0.29184312	0.22962469	-0.30147275	-0.27620226	0.2589633	0.29915628	0.2505172	-0.25539693	-0.2861731	-0.20933364	0.22128758	-0.22040494	0.21605073	-0.30076495	-0.30290177	-0.2379076
0.20030738	-0.20986353	0.23554988	0.2655727	-0.20180981	-0.23631422	-0.199473	0.2148485	0.29772758	0.2137696	-0.22787058	0.26543126	-0.2790472	0.2293133	0.28360668	0.20709954
-0.4959189	0.5551973	-0.6024631	-0.5324733	0.5635663	0.60191154	0.5546597	-0.5619701	-0.65885836	-0.5264246	0.63212913	-0.5666983	0.55288553	-0.5294964	-0.55834395	-0.6480867
0.41356423	-0.49014235	0.52367234	0.47126547	-0.54771113	-0.47139704	-0.4732359	0.5328077	0.58932495	0.49770203	-0.56597567	0.54732263	-0.49565932	0.4667777	0.51517236	0.60149133
-0.6959698	0.755239	-0.7829444	-0.8044539	0.8114478	0.74964035	0.8189193	-0.79369277	-0.83639115	-0.74483347	0.76219803	-0.7681142	0.78492385	-0.7317347	-0.81882745	-0.79846466
-0.803461	0.8506819	-0.8805408	-0.85872203	0.8467251	0.8670155	0.85760844	-0.79415345	-0.92304116	-0.82960373	0.8138846	-0.8228631	0.89809734	-0.847998	-0.8249928	-0.8612131
-0.31273875	0.34596786	-0.30347568	-0.27033886	0.2992795	0.3039567	0.361834	-0.3597837	-0.33145532	-0.2793451	0.30157098	-0.2735066	0.37075847	-0.36264518	-0.29956433	-0.29561067
0.083223574	-0.031518914	0.025302134	0.030681577	-0.031749677	-0.023781976	-0.021811204	0.061784	0.020210896	0.083273	0.0022074366	0.0150067685	-1.2728615e-05	0.08559445	0.019213136	0.08573164
-0.43436542	0.5278619	-0.58379877	-0.53132915	0.5745629	0.4936013	0.48847464	-0.5060023	-0.5783421	-0.49274015	0.4962449	-0.5717608	0.51164293	-0.53810346	-0.5052164	-0.5610515
-0.5242876	0.51507956	-0.55848294	-0.49291986	0.573022	0.4993463	0.5672799	-0.5868937	-0.6121704	-0.49990696	0.5250564	-0.5707551	0.5690341	-0.55067354	-0.52047217	-0.5207421
-0.609806	0.56779146	-0.58726424	-0.6126397	0.5795954	0.5967051	0.6597202	-0.61056584	-0.6059001	-0.5954929	0.58305633	-0.5792681	0.583951	-0.6444184	-0.58080995	-0.6535644
0.63383627	-0.5953397	0.62056416	0.5761318	-0.6329037	-0.56923974	-0.6170598	0.6425095	0.6756743	0.60865253	-0.62158096	0.61619544	-0.56799525	0.585685	0.5935601	0.6338908
-0.42614105	0.45514488	-0.4758402	-0.43443868	0.44815183	0.48991665	0.43074548	-0.5009837	-0.46825138	-0.46323144	0.44081664	-0.49901342	0.41803	-0.4443159	-0.44570157	-0.4977146
0.7368603	-0.7797563	0.75437963	0.7897941	-0.73111546	-0.759364	-0.7463565	0.78556293	0.76855284	0.766283	-0.76308864	0.7950085	-0.79170465	0.7555147	0.7506084	0.786314
-0.20976868	0.4186001	-0.43545252	-0.41209954	0.4398754	0.3621689	0.36147475	-0.4665544	-0.45292985	-0.3447393	0.41081366	-0.44968316	0.44186562	-0.35781735	-0.33574486	-0.42798588
-0.21296339	0.31550124	-0.3014642	-0.26007724	0.2882716	0.2184262	0.23093207	-0.28012797	-0.26942635	-0.23401429	0.26628596	-0.27901468	0.22978064	-0.3049955	-0.2687727	-0.28674814
-0.7118737	0.8108848	-0.7768438	-0.7348333	0.79038817	0.79715633	0.7187054	-0.7983453	-0.82148856	-0.7382125	0.7987664	-0.73362464	0.75514	-0.78555036	-0.7897625	-0.8114701
-0.81160975	0.7635599	-0.8446741	-0.75784314	0.80425864	0.81423306	0.76651275	-0.818184	-0.88678616	-0.7806069	0.78863627	-0.7967049	0.7554381	-0.7943995	-0.74768084	-0.7952388
0.4799058	-0.5636353	0.56978583	0.53508615	-0.6010234	-0.54864436	-0.5910505	0.52086675	0.61982614	0.5824207	-0.57575756	0.5458313	-0.5642508	0.58886987	0.5645961	0.5685351
-0.82508445	0.8442426	-0.91038865	-0.90581524	0.8743586	0.881971	0.8996679	-0.8370071	-0.95366716	-0.8654314	0.8891216	-0.8885802	0.83902055	-0.89628345	-0.87157816	-0.91216713
0.63317204	-0.63941854	0.635104	0.62525207	-0.66936713	-0.65331113	-0.6076859	0.64788926	0.6632045	0.63114244	-0.62356925	0.68580407	-0.6560925	0.59896433	0.60435545	0.68904334
0.41941014	-0.52066416	0.5556961	0.5468469	-0.6099405	-0.5176905	-0.5541846	0.47729465	0.62448704	0.49840966	-0.53988564	0.5788411	-0.48989135	0.5867843	0.5560372	0.54027086
0.051058806	-0.03459697	0.08613016	0.060349192	-0.03888584	-0.07034295	-0.11158101	0.07904635	0.08640532	0.057297256	-0.049882405	0.11567577	-0.08012624	0.070389986	0.09792299	0.05576906
-0.34030578	0.35749203	-0.3790072	-0.29287827	0.3801356	0.3985419	0.334128	-0.32983074	-0.32087156	-0.30000138	0.34926206	-0.39055318	0.35983568	-0.34453365	-0.32013467	-0.33999664
0.3902204	-0.43910602	0.37207973	0.43814296	-0.46627706	-0.44737765	-0.3888741	0.42798385	0.4782157	0.39098623	-0.4298761	0.45120043	-0.42735434	0.38298443	0.3943496	0.45771775
0.0942538	-0.07951263	0.040791757	0.08381662	-0.09111325	-0.1501749	-0.1403586	0.123035446	0.09135179	0.07872499	-0.05342048	0.12833348	-0.1360075	0.05264752	0.08386095	0.066975944
-0.9022221	0.8721258	-0.92162627	-0.8724436	0.89671725	0.9036856	0.89820784	-0.88329893	-0.8760171	-0.88866687	0.913069	-0.8487374	0.84229684	-0.834787	-0.89740264	-0.93472695
0.5825936	-0.5805209	0.6363257	0.6132816	-0.5878673	-0.6075424	-0.56559706	0.627839	0.58700746	0.6282598	-0.63539195	0.60295403	-0.56251055	0.5672933	0.6140532	0.664363
-0.6016453	0.59865534	-0.69105923	-0.6611878	0.67681855	0.60069716	0.59750515	-0.6562553	-0.66092455	-0.5996374	0.6434049	-0.67948776	0.5929585	-0.65424794	-0.6583442	-0.7120097
0.63314325	-0.6989297	0.6984372	0.65777904	-0.72615516	-0.67608744	-0.6835189	0.6278829	0.6918944	0.7070441	-0.6848122	0.70908946	-0.67417955	0.6335083	0.669724	0.706203
-0.36419514	0.44714916	-0.41074455	-0.44372797	0.40959015	0.37024805	0.44534335	-0.42373145	-0.41420087	-0.3838161	0.40161124	-0.44476926	0.37366876	-0.41205272	-0.3963243	-0.46296608
-0.4852837	0.4562064	-0.4651218	-0.47539395	0.44829914	0.4883606	0.49708584	-0.45175892	-0.5394531	-0.4788139	0.48129562	-0.47242802	0.46128696	-0.4979543	-0.49129876	-0.4667359
-0.75076	0.7659261	-0.8190804	-0.7940654	0.78290373	0.7619787	0.7202625	-0.77818644	-0.82662845	-0.8091138	0.82343876	-0.8376438	0.8249285	-0.74155676	-0.7326824	-0.8422425
0.72579086	-0.6874207	0.7553865	0.66771567	-0.7238476	-0.66813636	-0.7054194	0.7460839	0.6888472	0.7421874	-0.71261287	0.6843566	-0.7093933	0.75675106	0.6963357	0.72317314
0.1856756	-0.1956395	0.21436054	0.17671143	-0.14588358	-0.21152778	-0.14343199	0.19437838	0.20203435	0.15910164	-0.15899637	0.12451446	-0.16714261	0.22539093	0.1827364	0.13644397
0.5368308	-0.5594425	0.57730806	0.5395959	-0.56658787	-0.6062129	-0.59701085	0.5499327	0.6572664	0.6184537	-0.5744029	0.60558635	-0.5467447	0.5726727	0.61361545	0.6334853
0.124308884	-0.01415627	-0.07370577	-0.08511787	0.04469676	-0.040434822	-0.05789518	-0.1153191	-0.07887757	0.023693029	0.0075958907	-0.041039854	0.051472664	-0.009877009	-0.024353402	-0.029049106
-0.85788625	0.83130074	-0.8526348	-0.8284268	0.89931905	0.88835293	0.82307875	-0.80872256	-0.92836297	-0.82196796	0.8489841	-0.8731456	0.83013165	-0.85132784	-0.82673836	-0.863764
0.25684664	-0.23540483	0.21457659	0.26716486	-0.2609026	-0.19206126	-0.23243333	0.22086586	0.2631068	0.2101083	-0.26363304	0.22272319	-0.27391145	0.20156293	0.21996275	0.25883168
-0.42879406	0.4310941	-0.44889268	-0.47731695	0.48409256	0.48346433	0.4115598	-0.47896108	-0.44649342	-0.46970308	0.42951152	-0.46362272	0.49028152	-0.49529612	-0.41495797	-0.45474145
-0.16572344	0.19055194	-0.16390176	-0.12049389	0.13687041	0.13048248	0.19670928	-0.14675117	-0.17606923	-0.19039914	0.17470254	-0.16374084	0.1919103	-0.20941615	-0.20880997	-0.16312842
0.098384224	-0.013357171	0.12530391	0.024480997	-0.02438594	-0.07268904	-0.112476334	0.0053141178	0.063494995	0.04280564	-0.094117746	0.018953862	-0.06975141	0.08180671	0.060926814	0.022849426
-0.11752164	0.019233145	-0.073542885	-0.079882696	0.104052186	0.06927175	0.029004937	-0.10281784	-0.096325666	-0.043324526	0.07161376	-0.08353728	0.05343843	-0.027373895	-0.07053018	-0.06592481
0.6752187	-0.7285094	0.7474529	0.674966	-0.67910606	-0.69023997	-0.66753703	0.6227462	0.70939726	0.7334027	-0.73026115	0.6584042	-0.6772667	0.72216874	0.6480498	0.72173154
-0.5116718	0.55529577	-0.52391046	-0.5474536	0.6064519	0.52556145	0.53442836	-0.5552531	-0.6077789	-0.5855211	0.6005953	-0.5236262	0.5410761	-0.5354183	-0.53064287	-0.5571242
0.008714072	0.048707586	-0.08578302	-0.06299656	0.036342934	0.039494805	0.03551355	-0.08976718	-0.07216688	0.024290647	0.05469427	-0.022775529	0.028334858	-0.05068378	-0.05512742	0.01666118
-0.14916155	0.119790845	-0.09868633	-0.15823558	0.16018048	0.14625286	0.14230095	-0.09025697	-0.1195583	-0.17627488	0.124530286	-0.1574147	0.091939144	-0.16689673	-0.08443015	-0.10163985
0.7473518	-0.7643098	0.75433916	0.73364204	-0.7549225	-0.7135438	-0.70452434	0.77386266	0.77353823	0.7731454	-0.7601299	0.6772241	-0.7447093	0.7578334	0.75620514	0.79015774
-0.77166337	0.800628	-0.8404203	-0.7899278	0.8621628	0.7877306	0.8519654	-0.83673215	-0.90312284	-0.8705259	0.8190573	-0.8429496	0.84560996	-0.8396105	-0.80934227	-0.82778865
0.59611875	-0.61401856	0.58256733	0.60594827	-0.6816217	-0.6943647	-0.64459306	0.6513524	0.6645582	0.645545	-0.6481224	0.68374187	-0.65090805	0.62560654	0.61040103	0.6951332
0.52703625	-0.57806385	0.4966042	0.4830845	-0.5195409	-0.522231	-0.5053733	0.49896318	0.58506113	0.530471	-0.52519614	0.53413093	-0.53270227	0.56971806	0.50753903	0.5143904
-0.2208694	0.2688203	-0.20565297	-0.23272689	0.23325549	0.222397	0.19716288	-0.24852885	-0.25449088	-0.23681234	0.21692584	-0.27631706	0.27015603	-0.21071362	-0.2253095	-0.24936919
0.32427242	-0.3601709	0.3358735	0.39173445	-0.44345266	-0.32277358	-0.33017653	0.28740868	0.45780858	0.3934536	-0.34922758	0.37611023	-0.31451157	0.40528846	0.3784409	0.4281972
-0.774806	0.7416055	-0.78775084	-0.8147855	0.85574013	0.81276447	0.7745484	-0.75225544	-0.81401676	-0.82909787	0.75036615	-0.78186756	0.7740982	-0.8009008	-0.73548657	-0.83364856
-0.4378145	0.4533571	-0.42347693	-0.4362337	0.49865863	0.42775556	0.4299148	-0.43976077	-0.4877239	-0.436679	0.49976245	-0.415988	0.46712416	-0.42749414	-0.46825615	-0.46374372
-0.26741567	0.27004185	-0.3599376	-0.257028	0.3054087	0.336314	0.34265646	-0.35101017	-0.27685502	-0.33477828	0.30256465	-0.34470087	0.3381112	-0.3101077	-0.25082618	-0.2921149
0.17869984	-0.20582695	0.19875793	0.23712473	-0.21733929	-0.17379113	-0.16577677	0.16475272	0.2750434	0.18688098	-0.16739409	0.18431152	-0.23619722	0.19296643	0.19115414	0.27931136
0.14102238	-0.24741872	0.1877238	0.20198737	-0.18966164	-0.2185658	-0.21690947	0.20242257	0.27196056	0.16274962	-0.24995749	0.17409039	-0.20573856	0.21976936	0.18583052	0.29004863
-0.61003935	0.64002645	-0.7458239	-0.6247323	0.69377893	0.6314408	0.6427226	-0.6285115	-0.7013686	-0.6344808	0.6628612	-0.6612843	0.67649615	-0.6471665	-0.6371093	-0.7125399
-0.5935116	0.62008595	-0.6748649	-0.57283133	0.6457799	0.61321676	0.6120844	-0.5615694	-0.66122574	-0.5886655	0.6275617	-0.6107128	0.62026733	-0.57581514	-0.57658607	-0.6533918
-0.19672348	0.41500285	-0.4071174	-0.47677767	0.5526833	0.35611615	0.40454635	-0.43651167	-0.5336222	-0.422446	0.45706448	-0.4815938	0.5003368	-0.39135092	-0.46960112	-0.48663887
-0.6405944	0.65611726	-0.7260469	-0.70366526	0.6709334	0.73436135	0.6837215	-0.68117213	-0.7001287	-0.6981227	0.7440719	-0.7475624	0.70046896	-0.71772283	-0.6635564	-0.6911094
-0.5896851	0.6100648	-0.65747005	-0.64449054	0.6508603	0.5834985	0.64286435	-0.6546153	-0.6684141	-0.59461707	0.6607486	-0.61713547	0.58800215	-0.57428426	-0.5822966	-0.6807202
-0.7871236	0.79133517	-0.7799214	-0.7387105	0.73199445	0.80197036	0.7539911	-0.79228586	-0.8237589	-0.7575645	0.7844375	-0.80793864	0.7210955	-0.75741774	-0.76192045	-0.8148179
-0.4876145	0.4835824	-0.5659616	-0.46583676	0.4625063	0.44768035	0.48534983	-0.46595314	-0.5008451	-0.45666754	0.5121104	-0.46170074	0.48766598	-0.5071018	-0.45537287	-0.45384124
0.6058469	-0.6675321	0.67535216	0.597068	-0.6034795	-0.6798088	-0.68740267	0.68564945	0.7179861	0.63200873	-0.6225527	0.6582818	-0.6576867	0.6640351	0.6070072	0.6358464
0.577799	-0.6247576	0.5644209	0.58088094	-0.59113604	-0.5307931	-0.5341995	0.5651124	0.6892878	0.6212556	-0.58861977	0.6125436	-0.5956377	0.6221313	0.6230278	0.658828
-0.5821307	0.50501174	-0.52035207	-0.52846074	0.5429608	0.5009226	0.52083135	-0.584949	-0.5430268	-0.51970184	0.5548482	-0.55133164	0.4976867	-0.57859373	-0.4989181	-0.5188555
-0.46372125	0.43942356	-0.42954755	-0.4098879	0.37796742	0.36906555	0.3690774	-0.41502124	-0.36990377	-0.37407964	0.41339532	-0.35607442	0.39338392	-0.41084698	-0.4133877	-0.39487475
-0.4569575	0.4627202	-0.4199697	-0.5163421	0.45152676	0.5229645	0.45674622	-0.43701658	-0.49337402	-0.5113555	0.44089606	-0.44107023	0.4714452	-0.519003	-0.47727284	-0.44350588
1.0477685	-0.97842515	1.0104997	0.9677373	-1.0082893	-0.98929566	-1.0277276	1.038475	1.0764724	0.9873813	-1.0241909	1.0289966	-1.0023181	1.0439777	1.0496953	1.0606589
0.8083519	-0.8070638	0.8455499	0.73913634	-0.77405816	-0.8046301	-0.7895979	0.81886375	0.85554624	0.82617205	-0.76206994	0.8344993	-0.75878817	0.81099313	0.8180776	0.81665677
0.4097912	-0.33818752	0.42517272	0.3373495	-0.41267043	-0.36547515	-0.40566805	0.42106616	0.37158856	0.38766405	-0.37532216	0.331473	-0.3573247	0.38671333	0.40808442	0.39944482
-0.7299237	0.7053363	-0.72574955	-0.7687682	0.7864856	0.76517206	0.72535765	-0.66763914	-0.7651909	-0.7350708	0.76026076	-0.7124309	0.73297846	-0.72537106	-0.6804404	-0.7627765
0.8916702	-0.8687042	0.9295105	0.8750238	-0.9269464	-0.92793715	-0.8619258	0.9081924	0.9039477	0.9066793	-0.867063	0.8741444	-0.82394737	0.9217044	0.91569304	0.95601964
0.16598767	-0.17547402	0.20470656	0.13793026	-0.22994679	-0.16267146	-0.14888716	0.1545991	0.22173192	0.2245666	-0.15515982	0.19601394	-0.12541677	0.22906132	0.15523426	0.21646176
-0.4451351	0.4868237	-0.45020476	-0.4513439	0.4734842	0.446681	0.49633488	-0.5006969	-0.44220442	-0.43334877	0.49548236	-0.49992475	0.4635409	-0.49561694	-0.49534997	-0.49089116
-0.099816516	0.08794276	-0.092099406	-0.05467218	0.046683345	0.061665785	0.12548524	-0.055613145	-0.13102417	-0.12602548	0.0752322	-0.07323077	0.10919412	-0.09709431	-0.054609846	-0.09916098
0.32262224	-0.38824376	0.35194406	0.34005696	-0.4290048	-0.3268816	-0.38038743	0.3351718	0.45552984	0.37551323	-0.3675382	0.34938717	-0.38606766	0.4082773	0.40457103	0.3905599
-0.053573485	0.04081385	-0.035840154	-0.09028411	0.07294835	0.12925284	0.09996814	-0.1428679	-0.10690806	-0.09184621	0.11947733	-0.09313289	0.051649224	-0.055482138	-0.03229508	-0.07111178
-0.361081	0.34537905	-0.3397232	-0.32409385	0.3100452	0.30950898	0.2782215	-0.28051534	-0.30285206	-0.35670492	0.34101912	-0.33642268	0.37013605	-0.27830195	-0.33460942	-0.28537798
-0.5918581	0.5786619	-0.5396747	-0.6093539	0.57283807	0.5896179	0.55140674	-0.520027	-0.59320843	-0.59833694	0.5525847	-0.5981071	0.5421281	-0.60911965	-0.58858895	-0.6046399
0.70889425	-0.67457926	0.6661956	0.6909408	-0.7059827	-0.6953132	-0.7509673	0.71362454	0.76695776	0.7648846	-0.7189377	0.7300601	-0.75146556	0.7265833	0.6923888	0.78952914
0.6206733	-0.74366736	0.72108465	0.6550358	-0.7172252	-0.722144	-0.7106084	0.68019867	0.71038985	0.7145003	-0.719192	0.71272594	-0.6583998	0.6924807	0.64809287	0.6980829
-0.49718386	0.6253757	-0.65226597	-0.6738137	0.60859257	0.6454804	0.62355864	-0.622373	-0.6889861	-0.659483	0.6226086	-0.6116349	0.5844998	-0.67868763	-0.6126278	-0.6698356
-0.58709306	0.64523137	-0.7256511	-0.6503605	0.6624303	0.60816586	0.6236577	-0.62025535	-0.6713194	-0.6800897	0.6643881	-0.6502176	0.61989063	-0.62745905	-0.61537206	-0.66952795
-0.23251691	0.34579542	-0.4161786	-0.38489673	0.3400468	0.3344652	0.31476706	-0.41585353	-0.37924346	-0.33554757	0.32807478	-0.32131025	0.3264396	-0.32442248	-0.28484002	-0.38710856
-0.33744627	0.27041245	-0.35065064	-0.3296977	0.32618797	0.29744098	0.2876629	-0.3305205	-0.28971708	-0.28865868	0.27397123	-0.28243902	0.2861066	-0.37484688	-0.29813293	-0.28390297
-0.5671042	0.7044296	-0.5947405	-0.6350473	0.7037592	0.6124018	0.70123	-0.6435805	-0.6663961	-0.6288155	0.6407603	-0.65811163	0.6867304	-0.6950111	-0.63844943	-0.71553093
-0.24128847	0.17836092	-0.24688742	-0.19496554	0.14118898	0.14543736	0.14779885	-0.19102393	-0.19637677	-0.18746004	0.16739415	-0.20314623	0.22099702	-0.16384238	-0.19933072	-0.17924096
-0.17761195	0.14701726	-0.15486684	-0.18910179	0.18615974	0.15256213	0.17715324	-0.12197939	-0.14959878	-0.16947746	0.15391554	-0.2036192	0.14133166	-0.1893709	-0.18740636	-0.1259745
0.2110273	-0.34186262	0.3381649	0.3439552	-0.39478046	-0.33862507	-0.3623093	0.35927516	0.4967308	0.3725028	-0.361096	0.4290582	-0.36136243	0.32645884	0.32551098	0.40904307
0.32664156	-0.33225444	0.34240082	0.32104707	-0.43584272	-0.34618005	-0.3472472	0.34067208	0.44214845	0.3554097	-0.32274446	0.35691854	-0.3251399	0.39111954	0.34085023	0.4007365
0.6578917	-0.6368063	0.6527514	0.67537475	-0.65211445	-0.6574578	-0.61171156	0.6691344	0.6724175	0.6203337	-0.69517237	0.6338708	-0.63439107	0.69504404	0.70442253	0.7086574
0.20955686	-0.12248307	0.1524047	0.13402791	-0.1328298	-0.15738337	-0.15331145	0.12050006	0.10480257	0.14346465	-0.13790771	0.09005682	-0.08248502	0.14981015	0.13597275	0.09561619
0.03254679	-0.033960745	0.0856423	0.03840241	-0.09655949	-0.05617756	-0.10991686	0.034815002	0.10988285	0.026789399	-0.07732634	0.05330403	-0.074263364	0.07780516	0.08254851	0.093924806
-0.56786907	0.5987592	-0.5630525	-0.6263129	0.6171154	0.6231523	0.6181077	-0.62826383	-0.6926728	-0.6265413	0.58049047	-0.6696926	0.62702477	-0.56227195	-0.5858448	-0.64706886
-0.31075132	0.3588376	-0.25413278	-0.31660485	0.28473675	0.3350386	0.32286608	-0.2940649	-0.35016322	-0.32380003	0.32048905	-0.30380797	0.28325832	-0.351712	-0.29341727	-0.35267785
0.053789627	-0.046342287	-0.06673557	0.012690419	-0.039173048	0.023567934	0.0037332126	-0.0010144744	0.02879759	-0.009099054	-0.059720792	-0.004667444	0.022610264	0.00069036434	-0.00958857	0.047783893
0.408429	-0.41991487	0.43212494	0.36505145	-0.39072147	-0.3999983	-0.40986252	0.43557552	0.43624178	0.41029903	-0.42107314	0.4516116	-0.37572056	0.3916644	0.41005918	0.36950472
0.64997566	-0.6382262	0.68878907	0.5992801	-0.6272164	-0.60664636	-0.64817137	0.64886105	0.69027025	0.7039401	-0.6982708	0.66064924	-0.68787986	0.63634235	0.63071245	0.65176845
-0.4581564	0.53375757	-0.6344791	-0.5759902	0.61450356	0.5241615	0.55904	-0.585696	-0.60425043	-0.56105816	0.5255624	-0.6127822	0.566979	-0.5818371	-0.48539963	-0.57916474
-0.48531455	0.45055902	-0.4190393	-0.47366545	0.44728413	0.43868992	0.41410425	-0.42259097	-0.4286084	-0.43920836	0.44168717	-0.44646147	0.41681737	-0.41954303	-0.50615364	-0.4603727
0.47080046	-0.51445943	0.5023512	0.4802293	-0.50352436	-0.53674835	-0.48069835	0.47318062	0.5316746	0.46401092	-0.4966211	0.53213024	-0.5161776	0.513671	0.5380591	0.5416617
-0.7002678	0.6788615	-0.73408914	-0.6816751	0.7006935	0.67427903	0.6990474	-0.67148083	-0.7639919	-0.69057685	0.70840406	-0.7472225	0.70044816	-0.7222287	-0.65782255	-0.7618401
-0.5537838	0.6421368	-0.6340522	-0.6336725	0.63063854	0.6616189	0.65366626	-0.6425571	-0.6573361	-0.6428346	0.63212854	-0.64628613	0.6771666	-0.65858144	-0.58274084	-0.69759214
-0.7222892	0.6467879	-0.7276495	-0.6644904	0.6549026	0.69125557	0.7002456	-0.6953283	-0.7413299	-0.68920803	0.665117	-0.7139378	0.72140306	-0.6610441	-0.6965832	-0.7557567
-0.62701815	0.65375656	-0.7542445	-0.73802084	0.67203397	0.7057953	0.74584395	-0.73005736	-0.7588386	-0.6951482	0.7250828	-0.6934102	0.6420545	-0.69311494	-0.745266	-0.7838139
-0.5792674	0.627528	-0.60471153	-0.5918948	0.6135229	0.64812005	0.6369681	-0.6186241	-0.6911926	-0.66076994	0.6188319	-0.6745776	0.63811857	-0.5856523	-0.66026735	-0.6909985
-0.9992579	1.0216905	-1.0688273	-1.0436239	1.1024041	1.0591925	1.0090314	-0.99146664	-1.0939649	-1.0029496	1.0311766	-1.087258	1.0294337	-1.0794255	-1.05596	-1.1239232
-0.6222483	0.6359513	-0.6747457	-0.6401694	0.6551268	0.6820606	0.6119177	-0.68146974	-0.65889907	-0.67075646	0.67980593	-0.6405035	0.68435776	-0.66053265	-0.63982975	-0.6874795
-0.8017342	0.81790537	-0.8493912	-0.8295488	0.8543321	0.82353747	0.81099105	-0.81045055	-0.8166388	-0.79185015	0.84155214	-0.84572476	0.81377375	-0.8234838	-0.86524576	-0.81904465
-0.52066237	0.5220672	-0.6105712	-0.5030301	0.5076858	0.5110691	0.56129223	-0.56628007	-0.5688297	-0.56212324	0.59033996	-0.50982624	0.5536358	-0.5700413	-0.5401444	-0.56955487
-0.58693224	0.5680664	-0.58554804	-0.5988156	0.57814926	0.631542	0.58372754	-0.59483504	-0.666434	-0.5657889	0.609596	-0.62722456	0.5699313	-0.6250809	-0.63872594	-0.61999714
0.02390603	-0.070910044	0.04408642	0.058317773	0.0013524697	-0.0083538415	-0.089542866	0.05614249	0.07719439	0.009442841	-0.008912184	0.017133968	-0.07901054	0.0532138	0.0034447927	-0.00057080144
0.078596994	-0.025896048	-0.016101554	-0.035985824	0.106715575	-0.07436	-0.010795232	-0.07182976	-0.025708726	0.015155253	0.04314699	-0.016692705	0.042276792	0.005564484	0.020400893	-0.09245196
-0.08255662	0.12444428	-0.072823584	-0.07952175	0.035843603	0.1311769	0.09174588	-0.11437444	-0.10785905	-0.119810715	0.062037073	-0.0443051	0.07462996	-0.08402728	-0.034727152	-0.13341725
0.4527912	-0.47734934	0.5284623	0.43482995	-0.49316645	-0.47692806	-0.4218879	0.5059322	0.46470937	0.4304337	-0.4581995	0.46914297	-0.4477196	0.5119485	0.45089346	0.46542823
0.6155406	-0.68413585	0.71778226	0.6241888	-0.64990336	-0.6558756	-0.65643716	0.654872	0.7262376	0.6388517	-0.6550268	0.7020233	-0.615139	0.6441035	0.6493016	0.72110045
-0.3523678	0.34693256	-0.39510888	-0.357154	0.38950446	0.38851416	0.35066193	-0.3703368	-0.3586498	-0.3523043	0.38562256	-0.34044266	0.36543548	-0.40431914	-0.42342404	-0.3463151
-0.044659488	0.0025587487	-0.06731135	-0.08817807	0.051875934	0.053146973	0.044398837	-0.07752048	-0.0462045	-0.07809993	0.03372006	-0.033674426	0.03848999	-0.04519471	-0.019603347	-0.04135474
0.52157146	-0.6203069	0.65775603	0.65678287	-0.69525206	-0.62451667	-0.6094816	0.6374767	0.66507906	0.6143829	-0.6344854	0.6959112	-0.6530502	0.6811109	0.6309793	0.7184173
0.9527526	-0.93965554	0.911031	0.8746732	-0.89219874	-0.87554663	-0.9134817	0.93046415	0.9449331	0.8845076	-0.95626557	0.91958827	-0.8884601	0.9016821	0.87698305	0.9778148
-0.15058514	0.23355995	-0.23318961	-0.26771387	0.20885481	0.20631099	0.2199727	-0.21784376	-0.23584606	-0.1600445	0.20098224	-0.28118074	0.22661984	-0.224453	-0.2535431	-0.2929171
-0.28070828	0.29309836	-0.30452895	-0.21275306	0.2248215	0.29918027	0.21874195	-0.28848374	-0.28144103	-0.23870713	0.2686571	-0.22714469	0.2758376	-0.21852097	-0.30480427	-0.24193294
-0.35319415	0.36728165	-0.3951233	-0.3704039	0.34042704	0.40624642	0.36020112	-0.37388965	-0.31108862	-0.386851	0.29646224	-0.3107834	0.3741431	-0.37810203	-0.3766511	-0.37270877
-0.5263323	0.5091714	-0.5329716	-0.48242688	0.47469166	0.49645722	0.5130978	-0.46009228	-0.4713876	-0.48065728	0.52373725	-0.48095047	0.4502563	-0.48934877	-0.49188435	-0.4934858
-0.302188	0.312101	-0.34529194	-0.39197508	0.4043835	0.29888853	0.3422671	-0.33224434	-0.4131001	-0.38313663	0.3554017	-0.34293953	0.3832498	-0.35965952	-0.3735021	-0.39974755
0.5322556	-0.61653477	0.620747	0.6316914	-0.7043962	-0.65789	-0.6279559	0.65596217	0.67076206	0.60664934	-0.6274298	0.61686796	-0.61538196	0.6737851	0.6853614	0.64200926
0.69428635	-0.64606094	0.6609397	0.70684624	-0.62638044	-0.69717216	-0.6996017	0.6574105	0.71597826	0.64729095	-0.7085678	0.67614144	-0.62897676	0.66777486	0.6486959	0.6540721
0.42518663	-0.3717986	0.37694234	0.37855247	-0.36529818	-0.38771814	-0.43403453	0.37530053	0.38734367	0.44184396	-0.41565314	0.43196157	-0.4135455	0.40772524	0.37019312	0.37260967
-0.26856232	0.4915715	-0.4391577	-0.43488106	0.5018055	0.42039347	0.36907652	-0.48087376	-0.5029465	-0.46219224	0.48142588	-0.49371046	0.5011334	-0.46491823	-0.44469866	-0.5330727
-0.5619944	0.65595317	-0.6442725	-0.666542	0.60214925	0.5905166	0.6006336	-0.60849446	-0.6721849	-0.57844645	0.5983572	-0.6756466	0.6696921	-0.65109247	-0.6337718	-0.6309727
0.23109707	-0.19012709	0.19082749	0.21126035	-0.24187389	-0.22785734	-0.21309787	0.06807964	0.22063628	0.283314	-0.18437561	0.2495451	-0.14492486	0.20927575	0.24229589	0.25290963
0.20383595	-0.22444552	0.07108612	0.14006937	-0.17340598	-0.20771663	-0.23076367	0.07219118	0.19462745	0.24224167	-0.18579257	0.18126616	-0.1597557	0.22895612	0.21778473	0.18647279
0.7425539	-0.7532585	0.7921536	0.7532167	-0.7821654	-0.7657224	-0.7796078	0.7502728	0.814945	0.83136505	-0.79518026	0.8256916	-0.804821	0.7659672	0.79026884	0.843313
-0.3877739	0.4880611	-0.5107163	-0.4951247	0.4678992	0.4504688	0.4869392	-0.51797676	-0.5450852	-0.4599575	0.48648083	-0.44618392	0.4732041	-0.44909397	-0.5042169	-0.4967309
0.47371998	-0.5598894	0.6192295	0.5694752	-0.6617651	-0.61609745	-0.534843	0.5931999	0.7117607	0.62153125	-0.58668184	0.603572	-0.55454516	0.6149113	0.543704	0.64436567
0.5043281	-0.59180325	0.5598675	0.6180494	-0.65229243	-0.55838937	-0.5754341	0.6055249	0.6436625	0.591955	-0.5825473	0.65094376	-0.52982265	0.57891285	0.5513006	0.6334143
-0.71642834	0.781117	-0.8314749	-0.7973853	0.76914334	0.78718895	0.756609	-0.8065238	-0.8377089	-0.76493466	0.73726416	-0.76233846	0.802841	-0.76272964	-0.72316545	-0.82778275
0.34257802	-0.34403756	0.3356848	0.35918537	-0.3359726	-0.3229182	-0.29276612	0.30901808	0.3506934	0.29718345	-0.29974875	0.35845226	-0.35909417	0.3140568	0.29151034	0.28855047
0.009805548	-0.032469694	0.0493674	0.009056616	-0.074358426	0.0016069936	-0.0061508124	-0.006427482	0.04630396	0.07870835	-0.054290377	0.0740595	-0.0499843	0.0020684279	-0.017956262	0.037375607
-0.69525355	0.6393016	-0.711091	-0.69169015	0.64000744	0.6601363	0.67198664	-0.69880646	-0.6483781	-0.63783133	0.6607318	-0.6726462	0.6362859	-0.6466408	-0.64773965	-0.6397533
-0.83014584	0.82243556	-0.80287653	-0.82748127	0.7971129	0.8731223	0.79535556	-0.7919413	-0.8512678	-0.8717554	0.8522037	-0.86413497	0.81159985	-0.8216401	-0.8079273	-0.86367464
-0.67386997	0.6881653	-0.7179108	-0.6683621	0.7107966	0.6969286	0.7374994	-0.7122725	-0.7573756	-0.756161	0.7314294	-0.7479717	0.715481	-0.6680728	-0.6691163	-0.7218616
-0.58319306	0.56527203	-0.7141088	-0.6117172	0.66509664	0.65582687	0.65061224	-0.598068	-0.69030005	-0.6117806	0.6322691	-0.6570812	0.6372474	-0.60264707	-0.65030104	-0.65651727
-0.41106087	0.55874103	-0.594527	-0.5902853	0.6135156	0.531431	0.5266766	-0.66589195	-0.6693085	-0.5608324	0.6036347	-0.61468047	0.6518374	-0.59322464	-0.5537195	-0.6758291
0.41655365	-0.45654234	0.51081514	0.5002323	-0.522302	-0.5172186	-0.47478077	0.521241	0.5832251	0.5537502	-0.47093442	0.50767785	-0.5218628	0.4759107	0.52375054	0.5774834
-0.5093962	0.5188177	-0.48707813	-0.45376813	0.48605734	0.4634281	0.5263758	-0.52049744	-0.4883232	-0.53981364	0.5004713	-0.48926774	0.46906823	-0.49597573	-0.46438217	-0.55226195
-0.44879225	0.48209384	-0.510345	-0.4476817	0.4420132	0.5131359	0.4308009	-0.4672225	-0.43538278	-0.49972886	0.46962652	-0.48307	0.45879692	-0.4502764	-0.52361935	-0.47454086
-0.07355642	0.06970136	-0.10534549	-0.06260732	0.09114885	0.0406066	0.0946714	-0.10757314	-0.12389574	-0.09144577	0.13640022	-0.121395595	0.049629733	-0.10370667	-0.050207593	-0.041100334
0.5474134	-0.5676493	0.6035526	0.588085	-0.593354	-0.60056406	-0.57985574	0.5335188	0.5575896	0.62264216	-0.59577477	0.5726277	-0.5846526	0.577267	0.54548967	0.6176478
-0.71716595	0.71150553	-0.7536789	-0.66556686	0.6515871	0.68523705	0.73862994	-0.73463976	-0.7042841	-0.7410963	0.72478473	-0.7270462	0.65852505	-0.68824136	-0.6719953	-0.6827091
-0.27437362	0.42654717	-0.43290636	-0.39819637	0.49208742	0.41817397	0.40646517	-0.45140535	-0.48641193	-0.407807	0.4736945	-0.4361754	0.42458993	-0.42482412	-0.4078586	-0.42819995
-0.5841873	0.5212636	-0.60768235	-0.59944737	0.6290482	0.6108376	0.5310333	-0.61741674	-0.6282797	-0.60955715	0.56349367	-0.6228863	0.5593147	-0.5756104	-0.5529586	-0.592261
0.060808785	-0.11491059	0.14760193	0.1434523	-0.10415173	-0.12558763	-0.09738519	0.13762066	0.08720986	0.081401445	-0.11466792	0.09309767	-0.13626206	0.07370337	0.0756943	0.12868907
0.38320428	-0.46899396	0.479569	0.44882903	-0.45530713	-0.41760704	-0.41594037	0.5008602	0.5454743	0.44480124	-0.4746173	0.49982476	-0.41223815	0.454903	0.49497908	0.46657473
-0.65879226	0.6969715	-0.7341969	-0.65889215	0.6796833	0.6445265	0.6907497	-0.672421	-0.74333256	-0.6583438	0.71792024	-0.6947822	0.66053575	-0.6629524	-0.6908178	-0.69605905
0.53398144	-0.4545089	0.48863918	0.43797997	-0.5387469	-0.5379576	-0.523121	0.47788844	0.5072367	0.5176049	-0.509112	0.5406464	-0.49152485	0.5318036	0.48830456	0.49321848
-0.83081204	0.91904026	-0.86131227	-0.9134415	0.8537056	0.877425	0.8822455	-0.86568254	-0.9208793	-0.9078094	0.82857025	-0.843875	0.84858763	-0.908208	-0.8854785	-0.87175065
-0.006220292	-0.040780637	0.0020109243	0.029724015	0.025196584	-0.038415264	-0.051659033	-0.049924202	0.0071635917	0.001627148	0.0018345107	-0.0068493704	-0.03634575	0.0074668527	0.052744888	0.0069318055
0.6080772	-0.6967496	0.6975462	0.67276573	-0.7060113	-0.64617705	-0.68196905	0.60916597	0.72008944	0.7044917	-0.7140805	0.66338897	-0.6917419	0.6958335	0.6371472	0.6737591
-0.56888634	0.6270336	-0.6501486	-0.6135087	0.66023517	0.6287527	0.6035549	-0.66493654	-0.6166385	-0.6599084	0.5916783	-0.6523785	0.6278918	-0.63380575	-0.6153091	-0.60504514
0.13742606	-0.10339996	0.03248328	0.014877127	-0.06516625	-0.08389396	-0.12572156	0.020516884	0.030262832	0.05422062	-0.044903755	0.038193416	-0.012919956	0.0660882	0.011373129	0.05843528
0.6082238	-0.5785251	0.6025602	0.60471773	-0.6333825	-0.5906324	-0.57796234	0.58866626	0.61248046	0.61404663	-0.6323855	0.64217305	-0.54291487	0.63504916	0.6263299	0.6743667
0.63499916	-0.59793305	0.60067666	0.64008605	-0.63531333	-0.5793909	-0.6033379	0.60506254	0.6492888	0.59462816	-0.67061675	0.6851803	-0.6004893	0.6782814	0.59941	0.6499328
-0.5880027	0.6236922	-0.6027674	-0.6006635	0.62826335	0.65028584	0.63733965	-0.6554317	-0.67819554	-0.68012947	0.62198967	-0.6870442	0.63770115	-0.61949897	-0.5780185	-0.627479
-0.3932112	0.38614663	-0.39867896	-0.42670292	0.37702337	0.37489855	0.42072436	-0.40779337	-0.43992576	-0.39095876	0.40261954	-0.39322668	0.36826995	-0.44494122	-0.3953553	-0.40584406
0.6834118	-0.6867435	0.7663683	0.7211509	-0.69246656	-0.7081793	-0.76341444	0.7073583	0.8007217	0.7148752	-0.7746008	0.7620752	-0.671812	0.74815786	0.7249767	0.7803357
-0.5442979	0.5129926	-0.62133753	-0.5760344	0.57220435	0.5788378	0.5701562	-0.5728134	-0.54073924	-0.5312232	0.57575274	-0.5920095	0.5445413	-0.5792195	-0.54915875	-0.61680293
0.62570745	-0.67356235	0.670855	0.63105375	-0.6177492	-0.6797674	-0.6863082	0.6167323	0.65053135	0.6858019	-0.65641546	0.6511391	-0.6694399	0.62369955	0.6424828	0.66031957
-0.5353487	0.61050206	-0.5910624	-0.64270324	0.60803705	0.61760753	0.6236452	-0.59218055	-0.6153347	-0.5604317	0.6262105	-0.6079624	0.5471796	-0.54432136	-0.6321808	-0.62385535
-0.10117606	0.27068958	-0.30590582	-0.25843263	0.28459	0.19483095	0.25317705	-0.31145862	-0.38121137	-0.28854704	0.28889236	-0.35459274	0.29899177	-0.22798315	-0.22616008	-0.3062081
0.20005186	-0.16375792	0.17269826	0.22720449	-0.1557691	-0.1599473	-0.1847911	0.22302024	0.20134887	0.17300923	-0.15737832	0.15440996	-0.23535463	0.21835051	0.17219885	0.2352875
0.19123088	-0.14593175	0.08258307	0.16158685	-0.15953189	-0.1328204	-0.095636256	0.08356092	0.1556522	0.092490494	-0.09387669	0.07532399	-0.09267062	0.14939404	0.10607871	0.13763963
-0.42763352	0.41168162	-0.40190887	-0.42813993	0.4679199	0.39127603	0.3952891	-0.40620035	-0.47335407	-0.42132226	0.40697303	-0.44240394	0.42430562	-0.41295025	-0.4716924	-0.3879877
0.50727606	-0.54096085	0.6043488	0.56730795	-0.5605105	-0.53655225	-0.5261902	0.49643746	0.6286687	0.5431582	-0.5586879	0.5449121	-0.5781586	0.55956066	0.6141983	0.62111205
0.05129708	-0.0623233	0.040241405	0.033260047	-0.039734922	-0.058149293	-0.0755208	0.10977683	0.019307325	0.05410225	-0.025209947	0.11310211	-0.08133386	0.08332956	0.0903441	0.09887366
0.6900645	-0.6979864	0.73509026	0.718581	-0.67533296	-0.66683906	-0.71952456	0.6637857	0.71210635	0.7206623	-0.67914814	0.714369	-0.66737914	0.6595035	0.731764	0.69227225
0.17331643	-0.18890859	0.13218749	0.18532085	-0.20613933	-0.1386798	-0.12749766	0.21887782	0.17420296	0.14146347	-0.19079104	0.21670662	-0.19166312	0.19565251	0.17689908	0.19866607
-0.53021336	0.56945306	-0.514755	-0.53354865	0.4929348	0.566228	0.58869046	-0.561224	-0.5143635	-0.5211518	0.53422976	-0.58504885	0.49415803	-0.58474576	-0.55294794	-0.5130141
-0.8042196	0.7992876	-0.8137809	-0.78601485	0.7339259	0.72307783	0.73148566	-0.7965663	-0.7816862	-0.72937804	0.76778775	-0.7875501	0.7557198	-0.79476696	-0.7971771	-0.78525716
-0.4062173	0.49696264	-0.5589455	-0.5478729	0.5929361	0.44435814	0.5256509	-0.5062314	-0.5791263	-0.4765397	0.53905636	-0.48982018	0.5066622	-0.48121932	-0.5188996	-0.5400473
-0.72236085	0.82987386	-0.81569606	-0.809684	0.8316621	0.78780526	0.8022996	-0.81536686	-0.8268951	-0.7500798	0.7909289	-0.75395274	0.74136025	-0.80893224	-0.7670896	-0.8453764
0.8463686	-0.77384007	0.86410344	0.7516036	-0.85186017	-0.81248915	-0.759895	0.76237464	0.78873074	0.8289061	-0.8255828	0.830388	-0.73830825	0.7771795	0.8433975	0.84432507
-0.4089644	0.35944584	-0.4768869	-0.42234623	0.43968976	0.43427613	0.43313143	-0.43719155	-0.41564524	-0.3988206	0.45316547	-0.38926673	0.45549768	-0.3655701	-0.35725713	-0.47785416
0.18976378	-0.23679364	0.17362626	0.2295083	-0.21185017	-0.2677899	-0.24677682	0.20624991	0.2644828	0.25430644	-0.2080442	0.24980888	-0.2520162	0.24083947	0.20569915	0.27996573
0.5541008	-0.62019944	0.60049903	0.5399611	-0.59794074	-0.6339824	-0.55235827	0.6271356	0.7148343	0.60487545	-0.61566037	0.6007186	-0.61126345	0.62759954	0.6202248	0.7111306
0.6651526	-0.68383205	0.69622976	0.70553386	-0.751127	-0.6486951	-0.713588	0.696132	0.7084879	0.7166917	-0.7413372	0.7302552	-0.6558164	0.71347857	0.6820876	0.74944437
-0.83169484	0.8781057	-0.9527646	-0.836228	0.9087212	0.86196303	0.84812397	-0.8514413	-0.94719344	-0.86746466	0.84194326	-0.92891717	0.8645756	-0.912079	-0.84252924	-0.87920797
-0.36071986	0.31087637	-0.38152263	-0.28252715	0.27713823	0.34763753	0.32520425	-0.38549075	-0.3634308	-0.30132195	0.2988391	-0.33934003	0.3429355	-0.32606775	-0.3016946	-0.37086517
0.365845	-0.4077294	0.40721762	0.38611355	-0.36457786	-0.41748205	-0.36886027	0.35167906	0.43814725	0.38950005	-0.41075614	0.35335004	-0.36736333	0.42515537	0.43282342	0.36877608
-0.15292904	0.13833407	-0.158097	-0.05156229	0.047617212	0.077943325	0.07033121	-0.071704336	-0.0600017	-0.11734054	0.07411792	-0.044820663	0.053705666	-0.09049834	-0.06452965	-0.11677635
0.6435902	-0.6602165	0.6391731	0.61296135	-0.6521555	-0.610065	-0.59071296	0.6025532	0.660888	0.61884516	-0.60200393	0.6210908	-0.6130405	0.6361528	0.5913911	0.71140105
0.54638267	-0.5352377	0.53365445	0.50433666	-0.53548217	-0.48921657	-0.59088165	0.5439184	0.5700726	0.5571982	-0.53992283	0.5824442	-0.53587127	0.503587	0.5563728	0.59922886
-0.24823837	0.21321106	-0.27403492	-0.28953043	0.26210374	0.30866075	0.21433644	-0.296004	-0.21832728	-0.26107726	0.26568702	-0.22752517	0.26260778	-0.22539985	-0.2902835	-0.24500686
-0.6532743	0.6581223	-0.7128232	-0.65445656	0.68074715	0.6939171	0.72239214	-0.7060831	-0.71218544	-0.6781272	0.7047278	-0.69108987	0.7019246	-0.7075452	-0.6557463	-0.6833384
0.30314493	-0.28691176	0.32298598	0.2191884	-0.21060112	-0.311557	-0.21948984	0.1750924	0.2501517	0.25323418	-0.28919795	0.259015	-0.22765395	0.24646471	0.24685548	0.2270549
0.5259315	-0.52234477	0.48678678	0.44513544	-0.45179704	-0.5393236	-0.5018841	0.48421925	0.4730313	0.539283	-0.5055247	0.52982426	-0.45257217	0.5116731	0.52875245	0.46628678
0.51814485	-0.48077527	0.51326805	0.441414	-0.45716166	-0.4745392	-0.4770628	0.46723086	0.4574768	0.44097832	-0.49746928	0.5049589	-0.46453616	0.43260375	0.45214382	0.4980142
-0.5538924	0.53515106	-0.5469301	-0.56172645	0.5048301	0.5444186	0.5253467	-0.5721736	-0.58696187	-0.5258627	0.53331196	-0.5644649	0.57276106	-0.48646995	-0.5693895	-0.5896359
0.51442045	-0.52768785	0.50796413	0.51631683	-0.523177	-0.5648763	-0.5116856	0.56087065	0.58747786	0.5360803	-0.52508354	0.5075005	-0.54475874	0.4970573	0.556407	0.5083653
0.16534832	-0.057115387	0.14849347	0.115080774	-0.14926496	-0.11692823	-0.081391826	0.09102892	0.13309067	0.07856054	-0.09675149	0.077638455	-0.12697448	0.07540552	0.10552823	0.08435773
0.69788975	-0.7143057	0.7578876	0.7217307	-0.78579587	-0.79303557	-0.7306215	0.6870923	0.823214	0.70653194	-0.77629024	0.7848853	-0.7203441	0.7296778	0.7551129	0.7759738
-0.81567943	0.8054023	-0.9124861	-0.81141543	0.8781651	0.8736549	0.8537464	-0.8370797	-0.87624633	-0.85528415	0.8586557	-0.7903146	0.8008353	-0.8838138	-0.83355564	-0.84713125
0.39478183	-0.5641011	0.49868467	0.5445224	-0.64222324	-0.53048027	-0.5681556	0.5092152	0.65327805	0.53667563	-0.62551385	0.5580804	-0.5467566	0.5044358	0.5824261	0.65357226
-0.30224824	0.28249544	-0.31729826	-0.24462557	0.27123404	0.25916877	0.27815473	-0.24888583	-0.33142322	-0.3002845	0.32479697	-0.31074482	0.31508273	-0.28912973	-0.24206348	-0.27566943
0.49081475	-0.4160244	0.4910346	0.43737942	-0.4810836	-0.4774689	-0.5166882	0.47877157	0.48264897	0.4818058	-0.47047684	0.48331293	-0.43095553	0.49109405	0.44356436	0.47945222
0.17702705	-0.23804003	0.1732724	0.21538854	-0.1661436	-0.15588005	-0.16698286	0.22991273	0.20250317	0.15906878	-0.16631311	0.15287384	-0.19856603	0.21635671	0.20135505	0.18696965
-0.552528	0.54537284	-0.5651672	-0.4592917	0.55618024	0.46875528	0.49570146	-0.50000155	-0.48650786	-0.52206355	0.51746845	-0.52368283	0.50374496	-0.5553748	-0.47713977	-0.5601866
-0.7651881	0.8048978	-0.7973693	-0.79987365	0.7873558	0.81450975	0.8110634	-0.84256107	-0.8966442	-0.82438576	0.8407062	-0.7871689	0.76216835	-0.7859445	-0.76266664	-0.8246494
0.2687577	-0.22662401	0.31299865	0.303948	-0.28759506	-0.2421925	-0.24808875	0.25050125	0.3181292	0.24748579	-0.22636068	0.26199937	-0.22127858	0.28577733	0.2985929	0.21827386
0.20453845	-0.19964512	0.26350442	0.22921956	-0.22979389	-0.24832508	-0.20110744	0.24128368	0.21531208	0.19323564	-0.21926007	0.24767405	-0.21496922	0.24499355	0.22723359	0.23375222
-0.48521107	0.5177975	-0.58053637	-0.48257643	0.4929724	0.52115804	0.49644354	-0.5633039	-0.5542241	-0.5557974	0.48789728	-0.51183575	0.5309401	-0.50839	-0.48351616	-0.5843693
-0.8183908	0.8102524	-0.8046217	-0.86564285	0.8494036	0.87576866	0.87640357	-0.7917769	-0.8801346	-0.8853059	0.7920773	-0.80582577	0.8519853	-0.83752966	-0.8541081	-0.88131225
-0.71335876	0.66897863	-0.71589947	-0.7120256	0.6750231	0.72807336	0.7113935	-0.7199332	-0.719572	-0.6754233	0.707863	-0.6824559	0.6441562	-0.71190506	-0.69742435	-0.68518364
-0.13803554	0.065841705	-0.15291649	-0.1270322	0.119690046	0.0709263	0.05606477	-0.17401212	-0.14096831	-0.099157	0.09376259	-0.122084394	0.12903628	-0.14287598	-0.092140295	-0.15218951
-0.62192214	0.6342506	-0.65070343	-0.70787406	0.71519446	0.6304225	0.7072383	-0.6710074	-0.7424532	-0.6306016	0.6522921	-0.6943518	0.6611209	-0.6765769	-0.6892374	-0.69726914
0.39832127	-0.4890551	0.47810367	0.5068765	-0.5667509	-0.45161048	-0.5308289	0.45408106	0.58710533	0.5086013	-0.55567366	0.4960309	-0.5347069	0.5330096	0.44614384	0.53614736
-0.5473826	0.6047827	-0.56012845	-0.57364845	0.5952515	0.57304114	0.5650085	-0.61836785	-0.5631497	-0.56649566	0.5662079	-0.5651909	0.5881996	-0.56280905	-0.5532974	-0.584096
0.09749853	-0.06675786	0.08646594	0.14714728	-0.14612867	-0.100886196	-0.076609306	0.059305727	0.09696805	0.13247596	-0.09665099	0.11928908	-0.07544379	0.08385021	0.14907888	0.07147447
-0.8920632	0.8787934	-1.0103968	-0.8991204	0.94010216	0.88102823	0.877004	-0.90872014	-0.98545134	-0.9330253	0.9146103	-0.90813464	0.8760057	-0.9218758	-0.9219326	-0.91085774
0.62276584	-0.6061286	0.5941246	0.54240155	-0.5704727	-0.58970726	-0.5558964	0.5372954	0.62997663	0.6237724	-0.55587673	0.5898101	-0.58870596	0.60671496	0.6130242	0.6052823
-0.60171217	0.5732253	-0.6703985	-0.64943695	0.6538579	0.5869293	0.6386224	-0.575389	-0.6304645	-0.58510315	0.6025112	-0.61942184	0.6235283	-0.5969988	-0.6025766	-0.66093713
-0.34384552	0.57674116	-0.6449015	-0.6416687	0.6665069	0.5269088	0.58372223	-0.6192636	-0.68944013	-0.58771086	0.58273566	-0.6512545	0.6136599	-0.5862949	-0.5345059	-0.6867591
-0.30698058	0.32064673	-0.36895955	-0.32608894	0.3542574	0.30769584	0.3722191	-0.33546734	-0.3412354	-0.34377897	0.3399989	-0.34698325	0.30922988	-0.37141362	-0.34567526	-0.37582266
0.6490834	-0.70958304	0.7128665	0.6106779	-0.6595614	-0.6526613	-0.65806085	0.6700421	0.672006	0.6594508	-0.70725524	0.7125637	-0.6584256	0.64786655	0.61995625	0.66384006
0.6410521	-0.6573572	0.69800216	0.64071286	-0.7216873	-0.6183294	-0.6806772	0.6817349	0.7201435	0.67241174	-0.6927301	0.62949383	-0.6145698	0.6629874	0.6901482	0.68738896
-0.8152772	0.8701648	-0.90620863	-0.8366235	0.8384251	0.86525637	0.8480468	-0.8315092	-0.9109759	-0.9020708	0.8435893	-0.903754	0.88899976	-0.8494447	-0.8786093	-0.9456322
-0.43427777	0.35691273	-0.39039057	-0.37877962	0.4413575	0.37230998	0.34865937	-0.37227717	-0.40993476	-0.3976364	0.35170653	-0.42670515	0.35416228	-0.3902033	-0.3447141	-0.37137938
-0.12457961	0.078010835	-0.16918346	-0.048796587	0.10606861	0.120729834	0.075294435	-0.14418611	-0.057034016	-0.09733735	0.11831855	-0.052859087	0.057268254	-0.13504994	-0.0856911	-0.14906026
0.23542295	-0.21316244	0.25108495	0.26574937	-0.24349025	-0.24583738	-0.29288295	0.24097578	0.26712847	0.23872682	-0.19798899	0.24692474	-0.25050515	0.27609366	0.2550997	0.23613244
-0.32391077	0.32133344	-0.33673054	-0.31916985	0.28368685	0.32932523	0.30187875	-0.27975392	-0.31019795	-0.35570905	0.35810128	-0.30523634	0.36124134	-0.36609617	-0.34587824	-0.33073267
0.21325828	-0.26146358	0.2764074	0.20432968	-0.27118763	-0.27011567	-0.29864347	0.2652945	0.26472688	0.26468784	-0.28694022	0.20683834	-0.22810706	0.22993673	0.2882643	0.21847649
0.049440164	-0.031324606	-0.062072445	-0.04488546	-0.038633987	0.014554304	-0.003933524	0.0320156	-0.03431371	0.01715659	0.0020085366	0.033850558	0.04568716	0.046201196	0.042995494	-0.054973345
-0.1666676	0.4096134	-0.4263147	-0.51128715	0.47126836	0.37249628	0.36928633	-0.5448801	-0.520947	-0.44456893	0.52757	-0.50160503	0.48068845	-0.4048055	-0.4124449	-0.5898644
0.4410927	-0.5116086	0.55790234	0.48476788	-0.56724477	-0.50382376	-0.53886336	0.49882478	0.640867	0.5119892	-0.55488104	0.55664533	-0.50924194	0.55339557	0.54712844	0.5651116
-0.13480246	0.1264479	-0.21148708	-0.14412706	0.14473405	0.16283038	0.16081707	-0.16268156	-0.13297579	-0.17833377	0.20615043	-0.17812695	0.16641808	-0.13283373	-0.19674876	-0.19943008
0.16675192	-0.23822185	0.18527003	0.1858896	-0.20523812	-0.15152863	-0.23621331	0.20202243	0.21024707	0.15608071	-0.21702477	0.24205992	-0.19569187	0.24641035	0.23470722	0.24288146
-0.40228295	0.48375693	-0.46978724	-0.44417408	0.40925226	0.46779573	0.45287552	-0.41338915	-0.45960164	-0.4774007	0.50144076	-0.43788695	0.4627067	-0.4544077	-0.40272874	-0.4509974
-0.83371896	0.7938306	-0.8363139	-0.8565182	0.85614914	0.8443613	0.81069034	-0.8274215	-0.90372926	-0.86475366	0.78859997	-0.7850038	0.8330603	-0.7896125	-0.7952451	-0.8808564
-0.65484595	0.6596276	-0.68489003	-0.65432864	0.61060035	0.5777888	0.56787306	-0.57417274	-0.6617581	-0.6365421	0.66257167	-0.5911152	0.6073722	-0.64854085	-0.63474333	-0.66579604
-0.5601794	0.6407291	-0.633388	-0.6918108	0.71455234	0.6765803	0.62731403	-0.64299977	-0.6635343	-0.64019203	0.6214835	-0.70722127	0.6784164	-0.7012594	-0.66110885	-0.6747165
0.5118298	-0.6113451	0.5684468	0.5667199	-0.62351173	-0.6379117	-0.6145064	0.60891813	0.71177506	0.5746086	-0.5848664	0.6326885	-0.6139956	0.61470866	0.6262207	0.6741277
-0.6026245	0.65790415	-0.5805659	-0.6061402	0.6820673	0.5859924	0.63036424	-0.63395375	-0.6520076	-0.6294047	0.6529371	-0.6427548	0.67307055	-0.6274257	-0.6303775	-0.7023722
0.3746083	-0.48497796	0.4232932	0.42649284	-0.45130467	-0.40604076	-0.49233106	0.40556756	0.55576366	0.47914433	-0.43149015	0.45811746	-0.49347895	0.4931824	0.44286695	0.4709035
-0.3901284	0.5377931	-0.5523149	-0.6438539	0.6240474	0.49903896	0.5564424	-0.5770877	-0.62113434	-0.5985277	0.6248938	-0.57048166	0.54820323	-0.6187064	-0.59666985	-0.6490106
-0.044390976	0.0170488	-0.12027892	-0.04243567	0.085014395	0.102652684	0.049762797	-0.112743005	-0.110716715	-0.088124335	0.11449987	-0.049404103	0.032737367	-0.06875253	-0.05799897	-0.08792301
-0.63510174	0.589473	-0.63916314	-0.60343146	0.64725834	0.65254045	0.6277287	-0.6432216	-0.6586562	-0.5670744	0.58995116	-0.64595544	0.6358934	-0.61562103	-0.60527855	-0.6479834
0.15954728	-0.1719541	0.22956997	0.168008	-0.15117371	-0.22243208	-0.20363635	0.19757421	0.16886455	0.14027981	-0.20955859	0.22340919	-0.16162738	0.1745584	0.18393119	0.16895008
-0.71409917	0.7427895	-0.7921696	-0.7773492	0.7154714	0.7907872	0.79446113	-0.7004291	-0.75475836	-0.7609942	0.7175031	-0.7607354	0.7295665	-0.72212476	-0.7043779	-0.78183657
-0.17310402	0.17063032	-0.21883869	-0.25218675	0.25400087	0.23805608	0.2357662	-0.20845951	-0.22784917	-0.18353644	0.19895224	-0.19753858	0.2199043	-0.15974662	-0.22606093	-0.18330465
0.57658345	-0.58938926	0.67932326	0.6044986	-0.6791014	-0.60407925	-0.66205204	0.5804857	0.71163607	0.61988693	-0.6506851	0.68890935	-0.61247355	0.6554797	0.65322554	0.7395564
-0.5422968	0.525618	-0.5849948	-0.5542691	0.5885595	0.54041183	0.4928174	-0.5355116	-0.5746587	-0.57095176	0.55854464	-0.50712615	0.5026235	-0.57694566	-0.50846577	-0.55451506
0.19841522	-0.24533653	0.1875036	0.19532998	-0.23072514	-0.15991616	-0.1898337	0.14281473	0.2524926	0.1743583	-0.22566235	0.22610089	-0.22634892	0.24543001	0.23727326	0.23315424
0.16395445	-0.10492635	0.102286614	0.16798577	-0.12829296	-0.11653653	-0.16749646	0.13970639	0.11683662	0.16610377	-0.1576622	0.16712664	-0.14899784	0.16999835	0.10006147	0.13406475
-0.68727374	0.6892685	-0.69975847	-0.728479	0.6999394	0.7231068	0.7161905	-0.6799781	-0.7203341	-0.72481066	0.72024375	-0.69185907	0.6987661	-0.732994	-0.65487564	-0.7797468
-0.15539058	0.45894122	-0.42609492	-0.46276745	0.57756567	0.34018615	0.3503667	-0.51688063	-0.6276967	-0.46514463	0.49875867	-0.52481055	0.4581609	-0.3937496	-0.4387717	-0.5672608
0.19529113	-0.043539096	0.0469904	-0.014954667	-0.034721706	-0.1580212	-0.09956113	-0.082620755	0.046901852	0.04176462	0.03897784	-0.047835276	0.028783815	0.07185478	0.0631559	0.035294507
-0.21111134	0.19581993	-0.24072677	-0.12014886	0.20345606	0.2188086	0.2010304	-0.19656505	-0.16997196	-0.19464912	0.1180405	-0.19959135	0.20696196	-0.22084206	-0.22905672	-0.16620348
0.44352633	-0.54924184	0.532772	0.4614032	-0.56536645	-0.5156005	-0.4799891	0.4686995	0.60690105	0.53722256	-0.5724788	0.56360483	-0.51181126	0.5443038	0.48306492	0.5661789
0.67111146	-0.6924733	0.798284	0.7683282	-0.7512882	-0.76934934	-0.71448606	0.76170355	0.78286326	0.752228	-0.7305516	0.7668525	-0.70567507	0.77922803	0.68952024	0.8190356
0.23155494	-0.20462589	0.2871412	0.19874433	-0.27371055	-0.20935611	-0.18342595	0.2779855	0.23297319	0.21912451	-0.18964	0.19043535	-0.18087566	0.21602176	0.2484589	0.2257506
-0.62014854	0.64746696	-0.6750809	-0.6625444	0.6314522	0.5880743	0.60629004	-0.69375306	-0.6761144	-0.6340826	0.6765885	-0.6610846	0.6570911	-0.6710601	-0.64655346	-0.6619044
0.43170685	-0.42960677	0.4531847	0.47592753	-0.4387639	-0.48549476	-0.40620232	0.38053107	0.47980595	0.5025808	-0.43569675	0.4496781	-0.47939876	0.41540387	0.45128855	0.4937457
0.70572865	-0.69212437	0.68394953	0.65361845	-0.6679174	-0.68608296	-0.72756594	0.6928088	0.7096963	0.64935505	-0.70483947	0.6949069	-0.71495706	0.6581288	0.65673953	0.73326206
-0.6502895	0.71785486	-0.71959794	-0.6317938	0.6904422	0.6235251	0.6550832	-0.6297005	-0.71732694	-0.7097403	0.7080146	-0.6678369	0.69647026	-0.63281536	-0.64849573	-0.71185005
-0.11364107	0.08000611	-0.11979626	-0.10134702	0.095361486	0.13709174	0.04419574	-0.03539126	-0.15097208	-0.08113308	0.12726904	-0.093776844	0.117947996	-0.12455245	-0.081221774	-0.0854811
-0.4451126	0.5715998	-0.6145197	-0.5701318	0.5830303	0.4595442	0.5405614	-0.5028214	-0.6300667	-0.4812037	0.5892972	-0.5783039	0.5326352	-0.56572074	-0.52532095	-0.57475924
-0.42886806	0.4808531	-0.4541369	-0.5122188	0.49659547	0.48981953	0.48977634	-0.45527425	-0.49514857	-0.50992125	0.45717457	-0.4855241	0.4342106	-0.5224251	-0.48951697	-0.52632594
0.6825788	-0.72607744	0.7213475	0.7295062	-0.75269175	-0.7127446	-0.76203936	0.73699707	0.73809737	0.69904375	-0.71219915	0.7138749	-0.69215316	0.7636771	0.7182849	0.74502796
0.49555513	-0.5430489	0.5049525	0.48827612	-0.59256184	-0.5423602	-0.5063418	0.52759635	0.628149	0.52563167	-0.5349452	0.5809191	-0.5108764	0.5060714	0.56273216	0.58881366
0.51017994	-0.5310199	0.5859653	0.5365422	-0.5113704	-0.5080745	-0.50172246	0.48644188	0.4843631	0.53909016	-0.51646775	0.45625293	-0.5188021	0.54349446	0.51836264	0.5552549
-0.32888505	0.32754043	-0.44343802	-0.40919775	0.35299522	0.3495703	0.31618175	-0.34734935	-0.43710303	-0.3387778	0.39768505	-0.33619064	0.3323733	-0.3483564	-0.37865826	-0.42253822
-0.17865129	0.2116322	-0.2332317	-0.17459254	0.18517439	0.16479963	0.20991011	-0.17303286	-0.22350639	-0.21111222	0.21204099	-0.13469894	0.15261854	-0.17213796	-0.21110648	-0.18196234
0.41808233	-0.45088455	0.49101615	0.4871193	-0.5031827	-0.44311643	-0.43290937	0.5069489	0.4605017	0.4848396	-0.5042271	0.52887344	-0.47263843	0.4684038	0.46920225	0.51321876
-0.009470008	0.0563384	-0.015778966	-0.04693042	0.018567197	0.041478194	0.036673155	-0.05361134	-0.030275857	-0.008392793	0.02412797	-0.049858276	0.015620492	-0.043128327	-0.05177066	-0.055871848
0.28008264	-0.3609039	0.2970263	0.33894816	-0.35505375	-0.34125793	-0.2959356	0.3685166	0.367114	0.35863197	-0.3104195	0.31058237	-0.29718143	0.37189528	0.36206105	0.36864004
0.5289863	-0.45053518	0.52473634	0.4683177	-0.4577112	-0.4497944	-0.47412792	0.4866863	0.44656965	0.48113856	-0.50345	0.49057743	-0.4976147	0.5112787	0.4378066	0.50651765
-0.6540063	0.658244	-0.6843158	-0.6683695	0.63217	0.6632772	0.66489387	-0.65965813	-0.71670425	-0.6802892	0.61408556	-0.71041167	0.6437341	-0.63789594	-0.69118756	-0.6287889
-0.33724502	0.33357123	-0.33266965	-0.37729374	0.3274946	0.30005917	0.32922217	-0.28176558	-0.3679425	-0.30529293	0.29452446	-0.37722418	0.29498875	-0.38503057	-0.35946423	-0.32492265
-0.44947687	0.5812595	-0.6204539	-0.5748465	0.57642096	0.58205885	0.5908918	-0.6020308	-0.5968256	-0.58594185	0.5980174	-0.60407346	0.5625207	-0.5511297	-0.51265025	-0.6090078
-0.14972423	0.4963249	-0.5053523	-0.47953907	0.585376	0.39828178	0.38825324	-0.57289475	-0.6288318	-0.46181324	0.48397228	-0.5254716	0.50881964	-0.4607559	-0.42725006	-0.52509207
0.39774197	-0.4121577	0.37154984	0.34703764	-0.40817076	-0.39720514	-0.39189157	0.37043372	0.36292607	0.403579	-0.33847207	0.40663552	-0.40738282	0.4086212	0.42992342	0.43060777
-0.6650001	0.6296446	-0.67158604	-0.70162266	0.65758574	0.68569636	0.6242922	-0.6445217	-0.69791734	-0.7061819	0.6730625	-0.6300583	0.6351595	-0.621647	-0.6705047	-0.72660106
0.7135258	-0.7585699	0.7388088	0.7503393	-0.7553987	-0.72765565	-0.7798056	0.75752074	0.83138514	0.79129666	-0.78395987	0.7685017	-0.79355794	0.77584285	0.7660857	0.8252715
-0.044805154	0.05886162	-0.041862316	-0.027791506	0.10566517	0.045651298	0.03821663	-0.067825876	-0.062086	-0.10352304	0.06557169	-0.09359134	0.09087888	-0.033433396	-0.10938017	-0.10466238
0.6746731	-0.67268157	0.668899	0.6889504	-0.7078401	-0.66860825	-0.67778236	0.6805757	0.7525296	0.6761007	-0.75895584	0.75191855	-0.70751846	0.7276998	0.68367976	0.742821
-0.061551403	0.0638201	-0.12973125	-0.049790464	0.14283517	0.081498295	0.06499509	-0.0815588	-0.106789865	-0.08045476	0.066107795	-0.07204267	0.08401047	-0.08302567	-0.08122028	-0.12531504
-0.60555464	0.693385	-0.66917	-0.7233012	0.748931	0.7151046	0.7164727	-0.71227044	-0.6798964	-0.7198037	0.71601653	-0.72455406	0.72569513	-0.6452138	-0.71087486	-0.6851688
-0.5760598	0.6087265	-0.61172485	-0.5572738	0.5771464	0.61135215	0.5576664	-0.63229644	-0.6541759	-0.60392004	0.61224574	-0.6081675	0.5606592	-0.6147631	-0.622841	-0.5903546
0.18759999	-0.18114646	0.08583028	0.07986553	-0.14965534	-0.18686286	-0.15192047	0.07994213	0.10597054	0.10115894	-0.09202031	0.14734481	-0.04399734	0.14156108	0.07839448	0.09045468
0.15857553	-0.1421587	0.07244881	0.09568676	-0.08756179	-0.13091129	-0.14737503	0.115375556	0.1372119	0.07579736	-0.06315479	0.10560639	-0.036171854	0.1193751	0.14814633	0.14717643
-0.8277078	0.83095914	-0.8465329	-0.84319025	0.8547999	0.83847886	0.8065755	-0.8142554	-0.8948282	-0.82192826	0.7895114	-0.8196064	0.7901632	-0.8237291	-0.8388308	-0.8542281
-0.65452164	0.64887476	-0.7539272	-0.6671001	0.7000141	0.7093952	0.66559327	-0.6948356	-0.7816822	-0.68882847	0.673772	-0.6809108	0.68578404	-0.7169804	-0.69860387	-0.75343907
0.7283353	-0.7502442	0.7378725	0.7197324	-0.73781073	-0.6579611	-0.75509423	0.66509324	0.75004745	0.76366806	-0.7298824	0.7159155	-0.7381513	0.70678157	0.6634508	0.72348267
0.09113999	-0.09032285	0.05688229	0.07604912	-0.069472454	-0.121519506	-0.059938386	0.0964529	0.12167196	0.07752042	-0.06607987	0.055166323	-0.03531747	0.08440445	0.12874614	0.12901098
-0.5587414	0.67967653	-0.65816236	-0.61245495	0.6160419	0.6608108	0.5970544	-0.61658007	-0.6363107	-0.6477057	0.602784	-0.63200414	0.61855215	-0.618942	-0.6544471	-0.66652805
0.082219824	-0.084256716	0.120861486	0.051920258	-0.08242876	-0.14267759	-0.078370586	0.072435565	0.10757191	0.12047981	-0.11788037	0.07825651	-0.05812542	0.08665032	0.12851296	0.051418524
-0.6693148	0.68184507	-0.74155694	-0.68196124	0.68599343	0.6795565	0.67301434	-0.66859293	-0.7424699	-0.70341027	0.67862797	-0.72062606	0.66806257	-0.7604097	-0.7179117	-0.7835239
-0.57267326	0.6344714	-0.55680203	-0.5977822	0.57760966	0.5931829	0.6317283	-0.6104782	-0.6017192	-0.5474929	0.5622257	-0.57161754	0.5481752	-0.60989964	-0.6357829	-0.5695279
-0.680772	0.7059792	-0.7744204	-0.7019468	0.7534494	0.7578785	0.7631499	-0.7637313	-0.74570584	-0.7591677	0.68627334	-0.70135397	0.6924392	-0.71198577	-0.69981414	-0.77051884
-0.22537147	0.5431312	-0.5284733	-0.5671455	0.58542454	0.4602025	0.4680151	-0.51935333	-0.60065454	-0.5366051	0.5528467	-0.62888503	0.58744586	-0.46777323	-0.53624415	-0.5700834
-0.2813087	0.50219434	-0.5602982	-0.597043	0.6327188	0.41048416	0.47444516	-0.6144744	-0.5917517	-0.54743767	0.568575	-0.6260229	0.60021824	-0.5486128	-0.4787601	-0.5938299
-0.3377942	0.4123071	-0.47287855	-0.47826716	0.5077899	0.48915476	0.44865683	-0.5130098	-0.48387772	-0.5082034	0.49536502	-0.51147336	0.45646468	-0.47708324	-0.45106474	-0.5027088
-0.19498964	0.18889858	-0.2030628	-0.21862558	0.26366854	0.17504777	0.21776184	-0.24902609	-0.18664965	-0.22905684	0.25757006	-0.22787622	0.18055557	-0.24876897	-0.175731	-0.17139542
-0.10267387	0.059677076	-0.07578734	-0.054381195	0.07267074	0.026295356	0.0465737	-0.09425256	-0.04829664	-0.050247576	0.093306415	-0.02763971	0.063473925	-0.035017394	-0.09473872	-0.019568183
0.46694472	-0.381189	0.4292858	0.46601856	-0.42871764	-0.4725997	-0.45097083	0.39240268	0.3962356	0.43114117	-0.39609438	0.41611752	-0.43280065	0.47249213	0.45692033	0.43126735
0.014002676	0.114879936	-0.13199225	-0.1550548	0.17360877	0.06523411	0.095132835	-0.23035443	-0.1488233	-0.09145727	0.1228841	-0.11622756	0.2097586	-0.06435417	-0.09388925	-0.1138097
0.34903613	-0.2831595	0.28135166	0.3319553	-0.37537295	-0.34251633	-0.2866323	0.29479367	0.32067516	0.30445692	-0.28202975	0.33117196	-0.33530268	0.3437191	0.28296247	0.3434652
0.2998947	-0.41867778	0.3355753	0.3313192	-0.37860766	-0.3596143	-0.3344788	0.30561736	0.51845026	0.34859696	-0.41706628	0.441051	-0.36602524	0.3756364	0.42239705	0.4239765
0.8234702	-0.7692755	0.8747934	0.84371734	-0.7886295	-0.77944005	-0.7631552	0.8410368	0.8319746	0.7876257	-0.7577449	0.77208704	-0.80709636	0.81759506	0.7630252	0.8774971
0.61064917	-0.65118545	0.6509468	0.5768007	-0.6189186	-0.61589223	-0.63487685	0.66867816	0.62216324	0.6642461	-0.6442357	0.5896015	-0.56844294	0.5827373	0.65841186	0.6663927
0.19495691	-0.26546073	0.19629557	0.2075989	-0.24763303	-0.22954793	-0.1943776	0.25083527	0.27554154	0.26749685	-0.1815806	0.18845099	-0.21983871	0.2609508	0.26924703	0.26634148
-0.51764303	0.6737876	-0.6552561	-0.58993644	0.6871145	0.5789474	0.6663065	-0.6287326	-0.6836749	-0.6728537	0.6465546	-0.6335061	0.6180529	-0.6154543	-0.66276073	-0.6908212
-0.77377194	0.85083544	-0.78085035	-0.8521354	0.83562255	0.7889674	0.8125249	-0.77723444	-0.9015255	-0.793422	0.85538787	-0.8117314	0.8090586	-0.80033815	-0.783439	-0.8097782
-0.39040807	0.34891793	-0.39654124	-0.39537165	0.34976482	0.35235304	0.4312948	-0.36310703	-0.37212506	-0.34248123	0.41963625	-0.40957028	0.41257086	-0.44384122	-0.40846848	-0.41491452
0.25880855	-0.28625473	0.3712323	0.36182153	-0.34508136	-0.3198198	-0.35520285	0.31689283	0.40593514	0.3470188	-0.32939768	0.3937657	-0.27724245	0.30730957	0.37443602	0.44902405
-0.75753736	0.71057093	-0.7869901	-0.74177986	0.7958602	0.71196985	0.75107	-0.78497463	-0.75549066	-0.7037469	0.7191964	-0.74446565	0.7833851	-0.74446267	-0.7756127	-0.7868139
-0.50633013	0.5099775	-0.4885355	-0.5037982	0.51750237	0.45651984	0.482031	-0.45759723	-0.46498644	-0.45684695	0.47884804	-0.426226	0.4802766	-0.46201012	-0.45219657	-0.48059756
-0.61797935	0.74576485	-0.687361	-0.68226516	0.68122023	0.6844913	0.6766331	-0.66716456	-0.7480764	-0.70230955	0.69321984	-0.7470944	0.68763036	-0.66097075	-0.66057485	-0.7073438
-0.4651414	0.5328543	-0.45925915	-0.4961518	0.53448683	0.49124914	0.47934318	-0.49843496	-0.48245984	-0.519489	0.5128075	-0.507821	0.52857745	-0.5042013	-0.46163273	-0.48386014
0.083440766	-0.028386284	0.035777073	0.10508562	-0.09335126	-0.042046435	-0.023842743	0.08020348	0.0836904	0.11263268	-0.07148518	0.056724824	-0.1033861	0.06917905	0.023711085	0.053976968
-0.6508087	0.6745413	-0.74183744	-0.6606696	0.7039656	0.67201483	0.69533557	-0.7240925	-0.75346386	-0.6883857	0.6692683	-0.6856077	0.6635376	-0.7242487	-0.636823	-0.71652126
-0.6784305	0.71135086	-0.67283183	-0.62494916	0.6952467	0.6624433	0.6537388	-0.641711	-0.72420174	-0.67840165	0.65822357	-0.7203493	0.6485268	-0.7003075	-0.6802347	-0.660085
0.33880934	-0.3915758	0.4156428	0.4141562	-0.39159775	-0.3696071	-0.39711004	0.40039337	0.3791251	0.37812912	-0.4236652	0.3889678	-0.40984446	0.38081616	0.3435115	0.35792685
-0.0075374413	0.03447216	-0.07150142	-0.06439427	0.07410775	0.06551913	0.089025356	-0.061740987	-0.04885424	-0.04433928	0.10979254	-0.046233427	0.14105982	-0.091781065	-0.09295071	-0.047414035
0.42258155	-0.4547436	0.49971104	0.46103	-0.46914837	-0.43300027	-0.46720058	0.41188398	0.46897215	0.4258473	-0.4694156	0.4012849	-0.3866805	0.46252087	0.4176086	0.43446952
-0.033968747	0.054694213	-0.07436387	-0.025566734	-0.009179765	0.034763813	0.078065254	0.00063662103	-0.07159949	-0.05775764	0.055387065	-0.023736816	0.009231629	-0.05585812	0.0054770494	-0.013514555
0.39390326	-0.5068152	0.45217186	0.48445338	-0.5468213	-0.5097307	-0.43645835	0.48630536	0.50041705	0.47060987	-0.4938647	0.4977671	-0.44560015	0.4765637	0.5264016	0.48973265
-0.7852434	0.7403185	-0.79383206	-0.7998602	0.7938053	0.72352225	0.7999956	-0.8045924	-0.8287028	-0.8040136	0.76008314	-0.8210812	0.7725983	-0.8050207	-0.7344876	-0.8378398
0.7267263	-0.73716176	0.71005195	0.75044614	-0.73382705	-0.7511249	-0.7504745	0.74173135	0.8111425	0.7055026	-0.7278446	0.7194874	-0.72427946	0.7350523	0.69425076	0.7163235
-0.5516109	0.53004473	-0.60553265	-0.5768786	0.5558235	0.5943691	0.5786759	-0.5606935	-0.50749713	-0.53328955	0.53534675	-0.51418823	0.49043217	-0.56312037	-0.5281829	-0.54825795
0.23351637	-0.16734438	0.17206149	0.11778775	-0.16796134	-0.17993784	-0.20634861	0.13224827	0.14763117	0.14021838	-0.1111421	0.1507219	-0.13605754	0.13445176	0.1477773	0.13657592
-0.58958626	0.6517873	-0.6259626	-0.6152258	0.6972957	0.65548015	0.63589877	-0.6143444	-0.6710895	-0.62532634	0.6069948	-0.6876644	0.67020184	-0.6867045	-0.6881082	-0.62469774
-0.12805054	0.5125311	-0.50266117	-0.5409397	0.58468884	0.41735205	0.38227305	-0.6174733	-0.60881716	-0.46727636	0.5570875	-0.58959824	0.52735573	-0.5170993	-0.52911043	-0.6408126
0.5171889	-0.59306693	0.6077514	0.56106406	-0.63641703	-0.5402735	-0.54032713	0.56091845	0.67066747	0.6310648	-0.5899694	0.5856409	-0.5452995	0.5688053	0.56305325	0.62615
0.28842238	-0.29563534	0.29533884	0.28543234	-0.24038896	-0.22523913	-0.32281724	0.283252	0.26566687	0.26353943	-0.31014615	0.25753328	-0.22813497	0.30497947	0.30035648	0.28177354
-0.008914041	0.047874324	-0.010703371	-0.026054408	-0.0071976087	0.01354967	0.027816772	0.024164965	-0.03502677	-0.0061642667	0.040904902	-0.016547345	0.045560997	-0.034818795	-0.0007049297	-0.0028921666
-0.80360496	0.783075	-0.846287	-0.7921815	0.8275486	0.8241441	0.773274	-0.77700305	-0.8113288	-0.74977577	0.82206523	-0.8446521	0.74430287	-0.7758045	-0.7808161	-0.7675593
-0.32706043	0.43891603	-0.3794562	-0.4230069	0.49465227	0.3653134	0.3510086	-0.45728198	-0.5268791	-0.37022874	0.39797065	-0.4696395	0.46420744	-0.428229	-0.36008316	-0.45209032
-0.16306442	0.23818043	-0.25256482	-0.19827193	0.2824663	0.270357	0.2466113	-0.26163143	-0.2441018	-0.24169174	0.27362102	-0.24196869	0.23164752	-0.21816878	-0.22297537	-0.20967714
0.6508741	-0.68678385	0.6630046	0.6447736	-0.7258911	-0.70440793	-0.7147672	0.64458686	0.781066	0.7489345	-0.6837548	0.7523763	-0.70647544	0.7358688	0.6489451	0.7092939
-0.42150292	0.43794405	-0.51497483	-0.41831976	0.4191605	0.4506277	0.46878996	-0.46850505	-0.48400384	-0.48338962	0.5092606	-0.46212262	0.46748373	-0.47017902	-0.4278398	-0.4499837
-0.3650509	0.41636798	-0.413251	-0.4574974	0.41328412	0.37344852	0.44014597	-0.41435418	-0.45629406	-0.43592912	0.43968207	-0.41926244	0.4472171	-0.4123771	-0.45192268	-0.39730874
0.3241235	-0.3213398	0.28413078	0.36185542	-0.3470678	-0.3079034	-0.31623295	0.3375203	0.36111847	0.28470522	-0.29219723	0.33402595	-0.35567218	0.3497674	0.2646233	0.34935448
0.11744908	-0.050273057	0.040033102	0.07146926	-0.11040564	-0.08652157	-0.042480085	0.018058002	0.08156584	0.03667438	-0.041819297	0.020166587	-0.10059715	0.021833772	0.06289826	0.07677151
0.4637383	-0.49206546	0.5116439	0.46340626	-0.4961368	-0.4797133	-0.43133283	0.44156545	0.5873597	0.5289308	-0.47795573	0.47028947	-0.39337426	0.45577052	0.46407712	0.5224067
0.41813993	-0.5335473	0.57690156	0.52713674	-0.61477196	-0.53919	-0.50806487	0.5426672	0.6820485	0.53893554	-0.6109935	0.6205581	-0.5833901	0.564836	0.56571126	0.6509622
0.36684734	-0.4286271	0.42295587	0.37927386	-0.41732746	-0.3650151	-0.4456098	0.39950237	0.4141021	0.42586046	-0.3872962	0.38819247	-0.3841416	0.44453058	0.37605974	0.44232956
-0.5800799	0.5662965	-0.6016112	-0.5838413	0.59902054	0.6387858	0.57499313	-0.57206184	-0.6474338	-0.56362724	0.64953697	-0.6323419	0.6294012	-0.63622946	-0.64631575	-0.6037781
-0.6687288	0.6046954	-0.6813077	-0.6152573	0.62779444	0.6579343	0.62426513	-0.6263161	-0.6665646	-0.6027884	0.58905476	-0.6196992	0.63061064	-0.6598379	-0.5805906	-0.58808655
0.5352131	-0.57422847	0.5727426	0.61399513	-0.56849706	-0.53095096	-0.5875832	0.56390804	0.6383322	0.6310822	-0.5777514	0.6510641	-0.56851274	0.59194905	0.5925269	0.5982332
0.4538913	-0.43530414	0.4704488	0.44089583	-0.43287212	-0.46253884	-0.43192306	0.41208112	0.4376968	0.46330923	-0.48188415	0.45904264	-0.43686655	0.45868358	0.4810395	0.4730394
0.10249887	-0.049337	0.06942693	0.13676167	-0.10977228	-0.04204762	-0.047715943	0.051446307	0.08258685	0.07799996	-0.05857226	0.07639418	-0.14034623	0.1106665	0.06984004	0.101154715
-0.89931995	0.88497376	-0.92417675	-0.847473	0.9566168	0.8766703	0.9300955	-0.9353948	-0.9150147	-0.8543009	0.85804516	-0.88451463	0.89401686	-0.8575011	-0.93820727	-0.9481333
0.21412928	-0.24004152	0.23599264	0.2343802	-0.28320876	-0.27004755	-0.24831271	0.2317511	0.3065914	0.20939194	-0.23679492	0.20522521	-0.19634181	0.28684688	0.26807347	0.22613838
0.44003496	-0.55277455	0.46630827	0.560181	-0.5455642	-0.5342327	-0.5573676	0.52094054	0.61610603	0.5225764	-0.50806427	0.55047417	-0.5234385	0.54215986	0.48345274	0.613187
0.46106008	-0.5676273	0.55414915	0.5242821	-0.5808245	-0.5216721	-0.5169457	0.5089368	0.60796237	0.5616388	-0.5880932	0.5211202	-0.5039778	0.577159	0.52568316	0.6166392
0.44397065	-0.46112818	0.52651525	0.49882388	-0.48957148	-0.4640479	-0.51309186	0.5065819	0.5437726	0.45789203	-0.53639746	0.49262342	-0.47711492	0.449595	0.512087	0.46580595
-0.66961485	0.6928211	-0.7086093	-0.650423	0.6857593	0.6921088	0.69175833	-0.66483665	-0.7037332	-0.65242493	0.65985566	-0.69071335	0.6569102	-0.6300724	-0.6623633	-0.69151336
-0.34195653	0.5645177	-0.5338364	-0.5822983	0.58874047	0.47052258	0.4298527	-0.5639292	-0.6839949	-0.5506904	0.62409586	-0.63091165	0.5757837	-0.5729717	-0.5477558	-0.63842726
-0.5555092	0.5476504	-0.57673955	-0.4725066	0.5124537	0.56765985	0.4743574	-0.5185597	-0.5656114	-0.5241402	0.5507067	-0.5395969	0.5627264	-0.49064255	-0.5279307	-0.5292918
-0.25888193	0.31253168	-0.27427545	-0.27173498	0.3312568	0.300548	0.3334335	-0.30279332	-0.34530875	-0.2854376	0.26258504	-0.34549624	0.2666916	-0.31229243	-0.29582432	-0.2757693
-0.41044098	0.44299644	-0.4495018	-0.3921545	0.45875898	0.41686067	0.4585628	-0.39869544	-0.43130475	-0.4517256	0.43334898	-0.41973594	0.4383584	-0.48075247	-0.43561274	-0.4373816
0.595195	-0.54719865	0.6090596	0.5567881	-0.6203021	-0.5281146	-0.6081518	0.542361	0.6323547	0.53784424	-0.5799194	0.5684398	-0.5062413	0.52820927	0.57777095	0.58000183
0.5244598	-0.55044115	0.569491	0.535769	-0.5616837	-0.5479362	-0.5456261	0.53469336	0.5131334	0.4754327	-0.5073911	0.491807	-0.5066744	0.5520224	0.5439592	0.5750501
0.0261013	-0.08937147	0.037193332	0.11515254	-0.042600695	-0.0748663	-0.10912642	0.10882563	0.12034545	0.06465946	-0.060187683	0.117535025	-0.084438786	0.11423381	0.11384631	0.13110924
-0.2849321	0.31771162	-0.25964212	-0.3057699	0.28306246	0.30185476	0.2896131	-0.25778958	-0.32239234	-0.25716934	0.28693256	-0.33189547	0.30917844	-0.34227085	-0.34128076	-0.3001929
0.24401931	-0.42953312	0.3155906	0.3675657	-0.49047485	-0.3350799	-0.40642217	0.32015526	0.5350133	0.35562712	-0.47466618	0.44684866	-0.3297469	0.34448743	0.37115464	0.5184919
0.6352288	-0.64038086	0.6191999	0.57739323	-0.62160504	-0.6390229	-0.5996094	0.6239341	0.6114703	0.6055129	-0.6281498	0.60865736	-0.5652089	0.5846405	0.59917873	0.6449636
-0.60782313	0.61011803	-0.6754768	-0.60312366	0.65002257	0.61501086	0.62558985	-0.65950626	-0.6426014	-0.66439366	0.64366853	-0.62285185	0.60705113	-0.61715955	-0.60511816	-0.6286777
0.28605917	-0.21158558	0.30261213	0.2693837	-0.28618053	-0.3017934	-0.29029167	0.266202	0.27846953	0.21207252	-0.26702473	0.2703781	-0.27591363	0.298174	0.30534795	0.23093472
0.41786703	-0.3675624	0.4096366	0.36706513	-0.3508752	-0.37402037	-0.3773954	0.38311267	0.36527094	0.4189602	-0.35243374	0.36081055	-0.37360525	0.36670867	0.39285967	0.35284194
0.28122678	-0.27900866	0.29467058	0.2550969	-0.28045082	-0.32500786	-0.2967548	0.35561848	0.30001953	0.29403916	-0.31036347	0.26583797	-0.29502165	0.27431545	0.3224456	0.3182578
-0.33286506	0.3845904	-0.40690944	-0.29873377	0.36986697	0.32744908	0.36120048	-0.36272871	-0.39711282	-0.30907977	0.34681126	-0.3951968	0.32824442	-0.3548112	-0.34525	-0.35264826
-0.26823255	0.23045221	-0.3158886	-0.2616537	0.2214868	0.24584204	0.24372873	-0.24284203	-0.235677	-0.2630582	0.18666577	-0.23439595	0.2682603	-0.27878025	-0.21882816	-0.28138733
0.5401909	-0.60708904	0.57605344	0.61211735	-0.5643495	-0.6088815	-0.6386891	0.6056469	0.643511	0.5577773	-0.63428986	0.59742135	-0.6371353	0.5754366	0.61284953	0.6249797
-0.30649906	0.53200066	-0.60671973	-0.53202116	0.576251	0.45987177	0.54278064	-0.52960265	-0.64258623	-0.5431494	0.6064611	-0.5912122	0.6018535	-0.4998511	-0.49518993	-0.5964237
-0.62774384	0.7023855	-0.6816092	-0.7347415	0.72973883	0.69382876	0.71215445	-0.71058387	-0.723669	-0.69704026	0.7401617	-0.74620533	0.67884123	-0.68275404	-0.7476651	-0.74206984
0.79772574	-0.77930415	0.80513966	0.7255879	-0.7543082	-0.782155	-0.7481739	0.8204247	0.77200174	0.733975	-0.8224746	0.79904217	-0.74627376	0.82966894	0.7288095	0.8382193
-0.023781369	0.36075434	-0.37929305	-0.42633024	0.5023858	0.3178293	0.3459839	-0.43406376	-0.578811	-0.38446113	0.49757594	-0.4894629	0.4536461	-0.40983352	-0.3577122	-0.4902568
0.7819994	-0.78511995	0.8168312	0.7405026	-0.7570501	-0.7604392	-0.77827096	0.81652576	0.80346996	0.7855908	-0.7759253	0.7819944	-0.7769523	0.77124065	0.79635143	0.7956715
-0.060267273	0.35173085	-0.3282107	-0.44003043	0.58279717	0.22678664	0.25469258	-0.46810433	-0.6733494	-0.3962629	0.46800512	-0.56487906	0.45364195	-0.41411537	-0.37904054	-0.56558406
-0.78224695	0.8311151	-0.8336571	-0.81105953	0.8120923	0.8624359	0.86094654	-0.78880847	-0.82594186	-0.79311085	0.8280893	-0.8811479	0.7775929	-0.77787364	-0.77623653	-0.8927078
-0.11297829	0.14583847	-0.21390337	-0.18924059	0.20938562	0.13403487	0.17282042	-0.19652382	-0.22750403	-0.21139428	0.21946315	-0.16254397	0.15068176	-0.13468795	-0.14228289	-0.13444288
-0.7504615	0.7301579	-0.79422957	-0.6825724	0.7150521	0.67082036	0.7387738	-0.7321781	-0.71473706	-0.71133465	0.6946806	-0.7586254	0.7032177	-0.67466545	-0.72084486	-0.79118073
-0.3884002	0.335293	-0.4470011	-0.38720673	0.34758064	0.3588103	0.38380894	-0.3437669	-0.43483925	-0.34247097	0.43107843	-0.3462839	0.3856934	-0.35953698	-0.42933658	-0.39197803
-0.706223	0.69643265	-0.68399125	-0.6628461	0.66511166	0.66867286	0.64559954	-0.65228146	-0.75133234	-0.714098	0.7181727	-0.7277094	0.70993114	-0.66949433	-0.6553507	-0.67862767
0.5908214	-0.64192027	0.65400463	0.624042	-0.6969768	-0.65397966	-0.69620854	0.68329906	0.6735524	0.61117154	-0.6952907	0.654147	-0.6226963	0.6572721	0.60526145	0.6557742
0.082709976	-0.117727034	0.0550685	0.13070427	-0.14519858	-0.1434082	-0.07300691	0.087762095	0.084502116	0.0811609	-0.08163316	0.10044964	-0.074520215	0.05852237	0.12998746	0.101844706
0.5846474	-0.67449224	0.6186082	0.593612	-0.68439347	-0.59007573	-0.6451687	0.6391309	0.61854684	0.62231135	-0.6400721	0.6301296	-0.5992868	0.6225309	0.59842443	0.6935775
-0.5840919	0.59092927	-0.66922116	-0.5860501	0.5904125	0.63560593	0.63419074	-0.64947593	-0.62148535	-0.6166049	0.6185853	-0.59176695	0.63898504	-0.65422463	-0.56725454	-0.6797758
0.47945178	-0.4829809	0.49425608	0.47078192	-0.53489816	-0.4662453	-0.52130836	0.5030335	0.57507926	0.5045623	-0.5760062	0.5473501	-0.55611634	0.5141094	0.53042406	0.59585375
0.5389304	-0.57615167	0.64520097	0.6349629	-0.612571	-0.5645423	-0.6272542	0.6463852	0.6370926	0.6298873	-0.62051064	0.6024244	-0.5639913	0.5891703	0.6219443	0.62177706
-0.6277699	0.64934987	-0.6678095	-0.6330205	0.6448842	0.65218097	0.58306855	-0.6137192	-0.6372886	-0.66187125	0.60251206	-0.59970284	0.62248397	-0.66975397	-0.66108984	-0.648654
0.16661465	-0.24487433	0.17799166	0.16292424	-0.18222144	-0.21765567	-0.19952634	0.14799157	0.16622621	0.19905652	-0.20956223	0.1833078	-0.19998865	0.22344846	0.15626357	0.17412643
0.68656725	-0.75005955	0.72226757	0.71524435	-0.73185503	-0.69685173	-0.7360952	0.6854197	0.70109886	0.72517574	-0.6914798	0.7062211	-0.7258401	0.7557344	0.7477049	0.7483187
0.5409411	-0.5237899	0.5003641	0.5294179	-0.583712	-0.5431615	-0.51606554	0.55333006	0.53249997	0.51002884	-0.53745556	0.520132	-0.5378181	0.5403794	0.51688886	0.5679162
-0.45981613	0.550951	-0.4836559	-0.52234715	0.48984864	0.49460393	0.5140936	-0.53130585	-0.5275561	-0.48905492	0.5163606	-0.5239374	0.53950864	-0.54512954	-0.5326936	-0.4766447
0.17412265	-0.010427296	0.031955097	-0.023129217	-0.0020631058	-0.0561615	-0.089381695	-0.012487575	0.006221194	0.0640616	-0.053516343	-0.012070162	-0.030998565	0.09453524	0.08988009	-0.003513032
0.07225225	-0.0956271	0.08251472	0.04530982	-0.11385622	-0.069523074	-0.12887864	0.111245774	0.09233585	0.13351311	-0.07942506	0.09799224	-0.07927124	0.105703056	0.043995477	0.07161197
-0.6149743	0.65783787	-0.6317053	-0.6371197	0.611133	0.6214515	0.6557249	-0.59689194	-0.68356156	-0.6067337	0.5788572	-0.58874696	0.5879106	-0.65312886	-0.6727533	-0.65809673
-0.4924316	0.4741803	-0.5601212	-0.5309959	0.51308054	0.4846724	0.52056944	-0.5315723	-0.4780279	-0.53970987	0.48557	-0.506755	0.4940495	-0.47890097	-0.5435348	-0.4733306
-0.66278356	0.7591467	-0.7992854	-0.69029033	0.7451198	0.6740692	0.67156965	-0.74608546	-0.7571172	-0.7600127	0.68997407	-0.7061207	0.69581085	-0.7364204	-0.7612343	-0.75943875
-0.13723639	0.4386899	-0.43409938	-0.46506828	0.5426641	0.2583172	0.34542197	-0.5181071	-0.6356097	-0.37440017	0.53365844	-0.526022	0.5068518	-0.36607578	-0.44773513	-0.64788866
0.61939305	-0.70198005	0.7143445	0.6511487	-0.6861883	-0.6427115	-0.70324206	0.71656954	0.7038477	0.65843546	-0.69302446	0.68247956	-0.6871441	0.69044226	0.69099534	0.71647424
-0.92789555	0.89511645	-0.855849	-0.84569895	0.95178777	0.89649105	0.90906364	-0.92073166	-0.87732583	-0.90982324	0.8887235	-0.86877835	0.8507049	-0.9039885	-0.88361293	-0.8802366
-0.45483992	0.5133942	-0.46272978	-0.4963403	0.5519456	0.5266193	0.5292846	-0.5334296	-0.48043448	-0.48976955	0.5459737	-0.4738162	0.5042797	-0.4655283	-0.5012813	-0.5668592
0.41138637	-0.3867037	0.49054724	0.38348582	-0.35998625	-0.41490313	-0.41242263	0.35954177	0.40728018	0.3586767	-0.3679851	0.4113574	-0.35308012	0.3813391	0.39478132	0.42516255
-0.22097048	0.23167585	-0.27482355	-0.22585681	0.18458407	0.2054457	0.23270719	-0.1721349	-0.21729122	-0.26472878	0.20462933	-0.22860123	0.18575934	-0.21690863	-0.25464672	-0.24530646
-0.3639413	0.370266	-0.39289528	-0.36452395	0.38351133	0.39126757	0.40809825	-0.4279775	-0.3792509	-0.4297298	0.45564577	-0.38507053	0.4406168	-0.37370172	-0.4440224	-0.39361522
0.22276099	-0.23310973	0.1699677	0.18969236	-0.19789816	-0.2014936	-0.2163155	0.24952643	0.20846497	0.19188802	-0.14573249	0.18540399	-0.21923856	0.14847158	0.24522853	0.21118526
-0.3282889	0.40650666	-0.37168947	-0.3874968	0.4246176	0.4207083	0.40699086	-0.40465587	-0.38001055	-0.34091815	0.3906671	-0.378995	0.40611684	-0.3511761	-0.338097	-0.40782133
0.45795792	-0.5637235	0.47464	0.5174871	-0.50479317	-0.5536198	-0.47570553	0.51535964	0.60402757	0.5448447	-0.49287686	0.5315814	-0.49452803	0.49135745	0.5050134	0.53939235
-0.41837415	0.5587656	-0.61422116	-0.55861497	0.60949504	0.5778065	0.5639133	-0.6470656	-0.62698424	-0.53633904	0.5973673	-0.5832346	0.62222296	-0.54965794	-0.58247674	-0.6309407
-0.9079542	0.9035459	-0.9334216	-0.90396196	0.89608926	0.8834206	0.93625546	-0.8872476	-0.87652105	-0.91218126	0.8634263	-0.94127464	0.8407762	-0.8941653	-0.8438044	-0.92438877
-0.182274	0.16234763	-0.17772308	-0.10358381	0.101886675	0.12512517	0.1673242	-0.17240581	-0.14065783	-0.17753422	0.15961331	-0.12534927	0.17212923	-0.1467875	-0.17724474	-0.1280226
-0.46172813	0.4467218	-0.5061537	-0.4100694	0.45908794	0.48065758	0.45702252	-0.50495803	-0.52430016	-0.46089906	0.49470255	-0.4407489	0.49015197	-0.42184454	-0.48507568	-0.43956804
0.20951748	-0.21381317	0.2659909	0.28215253	-0.2443599	-0.28934643	-0.21828157	0.21709213	0.29961798	0.27503446	-0.24170114	0.24890347	-0.23231287	0.26919666	0.2948151	0.3063173
0.5099222	-0.53997225	0.5432888	0.54325086	-0.54774487	-0.58560723	-0.57947814	0.5288059	0.57085454	0.5936752	-0.5424253	0.5955816	-0.54671806	0.5428376	0.52964145	0.62228584
-0.55699474	0.6624575	-0.61256695	-0.673885	0.6841851	0.6710028	0.648181	-0.6630075	-0.7203875	-0.6962334	0.65921575	-0.6704983	0.66105884	-0.61578035	-0.7018936	-0.7312095
-0.10147622	0.07287376	-0.12564088	-0.041417293	0.062226582	0.058203444	0.043005325	-0.09931984	-0.13199154	-0.07710333	0.13348041	-0.088264845	0.045610078	-0.06533664	-0.08344795	-0.039918292
0.007889588	0.02564994	-0.038711667	-0.054891814	0.028491149	0.01959613	0.026097914	-0.072861746	0.020546235	-0.052523483	-0.038693096	-0.042969953	0.010265848	0.012715041	-0.046583958	-0.03541606
-0.16107436	0.08610876	-0.19338202	-0.09388162	0.14224958	0.12243881	0.1023834	-0.10269741	-0.10810796	-0.13476948	0.065305196	-0.10405894	0.109752655	-0.14785798	-0.12892336	-0.12503298
-0.77678454	0.83750796	-0.846106	-0.8134473	0.8682895	0.80548954	0.77865046	-0.84427726	-0.85772085	-0.8335798	0.78688943	-0.8478739	0.8050394	-0.7886574	-0.8319494	-0.8223537
0.010378172	0.065056294	-0.04610695	-0.05199825	0.0669254	0.005891346	0.049594466	-0.08083529	-0.053496998	-0.0012480565	0.039639574	-0.07476509	0.104987964	-0.053850014	-0.052726023	-0.09959095
-0.51780224	0.5698185	-0.55865574	-0.62736684	0.62805307	0.5655691	0.56760114	-0.62748736	-0.6059229	-0.6195272	0.62593585	-0.65526134	0.5919298	-0.615794	-0.5698256	-0.68243665
-0.48144567	0.49503848	-0.5178067	-0.48695707	0.48354414	0.39689666	0.4930343	-0.4436791	-0.45023936	-0.47929484	0.45341477	-0.42937148	0.4747084	-0.407961	-0.48545623	-0.47848082
0.43686423	-0.44553635	0.44448107	0.3941455	-0.38719818	-0.4361323	-0.46825904	0.41512534	0.4614123	0.46628982	-0.40239587	0.43312314	-0.4554691	0.44383788	0.47173342	0.4637769
0.8113201	-0.77132624	0.7475923	0.743658	-0.7784723	-0.81471336	-0.7555978	0.8105325	0.78476655	0.80096805	-0.8360857	0.76023465	-0.8153632	0.7907375	0.76981467	0.8487814
0.5459891	-0.6022577	0.57247037	0.62362593	-0.63856685	-0.57346773	-0.56607914	0.6371123	0.65803367	0.5928943	-0.56389236	0.589963	-0.6268203	0.6002938	0.5563626	0.5831027
-0.12374387	0.122634105	-0.11777535	-0.083650775	0.13545671	0.093136236	0.13885097	-0.12499518	-0.1036551	-0.09490412	0.08874578	-0.08479342	0.112802155	-0.06735727	-0.13654925	-0.06311103
-0.39455274	0.3406165	-0.33315596	-0.37042168	0.37000751	0.32540888	0.3106099	-0.32281274	-0.39284888	-0.30597377	0.37325138	-0.30645773	0.38151178	-0.32143724	-0.29557994	-0.33106
0.6580539	-0.6589959	0.7035508	0.73437434	-0.703549	-0.6639799	-0.71603394	0.7159866	0.7337802	0.6956668	-0.69239116	0.72615606	-0.6795895	0.65684843	0.66894686	0.7804522
-0.3607029	0.53733295	-0.65242314	-0.5632288	0.64275604	0.5000333	0.5463511	-0.57137907	-0.73527575	-0.54186666	0.59063137	-0.64128196	0.6327618	-0.5252241	-0.5993302	-0.7026867
0.54882485	-0.513219	0.49794003	0.5390092	-0.5556413	-0.55422616	-0.55377364	0.52286315	0.6060094	0.50800705	-0.53450596	0.60324126	-0.5803586	0.50895023	0.56420267	0.5727142
0.20932806	-0.25469562	0.21503447	0.2652345	-0.21706358	-0.2624948	-0.25363103	0.25850308	0.2575098	0.27922523	-0.20434779	0.22902945	-0.25467667	0.23401769	0.22762285	0.23055175
0.023394046	-0.037839912	0.07854765	0.102256775	-0.027358053	-0.050938617	-0.053059835	0.032999996	0.050002977	0.059905846	-0.029767424	0.029742757	-0.036344048	0.08152434	0.058748394	0.10421862
-0.7429149	0.78091186	-0.79809886	-0.73700285	0.7893679	0.74137264	0.78136367	-0.7569678	-0.84735096	-0.76790154	0.7316367	-0.77574676	0.80443794	-0.7592941	-0.7185063	-0.83770186
-0.586173	0.6438544	-0.70694405	-0.559413	0.6553586	0.66529685	0.60670674	-0.6052459	-0.5913755	-0.56867	0.5774297	-0.6516681	0.6127415	-0.6287148	-0.5648231	-0.67716944
-0.2247633	0.19035555	-0.2708496	-0.24289685	0.209366	0.22945079	0.15311661	-0.19983964	-0.23754327	-0.24121705	0.24374335	-0.1700628	0.24609448	-0.18858863	-0.16579816	-0.23071897
0.6479812	-0.61555284	0.62066734	0.64102334	-0.6620972	-0.5920783	-0.6666153	0.62408555	0.656859	0.6061287	-0.6504492	0.6697696	-0.59768784	0.6882142	0.611717	0.6271208
0.8895776	-0.8237039	0.8955882	0.84659463	-0.8611291	-0.87905455	-0.8305417	0.84884113	0.92230994	0.89066976	-0.83154416	0.9062722	-0.82083684	0.88314456	0.822657	0.95513374
-0.5719386	0.6262702	-0.6130102	-0.6028911	0.6414864	0.6340576	0.66255313	-0.6116412	-0.673419	-0.64834774	0.60866493	-0.6133739	0.65667564	-0.5890108	-0.6222496	-0.6489996
0.52599543	-0.56685966	0.6092326	0.57129514	-0.59508747	-0.55824864	-0.543547	0.55661225	0.60314447	0.53025573	-0.5809534	0.58513284	-0.56882733	0.5914975	0.5087072	0.6281738
0.69768095	-0.6443731	0.69333744	0.6794331	-0.68986017	-0.6731116	-0.6589194	0.73885065	0.69629997	0.703708	-0.7259711	0.7043945	-0.65802413	0.71964383	0.70459425	0.7248033
0.74094015	-0.78390896	0.8392814	0.8008928	-0.83733284	-0.8208325	-0.7376044	0.8140468	0.8301169	0.83236367	-0.80891085	0.82152617	-0.7639403	0.82726455	0.7549872	0.78108215
-0.07504226	0.06740508	-0.1306432	-0.04228631	0.09879591	0.12990028	0.13219668	-0.057503622	-0.07614893	-0.12456584	0.12679839	-0.05526417	0.114360236	-0.07397205	-0.068892576	-0.058495905
-0.55627376	0.58039355	-0.63225293	-0.5798977	0.5557199	0.55927265	0.5482645	-0.6194819	-0.6505424	-0.5742239	0.6315718	-0.62708116	0.55673534	-0.5414984	-0.5750989	-0.5659455
-0.6107593	0.7051272	-0.74717605	-0.72075665	0.6774783	0.6977057	0.6451309	-0.6758594	-0.79830384	-0.7079741	0.6696724	-0.70580196	0.71774817	-0.6901158	-0.68800706	-0.70979106
0.41191417	-0.38244313	0.37752444	0.3705469	-0.33662623	-0.36220142	-0.38927823	0.42065185	0.38002208	0.3299951	-0.39270148	0.32245287	-0.40840504	0.39037183	0.3596106	0.35096937
-0.35034022	0.3687934	-0.35866773	-0.33797786	0.36188298	0.36232415	0.3970301	-0.39561987	-0.37443876	-0.40964097	0.40295264	-0.42228764	0.37849233	-0.38696352	-0.39541158	-0.34064397
0.54722965	-0.6231876	0.6050576	0.6219226	-0.66911024	-0.6354066	-0.60645556	0.5655646	0.6495225	0.5805964	-0.6135685	0.67903334	-0.64192784	0.6120663	0.5882636	0.6668058
0.33487433	-0.33402938	0.33637553	0.33860776	-0.33023405	-0.30977827	-0.3060544	0.3784675	0.37103167	0.3392961	-0.3256036	0.3624688	-0.3355471	0.38951358	0.385023	0.40659636
0.32245323	-0.3864838	0.25871038	0.3643251	-0.37824348	-0.3648625	-0.36011687	0.334659	0.37864012	0.37195456	-0.312457	0.39510253	-0.30268833	0.38640735	0.2988854	0.38693988
-0.70637864	0.67799443	-0.79910594	-0.7111799	0.766336	0.76111275	0.72486216	-0.7631321	-0.77578044	-0.7304419	0.75995946	-0.71635556	0.70806104	-0.6952879	-0.7600677	-0.78372705
-0.7753152	0.72927606	-0.69097096	-0.71012837	0.7114174	0.683258	0.71868587	-0.7150885	-0.6991768	-0.7253865	0.7354307	-0.7417206	0.70032287	-0.68476164	-0.6697997	-0.7084144
0.46268007	-0.5224607	0.5124147	0.5422158	-0.616098	-0.55249923	-0.49324742	0.4761971	0.5902678	0.51796734	-0.59603834	0.5990155	-0.52121353	0.52332056	0.58877707	0.59812385
0.3188306	-0.12361253	0.11455734	0.084986985	-0.06701997	-0.15516739	-0.18753885	0.03277592	0.12547188	0.15646228	-0.03306376	0.114429556	-0.044160698	0.12494196	0.13315253	0.03794929
0.27511355	-0.22666368	0.2964276	0.28746197	-0.21213113	-0.24926107	-0.22752401	0.21859477	0.21842517	0.26131105	-0.29593024	0.2166924	-0.23015851	0.26167935	0.2561012	0.25979957
0.64267117	-0.72562546	0.6989894	0.70178545	-0.6798992	-0.6577394	-0.66829085	0.615161	0.7052828	0.67962563	-0.70733434	0.6901194	-0.65184224	0.7054368	0.63089925	0.74194705
-0.89146507	0.89728856	-0.8575539	-0.8628161	0.89600724	0.89237404	0.88207847	-0.842262	-0.92526996	-0.8227142	0.8602861	-0.84914327	0.858845	-0.8563827	-0.8361955	-0.87987465
-0.39991677	0.37541795	-0.365609	-0.368867	0.41265544	0.38182914	0.41806918	-0.40265638	-0.45702597	-0.38697264	0.43582967	-0.3895616	0.4001455	-0.4510999	-0.38135564	-0.47183892
-0.21636108	0.31494525	-0.26534525	-0.25767648	0.3264322	0.3170696	0.29678288	-0.3108003	-0.23785488	-0.26167318	0.2340411	-0.29132366	0.2758951	-0.27434495	-0.26701102	-0.33251503
-0.016524915	0.027875662	-0.06569743	-0.006571806	0.044909008	0.015180099	0.007879396	-0.00785616	0.014981118	-0.025260687	-0.012741217	0.018056814	0.005214465	-0.03423076	-0.03689398	-0.032294963
-0.21485196	0.236055	-0.31201276	-0.25312248	0.26681337	0.23440608	0.21519694	-0.26918945	-0.2286676	-0.29134256	0.24589436	-0.2654027	0.2582526	-0.24401881	-0.2571583	-0.26940444
-0.45248127	0.5725939	-0.5356871	-0.54218	0.5808823	0.57567334	0.5878109	-0.5621291	-0.64926195	-0.57646656	0.53432137	-0.57302624	0.5608862	-0.53037614	-0.5746441	-0.5929648
0.73634547	-0.68274546	0.6649716	0.65344614	-0.7218828	-0.69389826	-0.6421603	0.7105325	0.7262125	0.67437834	-0.6533767	0.677366	-0.67731375	0.6722934	0.6871202	0.6898152
0.6845418	-0.75141597	0.7892616	0.6941619	-0.7175641	-0.7338621	-0.70612925	0.7586022	0.7819607	0.76373875	-0.7816062	0.77447706	-0.7692265	0.77413046	0.6907143	0.8105306
0.40737897	-0.5040616	0.4892283	0.46827993	-0.51135856	-0.44495043	-0.42452776	0.46449065	0.52188	0.523659	-0.50057524	0.5094973	-0.41089022	0.48051986	0.4415688	0.5154946
-0.91153413	0.8817134	-0.9578772	-0.9255133	0.89255655	0.89728373	0.9047445	-0.9124409	-0.9324418	-0.9223457	0.8985456	-0.9207813	0.86426765	-0.8838725	-0.91622496	-0.93057257
0.14653079	-0.14409177	0.07804007	0.123923644	-0.09664124	-0.1633641	-0.1236391	0.08531002	0.17716171	0.1277827	-0.11323129	0.16674873	-0.09804773	0.09304697	0.15587935	0.09219477
0.18085502	-0.1556882	0.24385886	0.17132829	-0.16719334	-0.22521046	-0.23384576	0.22865924	0.16040199	0.18280467	-0.18991552	0.24479425	-0.19827805	0.25256902	0.17539102	0.16857457
0.6335958	-0.67345864	0.6821622	0.6269243	-0.64643675	-0.6265206	-0.62068415	0.6786472	0.73681015	0.6183842	-0.621709	0.6497222	-0.60629815	0.69380236	0.607774	0.68008083
-0.17382818	0.19356649	-0.20363252	-0.14348964	0.15997101	0.15659672	0.141067	-0.22450387	-0.19633032	-0.18016668	0.16374275	-0.14816362	0.11560601	-0.18524337	-0.13310918	-0.12206543
0.7936639	-0.7795494	0.7421351	0.76121324	-0.8058232	-0.7734825	-0.81398976	0.72975206	0.78970325	0.792209	-0.7348468	0.748505	-0.8048563	0.7958186	0.74569	0.78204304
0.61780095	-0.6642588	0.63685596	0.6709181	-0.63462377	-0.65038085	-0.6346303	0.6192013	0.723885	0.67385125	-0.6050646	0.6204129	-0.6122042	0.6703428	0.6479033	0.6717285
-0.53664863	0.5374779	-0.5402577	-0.57117337	0.6185403	0.53360057	0.5287488	-0.5170286	-0.6162267	-0.57744014	0.54671526	-0.627766	0.56609523	-0.54744583	-0.5885581	-0.61860687
-0.6895249	0.76179034	-0.73113614	-0.7722047	0.7269634	0.71218413	0.6994824	-0.7573388	-0.7838139	-0.79064375	0.7896497	-0.795852	0.77398795	-0.72731686	-0.7020787	-0.834908
-0.57050794	0.46410808	-0.5752488	-0.46366215	0.47915903	0.51312536	0.54239005	-0.48146576	-0.5160937	-0.54828715	0.548438	-0.52162033	0.4630292	-0.54395515	-0.47808805	-0.5084103
0.1935664	-0.10535525	0.18043213	0.13578002	-0.1486894	-0.1925471	-0.14026752	0.10574189	0.16099162	0.19777533	-0.108485535	0.17207643	-0.15619919	0.11214151	0.16864137	0.12503329
0.85954785	-0.8887368	0.9165868	0.83304584	-0.9046407	-0.8143091	-0.8390377	0.8634072	0.9223056	0.8374498	-0.80558705	0.8681149	-0.77445483	0.8537736	0.81486773	0.8582107
0.29407617	-0.2969252	0.29803383	0.2768273	-0.25812507	-0.29241893	-0.24659333	0.30116647	0.34356666	0.25201464	-0.31655005	0.2922585	-0.28137782	0.27796108	0.31434312	0.3018802
-0.5269272	0.59095854	-0.53782713	-0.57494617	0.58495003	0.56589204	0.5749306	-0.5507491	-0.62618196	-0.60547984	0.6055788	-0.55008405	0.5927635	-0.5313978	-0.6053226	-0.59317577
0.68124604	-0.5999799	0.6132546	0.65639395	-0.6506406	-0.6099639	-0.6803442	0.67758334	0.625338	0.66347384	-0.66169405	0.61184865	-0.6709457	0.6538737	0.65838706	0.70229346
-0.7722795	0.8270653	-0.82786363	-0.7622556	0.84141755	0.8357072	0.77131164	-0.7777369	-0.84116143	-0.8375502	0.7771446	-0.7505456	0.7672684	-0.74515915	-0.7538755	-0.8538074
0.19029792	-0.19796668	0.10775345	0.174449	-0.11914825	-0.11856297	-0.14113614	0.17318936	0.13402188	0.14411893	-0.19844984	0.1365207	-0.19928604	0.18742117	0.12328114	0.14622067
-0.64910036	0.725455	-0.68420833	-0.65242994	0.7035264	0.66580415	0.68124527	-0.6841138	-0.6634728	-0.6540047	0.7261994	-0.7253767	0.6500456	-0.67116714	-0.65455157	-0.72746706
0.093493186	-0.06531809	0.055300884	0.08196832	-0.12573497	-0.11667429	-0.06522946	0.06280241	0.12248155	0.13195188	-0.082605556	0.1750935	-0.14756763	0.104040936	0.056994945	0.12912525
0.08415582	-0.066444196	0.08184754	0.06865707	-0.10740178	-0.06425724	-0.0455267	0.025506347	0.1001126	0.076156616	-0.04298055	0.034714375	-0.031485483	0.043460634	0.046304703	0.12762058
-0.7381345	0.6719867	-0.681364	-0.6777013	0.6198864	0.6333078	0.67902523	-0.72855103	-0.7184687	-0.6580955	0.67131716	-0.6203504	0.66811013	-0.71336263	-0.68079525	-0.72140586
0.51920867	-0.58138853	0.59716517	0.6369038	-0.6428853	-0.5636116	-0.6029996	0.59728	0.6288328	0.63483626	-0.6513501	0.6035729	-0.5852549	0.57715946	0.61732394	0.6532197
0.4915957	-0.52945673	0.5584284	0.5607943	-0.6485377	-0.58915406	-0.55662286	0.5068319	0.5924176	0.6273327	-0.5574973	0.56064075	-0.5985922	0.53360325	0.57269454	0.6503202
0.26696545	-0.36636743	0.31536338	0.3046304	-0.45828032	-0.39041537	-0.32336256	0.29548502	0.44014913	0.39840636	-0.34417832	0.35249165	-0.31507844	0.34430534	0.2954972	0.40138522
0.64201176	-0.6948699	0.6720238	0.636443	-0.6893031	-0.64277285	-0.6749562	0.6862707	0.6778641	0.6770999	-0.70599544	0.72796905	-0.68105185	0.61849606	0.6369157	0.68944985
-0.13410059	0.12362257	-0.21096301	-0.14441898	0.12146483	0.104650415	0.103601106	-0.1612977	-0.18951239	-0.15433903	0.17391238	-0.13850237	0.13377257	-0.1390593	-0.112954855	-0.13785358
0.6056806	-0.6538172	0.6571205	0.6643189	-0.7062772	-0.64574754	-0.6768675	0.7041656	0.75113624	0.69770175	-0.6742013	0.7036723	-0.67443	0.66187006	0.6575927	0.6579753
0.65224177	-0.7130528	0.58992916	0.64815336	-0.69826245	-0.6722331	-0.6086895	0.5940548	0.75435114	0.6857282	-0.6967632	0.7086755	-0.666827	0.62060165	0.6572643	0.72546846
0.37295243	-0.5006324	0.43616897	0.42251277	-0.47868168	-0.44345853	-0.43960503	0.39242166	0.56279933	0.4621673	-0.446752	0.5230353	-0.42817172	0.43731776	0.45290312	0.55313873
-0.7242663	0.7382176	-0.77959245	-0.69803613	0.7900869	0.7426047	0.7107004	-0.7063707	-0.77294606	-0.73353153	0.77670765	-0.70548356	0.721859	-0.73993677	-0.7400575	-0.7952803
-0.1463243	0.15230924	-0.16314797	-0.13035531	0.10090667	0.14993882	0.10389155	-0.14233623	-0.10006703	-0.0956446	0.14928684	-0.14621714	0.13185702	-0.12699059	-0.097086266	-0.16215703
-0.49340624	0.55268824	-0.5960444	-0.5688212	0.53151965	0.5526562	0.4930739	-0.5068751	-0.5587439	-0.5554387	0.4909278	-0.49899837	0.5425078	-0.51979244	-0.55851364	-0.5215113
-0.34259886	0.2718087	-0.38225266	-0.28726077	0.36562312	0.29881495	0.32257777	-0.2744202	-0.3814485	-0.2877163	0.35973775	-0.30574352	0.2681519	-0.32106048	-0.3325868	-0.29118228
0.54503757	-0.5322335	0.52188915	0.48976666	-0.53836757	-0.54516333	-0.47515607	0.51939696	0.54499143	0.5329678	-0.5084543	0.48901343	-0.5130505	0.47929177	0.49347845	0.5307099
0.5300309	-0.4630245	0.51807046	0.51190186	-0.5788593	-0.4747144	-0.5427187	0.5557983	0.53061014	0.5535136	-0.4807557	0.5792919	-0.5219237	0.48081613	0.5237473	0.5558769
-0.107623614	0.14298487	-0.07394075	-0.14573205	0.14895856	0.12623008	0.14723743	-0.14250831	-0.08114688	-0.097786896	0.05330639	-0.110653885	0.081884116	-0.14040112	-0.108039215	-0.13204035
0.24569826	-0.3966301	0.38683888	0.43314418	-0.43855652	-0.32638937	-0.361113	0.36542228	0.48354602	0.36394048	-0.4522846	0.45267376	-0.41823953	0.4087909	0.4246166	0.42781252
0.570618	-0.6346264	0.6616104	0.6204793	-0.6644724	-0.622899	-0.68749523	0.65941	0.66986483	0.6307189	-0.64796585	0.6745552	-0.63911736	0.68416876	0.6132764	0.6643898
0.30533347	-0.32369298	0.3056376	0.25378296	-0.27988046	-0.32080743	-0.2735284	0.2580902	0.2774859	0.26965544	-0.3047006	0.2915231	-0.29577765	0.32414436	0.25279498	0.28314123
0.6006688	-0.62847733	0.71963286	0.63103133	-0.62163585	-0.6785476	-0.6639364	0.58280915	0.65701616	0.66236115	-0.63267124	0.6752519	-0.6314626	0.6528277	0.6747553	0.66520953
-0.540572	0.48977035	-0.5408457	-0.5152041	0.4970273	0.47122303	0.53483295	-0.46295953	-0.52837193	-0.4676371	0.56463593	-0.48907548	0.5497885	-0.5207368	-0.5541713	-0.54736054
0.05738083	-0.139167	0.018764589	0.12357519	-0.07797689	-0.106251545	-0.065920144	0.06548385	0.12036972	0.07409658	-0.06928715	0.075308464	-0.06890123	0.1175583	0.11559996	0.11280596
-0.3133311	0.34404042	-0.3862574	-0.33750907	0.30829343	0.30781117	0.3223883	-0.30719408	-0.36821285	-0.28085512	0.32580814	-0.3260677	0.349191	-0.3218918	-0.30538678	-0.29005712
0.6311995	-0.65398854	0.7211596	0.6134756	-0.67621994	-0.6479183	-0.6553122	0.6797463	0.675859	0.6409241	-0.67513186	0.64482474	-0.57762086	0.664751	0.6340368	0.698047
0.06989984	0.08994273	-0.16729693	-0.20493093	0.2109356	0.10730137	0.08164855	-0.2634967	-0.17440332	-0.107724294	0.16742478	-0.204991	0.20285664	-0.16185442	-0.120691836	-0.18622293
-0.8482798	0.8196667	-0.8428629	-0.8518991	0.8606673	0.83210677	0.8280603	-0.81307966	-0.89355844	-0.88503104	0.84290355	-0.8985637	0.8673264	-0.8927814	-0.8323224	-0.9054394
0.32007477	-0.2835715	0.3792271	0.2980127	-0.31296238	-0.32812825	-0.35283497	0.32091928	0.32231027	0.35399753	-0.28732225	0.31524396	-0.2774141	0.35612935	0.3455241	0.371166
0.09284347	-0.20202467	0.11335676	0.16929501	-0.24805719	-0.20299819	-0.1623077	0.19981344	0.41205266	0.24925691	-0.2838822	0.2952661	-0.14265794	0.24924484	0.22031754	0.3253287
-0.12173149	0.075657375	-0.07923839	-0.07804121	0.101937756	0.07801892	0.039734095	-0.067610875	-0.06740356	-0.107365415	0.070341915	-0.11068533	0.06451186	-0.0879166	-0.0723849	-0.118799485
-0.08713425	0.03215808	-0.13355592	-0.14243005	0.071625955	0.06419343	0.017534	-0.064498045	-0.04304812	-0.109281026	0.12089435	-0.053227197	0.03964207	-0.019589592	-0.03426893	-0.056282435
-0.6443332	0.6886069	-0.6782089	-0.68845755	0.6785221	0.65023977	0.65843016	-0.6610855	-0.71187854	-0.6353432	0.65865654	-0.6636189	0.6836696	-0.6616628	-0.6467682	-0.7350357
-0.556493	0.5297259	-0.6330296	-0.55904	0.56482047	0.566105	0.5742031	-0.5504802	-0.6220162	-0.54160565	0.5258043	-0.5806275	0.5059825	-0.58756924	-0.51839674	-0.6438752
-0.09115317	0.13109836	-0.08485514	-0.06356173	0.070018835	0.11349799	0.14272223	-0.10186924	-0.12912722	-0.15534158	0.12488914	-0.06792393	0.14103885	-0.096659325	-0.124385044	-0.15821847
0.27236146	-0.25945517	0.1497771	0.16464126	-0.21463037	-0.22650653	-0.26260793	0.2521645	0.26028922	0.2655955	-0.19675323	0.22425386	-0.19670564	0.24474774	0.18906671	0.17046566
0.49081895	-0.5298541	0.60316885	0.5840177	-0.629983	-0.5341279	-0.6001466	0.5285239	0.60425264	0.57117105	-0.5991044	0.56131625	-0.5526995	0.60488427	0.5244893	0.60211766
0.58459467	-0.61526805	0.58092076	0.5823693	-0.5938405	-0.59602696	-0.6071705	0.5789883	0.6198213	0.6604403	-0.60065883	0.586695	-0.54826	0.5695817	0.5583117	0.6854333
-0.27572247	0.20598678	-0.2724532	-0.21226613	0.22231768	0.20123358	0.204723	-0.24005568	-0.273276	-0.2680557	0.24766667	-0.25454035	0.24483398	-0.26140314	-0.2706781	-0.21846657
0.5980143	-0.53170246	0.52697724	0.48839232	-0.5887511	-0.51446515	-0.5234445	0.53167635	0.5838597	0.5811074	-0.56952065	0.5555115	-0.5750599	0.521939	0.584915	0.5898179
0.30850872	-0.30658698	0.23857114	0.26609185	-0.27089748	-0.3000487	-0.2679423	0.28554627	0.26508743	0.21038643	-0.28991246	0.25441137	-0.29254308	0.21559101	0.23545013	0.250304
-0.21849962	0.19931193	-0.24397987	-0.20017913	0.22209108	0.22898151	0.2377423	-0.25354946	-0.25855586	-0.20196438	0.23314501	-0.26713786	0.23414926	-0.22064494	-0.23588823	-0.27540192
-0.70421475	0.8008025	-0.7509095	-0.72345716	0.7777321	0.770426	0.7617683	-0.78962684	-0.77808434	-0.7211373	0.7733459	-0.79681015	0.7674905	-0.792512	-0.72046214	-0.8471831
0.639917	-0.57512224	0.608354	0.577892	-0.6656819	-0.5750827	-0.66973263	0.58318657	0.7011908	0.63467693	-0.63316464	0.6606136	-0.60012496	0.64497906	0.57146585	0.6830113
0.4120242	-0.45870164	0.50740916	0.45393676	-0.47726634	-0.4657571	-0.42073807	0.47263992	0.51472574	0.4271277	-0.46319395	0.42327875	-0.5004377	0.46603826	0.50218856	0.4736646
-1.0249186	1.0873536	-1.0285984	-1.0279858	1.0545373	1.0325657	1.0684252	-1.073227	-1.157118	-1.0914952	1.0924928	-1.12166	1.0147109	-1.0813781	-1.0962051	-1.1298583
-0.47500053	0.43943092	-0.50457615	-0.46159646	0.47479925	0.49460867	0.5086292	-0.52817625	-0.55076295	-0.429621	0.5232865	-0.50981164	0.46040124	-0.50912875	-0.49005392	-0.50108576
-0.5105023	0.43721667	-0.49244937	-0.5060031	0.48632723	0.4378957	0.42914426	-0.45950696	-0.5105763	-0.4431585	0.4184965	-0.4284199	0.49635607	-0.5024028	-0.4603132	-0.4704199
-0.787813	0.7303607	-0.7928016	-0.7454035	0.82040143	0.73754317	0.7325646	-0.7808974	-0.820632	-0.80626816	0.7244722	-0.7966388	0.7870108	-0.78208834	-0.7698733	-0.76265734
0.49644116	-0.5955252	0.55551934	0.5060229	-0.59265125	-0.52738917	-0.51987946	0.49716797	0.60908246	0.56581354	-0.49748427	0.5618333	-0.54402626	0.5741877	0.5357988	0.52182776
0.7904483	-0.8947181	0.91359264	0.79943544	-0.8921296	-0.87557054	-0.8168496	0.80961984	0.9374331	0.8019549	-0.8025733	0.84691566	-0.82265306	0.86933607	0.8791313	0.8626276
-0.77613527	0.7736026	-0.84402764	-0.79592675	0.8571013	0.78034073	0.8194286	-0.7843742	-0.88685495	-0.7715763	0.8440479	-0.7605955	0.8070346	-0.7687083	-0.7860124	-0.8059411
-0.19214916	0.14815557	-0.18116581	-0.18288644	0.15758303	0.22172552	0.21100354	-0.20667422	-0.21500373	-0.20554215	0.24439578	-0.15875883	0.161477	-0.17335917	-0.18375328	-0.24359217
0.5155274	-0.54882926	0.5395981	0.51314235	-0.5593316	-0.4950532	-0.5440364	0.48753333	0.5820912	0.5436447	-0.52809626	0.54081994	-0.545038	0.5593523	0.51762384	0.48736557
-0.8756564	0.91354054	-0.8979387	-0.9036026	0.8674266	0.87561685	0.83350736	-0.85504293	-0.8709129	-0.8990169	0.87290084	-0.90737516	0.8178786	-0.86941636	-0.8579831	-0.9324402
0.7310573	-0.72093695	0.76535994	0.750807	-0.70975316	-0.7193322	-0.7558026	0.7571985	0.80267155	0.7807525	-0.7372009	0.7171659	-0.75182605	0.70846635	0.7109611	0.73858994
0.84785634	-0.84752846	0.8561809	0.86974895	-0.89706314	-0.8414985	-0.8544488	0.80357516	0.8466509	0.8803148	-0.88191265	0.8349383	-0.83420575	0.88476443	0.79885036	0.8546685
0.5489722	-0.51679087	0.5944729	0.5985772	-0.59365517	-0.5445231	-0.58306134	0.54152334	0.60717946	0.5692506	-0.5538986	0.60395676	-0.57288355	0.5879111	0.53927344	0.59253496
-0.6840798	0.72199553	-0.74886495	-0.7114331	0.73383385	0.7163353	0.7861265	-0.7751217	-0.8183017	-0.7318958	0.72451127	-0.7281091	0.75110173	-0.6962138	-0.75020486	-0.7732536
-0.119127005	0.27604023	-0.2569801	-0.30673534	0.2712532	0.25121617	0.22687729	-0.23693521	-0.30055127	-0.27666304	0.21859351	-0.31326056	0.23583953	-0.24552095	-0.2020105	-0.32604218
0.4424784	-0.51158845	0.4715411	0.48066157	-0.4480022	-0.49198595	-0.51527053	0.48613095	0.47068998	0.53000903	-0.46556327	0.52967757	-0.45691764	0.46409112	0.4340609	0.46374768
0.46882084	-0.52618015	0.45939213	0.4764099	-0.5273264	-0.48029074	-0.5229854	0.52433205	0.5879105	0.48223245	-0.55808145	0.49910867	-0.5122611	0.5231053	0.50823355	0.52514994
-0.32786816	0.33576402	-0.32601157	-0.33799547	0.3614042	0.33527246	0.33788574	-0.3469401	-0.3735659	-0.3713076	0.34534323	-0.2934157	0.2816623	-0.3326628	-0.31516606	-0.3196053
0.20666257	-0.22595644	0.17344166	0.21250005	-0.25780842	-0.2108493	-0.24738266	0.20813474	0.20758359	0.23811494	-0.2506871	0.2002907	-0.23614582	0.2317287	0.21989612	0.2743541
0.62406576	-0.7128546	0.69323665	0.6843806	-0.73577976	-0.74501234	-0.6549168	0.6624091	0.7474436	0.70273465	-0.68199486	0.7498124	-0.6877439	0.71119976	0.68874323	0.76655746
0.15412958	0.069797195	-0.03979459	-0.14676724	0.1299388	-0.1268185	-0.019174142	-0.10387874	-0.18278779	-0.0348406	0.15545025	-0.11656321	0.14443773	-0.06364975	-0.028004978	-0.1786984
0.35357141	-0.3079603	0.3216176	0.34806883	-0.30571088	-0.3297844	-0.32762185	0.36253223	0.34062675	0.34571615	-0.33210677	0.34817654	-0.31215075	0.3149697	0.3009974	0.31702486
-0.52772295	0.6399486	-0.6487753	-0.64030033	0.65398943	0.57239175	0.5496323	-0.6409962	-0.6822178	-0.59966	0.6276256	-0.6230532	0.6120027	-0.62033	-0.6120358	-0.6565351
-0.8754025	0.8600803	-0.9103473	-0.91566765	0.90421456	0.94440264	0.9282297	-0.8659637	-0.98076534	-0.93046635	0.90025175	-0.8941804	0.85219824	-0.8568098	-0.92168164	-0.96321195
-0.6033876	0.6941057	-0.6435743	-0.6740949	0.6466192	0.70155495	0.6775778	-0.59902155	-0.71182346	-0.63678473	0.7008876	-0.65421456	0.67869097	-0.65530443	-0.63988996	-0.6856001
-0.09139483	0.06441252	-0.101148754	-0.0900212	0.08653561	0.04591306	0.0881735	-0.077796094	-0.123313755	-0.11268983	0.03657371	-0.03939936	0.06814757	-0.029623017	-0.052766323	-0.107320674
-0.50008935	0.5346182	-0.5472098	-0.6112682	0.6428673	0.5617764	0.5790482	-0.6019658	-0.5803999	-0.54905665	0.58906317	-0.6377469	0.56514436	-0.57408404	-0.54752433	-0.6199482
-0.5914136	0.6478635	-0.62513787	-0.59628224	0.6380769	0.61203116	0.5955213	-0.60304946	-0.6117632	-0.634611	0.6541194	-0.6381421	0.6327671	-0.60331786	-0.66781646	-0.6222114
-0.7131226	0.7330376	-0.67283577	-0.7094744	0.70712274	0.7472223	0.75381964	-0.745861	-0.6995729	-0.66470736	0.72344106	-0.75947857	0.7534873	-0.70806116	-0.7156968	-0.73498625
-0.672286	0.7403914	-0.72783285	-0.8091051	0.76369953	0.7328111	0.7446179	-0.7770311	-0.7756736	-0.8047374	0.77863735	-0.7420649	0.7979077	-0.7141257	-0.79930127	-0.8183682
-0.42710498	0.51616603	-0.4879171	-0.5573725	0.5265409	0.47526792	0.50483733	-0.4965584	-0.5123431	-0.5423337	0.4780865	-0.49626142	0.49315402	-0.50432503	-0.5307721	-0.5659464
-0.29349786	0.31332847	-0.30067265	-0.27076444	0.22250323	0.23075663	0.30165622	-0.27403197	-0.24594395	-0.24606349	0.27660033	-0.22497478	0.23109362	-0.22470795	-0.26241645	-0.2872151
-0.3034959	0.3263058	-0.34928364	-0.28868532	0.26808894	0.27780682	0.3187394	-0.29631403	-0.2842153	-0.32057956	0.32234415	-0.29719722	0.2735285	-0.32074422	-0.3063848	-0.33506113
0.5698212	-0.5049967	0.5842819	0.5553868	-0.51306975	-0.5760633	-0.56039935	0.48608717	0.5665395	0.6033131	-0.5090698	0.5873441	-0.57677484	0.554647	0.5406067	0.56993604
-0.25992084	0.24351464	-0.3051227	-0.31204343	0.30790418	0.26781902	0.29012203	-0.21856803	-0.29438424	-0.24566403	0.31623608	-0.23908366	0.30477968	-0.2540207	-0.25420958	-0.26934257
0.60379785	-0.6450704	0.68385434	0.67129284	-0.6475613	-0.6196205	-0.6810956	0.6836806	0.68665844	0.6115308	-0.6002092	0.6416541	-0.6144789	0.64998734	0.629837	0.66432345
0.49580035	-0.53463686	0.50471264	0.5804653	-0.5575753	-0.51510984	-0.50065994	0.5405468	0.601108	0.5551508	-0.5971733	0.511915	-0.5281614	0.5153431	0.55360395	0.55459464
0.41099837	-0.4718034	0.50503236	0.4426403	-0.46993634	-0.43290925	-0.44259974	0.45179972	0.51159436	0.4789888	-0.52404004	0.52501297	-0.4527873	0.5017744	0.51598126	0.4794356
-0.6717169	0.72115207	-0.75166655	-0.76990527	0.74661756	0.7415067	0.719682	-0.76748085	-0.82334507	-0.71486044	0.7370081	-0.77075607	0.77375025	-0.75522983	-0.7612327	-0.7481639
0.15796173	-0.08749691	0.05790147	0.11232694	-0.070220806	-0.14624676	-0.16917871	0.0917786	0.14741233	0.08711427	-0.051011465	0.08009773	0.008554682	0.13550647	0.057990994	0.111821145
-0.062326178	0.012807232	-0.0066832784	0.00028423063	0.0018596046	0.0529369	0.04817376	-0.04482897	-0.045533538	-0.06680133	0.047563355	-0.053736385	0.0359056	-0.08051442	-0.015639538	-0.01413247
-0.39718366	0.37033057	-0.39531252	-0.33633754	0.35210437	0.3691438	0.29314595	-0.36874413	-0.35921246	-0.33252636	0.34087184	-0.37630928	0.28397396	-0.37927827	-0.3345687	-0.31848612
-0.0810812	0.17668456	-0.16140692	-0.09427252	0.09446493	0.10398538	0.123415016	-0.08929247	-0.16189815	-0.14740407	0.0978193	-0.10043505	0.11484578	-0.16617854	-0.17022815	-0.17591985
-0.4689607	0.41720343	-0.45520043	-0.4318652	0.50178087	0.4953399	0.42169598	-0.45143157	-0.48437583	-0.4187832	0.41453475	-0.48185542	0.4516231	-0.44512695	-0.46060592	-0.44458196
0.033522487	-0.038863573	0.0020628406	-0.020109495	0.039059125	-0.030826677	-0.033999104	-0.012144938	-0.019731661	0.024731008	-0.01761179	0.034218956	0.041087184	0.038509153	-0.008574049	0.05344167
0.17400503	-0.20388708	0.14824049	0.16954042	-0.14769962	-0.13550681	-0.14662069	0.086072885	0.18878622	0.112251446	-0.11869976	0.19431125	-0.13890769	0.12985724	0.1101475	0.13840975
0.4873917	-0.5487145	0.55069137	0.5637085	-0.593688	-0.5060192	-0.4979755	0.50253785	0.5486147	0.5650114	-0.53132725	0.53241324	-0.4925176	0.4951042	0.5548374	0.60274994
0.51205647	-0.51907176	0.55195016	0.5208844	-0.52541834	-0.48767087	-0.5534862	0.49963447	0.5118743	0.5247103	-0.48678946	0.531189	-0.523231	0.45593056	0.5192852	0.5175352
0.41082934	-0.37845895	0.36903197	0.3480879	-0.36309958	-0.3652166	-0.37477404	0.38464764	0.39602348	0.39580205	-0.382402	0.35252663	-0.38082612	0.39168385	0.38481194	0.3530414
-0.6350698	0.64605606	-0.65485275	-0.6042764	0.69281226	0.6331975	0.62486523	-0.64460135	-0.70061237	-0.6694082	0.69573283	-0.6481242	0.5972619	-0.6952048	-0.6811524	-0.6944319
0.44260246	-0.40641773	0.39731193	0.38217396	-0.4976216	-0.46945438	-0.49038738	0.40092295	0.51609147	0.46266282	-0.43772465	0.4277156	-0.38580844	0.48622814	0.3920423	0.490311
0.025064198	0.234378	-0.24980573	-0.30102906	0.30854097	0.12022084	0.12893963	-0.32236722	-0.39124966	-0.24377814	0.2860488	-0.3267638	0.30114278	-0.24779959	-0.2442081	-0.34999007
-0.12685136	0.136722	-0.16678536	-0.17435831	0.17505412	0.122098394	0.20635305	-0.18051353	-0.13371743	-0.20695162	0.21236458	-0.13427624	0.16842347	-0.19953011	-0.14247921	-0.20000184
0.73500174	-0.7371862	0.72774714	0.70204103	-0.7627128	-0.7863382	-0.7352267	0.7460582	0.73491734	0.76247436	-0.6913775	0.7622243	-0.74825644	0.6906332	0.7495836	0.7249367
0.3477814	-0.26315254	0.23350367	0.16348141	-0.20693685	-0.29824635	-0.28398073	0.16088845	0.2720449	0.21460553	-0.23937723	0.21530215	-0.16297327	0.24879721	0.1811197	0.23559518
0.75625926	-0.8230057	0.7976085	0.81912494	-0.82520455	-0.8707752	-0.8437025	0.79493535	0.9564103	0.8503773	-0.8177919	0.89005226	-0.775255	0.82271445	0.8676163	0.87807995
-0.42690137	0.51702267	-0.5330807	-0.54962474	0.5720666	0.5459942	0.53544587	-0.552474	-0.5663627	-0.50695837	0.5430411	-0.5480392	0.5103938	-0.570825	-0.5579727	-0.53835446
0.5616864	-0.5424224	0.5294519	0.505883	-0.58971804	-0.56585246	-0.55484223	0.5168694	0.56506383	0.51010287	-0.5174828	0.5402737	-0.51358694	0.502224	0.51247346	0.6083134
-0.39739057	0.5386422	-0.54307985	-0.54695195	0.6044109	0.55720663	0.50351214	-0.6022195	-0.6773427	-0.5911204	0.6178773	-0.58851177	0.5640298	-0.567719	-0.56306416	-0.5864161
-0.023062147	-0.06724808	-0.029701773	-0.008190215	-0.079421505	0.003164793	-0.05579115	0.04120717	0.09003146	0.054989025	-0.02975906	0.079504326	-0.013805633	-0.0011947182	-0.008149536	0.07830302
0.4236512	-0.34418538	0.35098737	0.35979554	-0.42610317	-0.42679617	-0.36682928	0.36802462	0.3949559	0.43652388	-0.37802675	0.39776626	-0.3674436	0.39349568	0.3755439	0.41201162
0.7026204	-0.7840458	0.7327204	0.7999043	-0.78385943	-0.76552474	-0.7603569	0.698341	0.8451419	0.7904116	-0.7477877	0.75744486	-0.7423681	0.7765806	0.7175836	0.77803034
-0.7818819	0.8058632	-0.8412051	-0.84083605	0.8694349	0.7859011	0.8697005	-0.84905577	-0.8839262	-0.7990609	0.86923283	-0.8459407	0.81775826	-0.835401	-0.846184	-0.81969965
-0.60123426	0.5347778	-0.5978735	-0.57123137	0.50625694	0.51989686	0.5419189	-0.53315395	-0.6102392	-0.5042259	0.5513174	-0.54096097	0.5429268	-0.545909	-0.55979145	-0.5719704
-0.5950856	0.49467373	-0.5205881	-0.56356347	0.5117092	0.5081605	0.5251662	-0.4697587	-0.48979288	-0.56969965	0.57553643	-0.5571357	0.55561227	-0.53596884	-0.48740226	-0.5825147
0.5866392	-0.63451684	0.6597828	0.65422994	-0.666597	-0.6727869	-0.61878914	0.5561385	0.6510696	0.64554995	-0.6481842	0.60235727	-0.6515757	0.60502607	0.5936389	0.6668226
0.4868218	-0.48924962	0.55001444	0.46819946	-0.5116423	-0.49650323	-0.4655669	0.53477633	0.6034316	0.56245095	-0.50583994	0.5205729	-0.45365	0.5382099	0.50042623	0.58184785
0.77763695	-0.8186666	0.82711196	0.77383214	-0.82477665	-0.7546567	-0.7288503	0.748576	0.8454594	0.74281967	-0.75720805	0.8068645	-0.7505991	0.73886937	0.816489	0.8013695
-0.38432178	0.57610565	-0.59244806	-0.55977833	0.6668768	0.49509427	0.58622426	-0.6705325	-0.6834896	-0.6167905	0.5719001	-0.64619434	0.60431397	-0.561224	-0.59229887	-0.62120163
0.761056	-0.75584525	0.8067625	0.76840913	-0.7847731	-0.7691539	-0.7794059	0.75917155	0.7642519	0.7389285	-0.7072966	0.79719734	-0.774523	0.75511444	0.7922199	0.81595254
0.24321374	-0.28422254	0.28255737	0.24484158	-0.23589206	-0.20822872	-0.27387825	0.28138572	0.30023885	0.29095677	-0.2846985	0.22749512	-0.24637452	0.3021217	0.25555316	0.2669759
-0.738373	0.72945374	-0.75132394	-0.7458226	0.68826383	0.6781028	0.6970747	-0.7017921	-0.7178348	-0.70206416	0.74845356	-0.716153	0.76782686	-0.7241863	-0.67546344	-0.7640705
-0.10019911	0.050173454	-0.14982486	-0.062671654	0.13078593	0.08522906	0.048124667	-0.0907101	-0.12117443	-0.09332417	0.0729255	-0.12083537	0.11466223	-0.10912829	-0.1327927	-0.1058233
-0.18584356	0.4063507	-0.39638388	-0.369012	0.44819495	0.30322853	0.33776408	-0.38179606	-0.45010313	-0.33293238	0.40481094	-0.45761982	0.4127404	-0.3730169	-0.3595157	-0.40955395
0.7202448	-0.7482419	0.728878	0.7303576	-0.7919944	-0.7709974	-0.73185956	0.7082733	0.7871766	0.7600039	-0.75846666	0.80137306	-0.77650654	0.7284569	0.76685196	0.7916777
0.02886293	-0.09516894	0.09813591	0.06522045	-0.07044516	-0.032735415	-0.050808858	0.07003377	0.047722865	0.08630558	-0.042705737	0.09486754	-0.10130491	0.051690906	0.07139474	0.04248478
0.28475872	-0.35158622	0.33628023	0.33941308	-0.339109	-0.3240203	-0.32095778	0.34365106	0.33349013	0.3811487	-0.31505576	0.33056086	-0.34610894	0.37258032	0.309569	0.38385832
0.26797238	-0.17901848	0.11087507	0.048791934	-0.08646625	-0.1904998	-0.16903792	0.02066306	0.08163032	0.16624111	-0.1387652	0.05159971	-0.10561153	0.16573995	0.13953955	0.061112832
0.8607762	-0.8470168	0.90442884	0.83744776	-0.79617923	-0.8323117	-0.8574945	0.8072921	0.9122514	0.87790316	-0.8726104	0.80646724	-0.8034399	0.8513614	0.83208275	0.8455902
0.46571848	-0.4863283	0.43594888	0.4313774	-0.41189447	-0.43418974	-0.4770104	0.41982147	0.5059039	0.45985162	-0.39755362	0.46152073	-0.4637787	0.4816737	0.42735392	0.4910358
0.32152894	-0.30568263	0.27213168	0.3120815	-0.36992237	-0.3057083	-0.3397852	0.2819417	0.31637347	0.3361855	-0.29927978	0.33748546	-0.35024595	0.34753078	0.2935272	0.37697068
-0.6634209	0.7862429	-0.6980204	-0.73074484	0.7671603	0.7062146	0.7283854	-0.6780713	-0.82576555	-0.7844788	0.7911976	-0.75379074	0.7797944	-0.7338328	-0.73883265	-0.8244589
0.6001101	-0.60499734	0.65620714	0.66417754	-0.6307053	-0.5761222	-0.6563447	0.6590673	0.6971617	0.6414837	-0.6761544	0.649599	-0.62932	0.6535478	0.581964	0.7186798
0.72281885	-0.7553029	0.71749717	0.72054154	-0.72477937	-0.705563	-0.73959404	0.68554	0.7960285	0.74667406	-0.7218232	0.6990105	-0.6916658	0.6923236	0.70734817	0.7238579
-0.14942117	0.1895541	-0.12413512	-0.20392711	0.21694691	0.16378798	0.19072078	-0.16094181	-0.18348248	-0.18852672	0.13009222	-0.20791699	0.20157446	-0.20822114	-0.16833748	-0.19593795
-0.08448958	0.11030331	-0.076798365	-0.08647175	0.026333105	0.054053098	0.068068035	-0.14028026	-0.025796924	-0.05977434	0.04359932	-0.057560213	0.06203667	-0.08310627	-0.12296545	-0.06276384
0.4010827	-0.3174298	0.30280584	0.3419271	-0.39219806	-0.34900284	-0.33327326	0.3167806	0.3754943	0.36722493	-0.3268163	0.39479247	-0.36575383	0.39541793	0.3373963	0.4009504
0.7349681	-0.68938583	0.683994	0.72339416	-0.7418919	-0.70955193	-0.75576395	0.7193592	0.8020976	0.6818666	-0.76268166	0.75391716	-0.6904468	0.7501067	0.7450015	0.7417019
-0.30543268	0.2738475	-0.2740715	-0.26049113	0.2711396	0.23558015	0.28202635	-0.23423661	-0.25612548	-0.24263272	0.28933668	-0.2574781	0.2541592	-0.2813805	-0.24901931	-0.22547476
0.6621431	-0.69063914	0.61914176	0.63137466	-0.66534746	-0.70765316	-0.6721385	0.6068071	0.66482127	0.70596707	-0.6711837	0.6720481	-0.61899275	0.65426636	0.7186112	0.6935843
-0.3426711	0.40885547	-0.36455727	-0.33242056	0.33786675	0.3982885	0.31979123	-0.3764212	-0.37960714	-0.31996205	0.37079751	-0.32402936	0.34597003	-0.41872284	-0.38455766	-0.39136592
0.691616	-0.7862377	0.7972834	0.69945973	-0.74508977	-0.78346825	-0.76600283	0.75751495	0.79116833	0.790981	-0.72267026	0.8010166	-0.77767444	0.7609348	0.7149555	0.80444884
0.802384	-0.8401382	0.79858285	0.7921121	-0.7970089	-0.8442206	-0.78688633	0.82817125	0.85876393	0.82088035	-0.79207766	0.84285825	-0.82434785	0.8490851	0.7719262	0.88926595
-0.55041146	0.6184921	-0.7208937	-0.68412143	0.6787312	0.6723011	0.6492749	-0.6908146	-0.7456519	-0.6408485	0.6716484	-0.652637	0.65867144	-0.62251365	-0.5856979	-0.69471055
-0.098207645	0.13705902	-0.07914993	-0.04514423	0.07697096	0.09757435	0.111425474	-0.102086835	-0.07028867	-0.12994859	0.06948717	-0.14095251	0.13176396	-0.07932348	-0.04674233	-0.115262754
-0.13488121	0.13314277	-0.23016065	-0.21068789	0.1709616	0.17991784	0.13786532	-0.123702355	-0.17582926	-0.19860996	0.2095178	-0.15851381	0.21632855	-0.1862539	-0.18930759	-0.17368872
0.5305997	-0.5738873	0.47524107	0.48789945	-0.5608733	-0.5651225	-0.56410605	0.58039194	0.5401743	0.56034845	-0.51963735	0.49298814	-0.5372669	0.58770585	0.5591495	0.59972703
-0.36156115	0.4992433	-0.56697005	-0.5798903	0.6328655	0.46735278	0.48329982	-0.55506897	-0.65822047	-0.55625445	0.6240954	-0.57326853	0.5513137	-0.526831	-0.5522728	-0.59532005
-0.46730986	0.47813228	-0.5217816	-0.48369354	0.54097074	0.43017364	0.46342212	-0.5123492	-0.47942325	-0.44270578	0.48607656	-0.4984293	0.46138605	-0.48154086	-0.5212935	-0.5056706
0.20482153	-0.17881402	0.16903022	0.13598405	-0.1709201	-0.2360285	-0.14622168	0.18129686	0.22009636	0.13708022	-0.1800383	0.19463682	-0.18115173	0.16008224	0.19720227	0.20000559
-0.4172874	0.42227226	-0.4967744	-0.46271062	0.42517775	0.41598633	0.44172758	-0.42701215	-0.47960326	-0.4813964	0.50279146	-0.41822857	0.44615173	-0.43144202	-0.43197808	-0.47167757
-0.25113007	0.26791665	-0.32872933	-0.27534297	0.30804753	0.33692506	0.3160469	-0.3694678	-0.36766037	-0.28155676	0.3646566	-0.28527507	0.35074842	-0.26989862	-0.29576215	-0.29588124
0.59750795	-0.653235	0.6361273	0.6480542	-0.62330794	-0.6039345	-0.67073274	0.6481634	0.6323119	0.62628275	-0.65724117	0.63920236	-0.62712336	0.64450896	0.6261994	0.68663865
-0.40107742	0.47640243	-0.45177925	-0.4962958	0.5329188	0.51975274	0.52731	-0.53819376	-0.5341522	-0.54902077	0.5028234	-0.5073343	0.5166547	-0.5261903	-0.47283784	-0.52836686
-0.6054325	0.6550474	-0.62107235	-0.6528781	0.6197507	0.6002298	0.66236573	-0.6525915	-0.64637995	-0.6611952	0.6292039	-0.69318384	0.66003746	-0.62034124	-0.602623	-0.67821133
-0.6176667	0.6320311	-0.71060824	-0.67591065	0.6250357	0.62454206	0.62616664	-0.5720392	-0.6776581	-0.6037842	0.6896442	-0.6645875	0.59980756	-0.6665446	-0.60976887	-0.65681326
0.023423363	0.07628863	-0.13217057	-0.040006652	0.057390735	0.048468612	0.064399	-0.09508863	-0.06073752	-0.08717062	0.06491489	-0.047765214	0.04188925	-0.06635021	-0.01740698	-0.041060623
0.56120217	-0.60989827	0.58432007	0.5912595	-0.55781406	-0.5288376	-0.6024581	0.5613675	0.6038613	0.57269114	-0.5539027	0.534941	-0.5983567	0.5548073	0.54820746	0.5699014
-0.61773175	0.67089045	-0.72787535	-0.7401613	0.7009422	0.73135865	0.7423437	-0.6924962	-0.79997516	-0.75244534	0.6906257	-0.77461964	0.7390217	-0.75929093	-0.7247935	-0.7777691
-0.13294917	0.100439824	-0.14585988	-0.09408891	0.14497584	0.1429282	0.07454917	-0.0853429	-0.14601642	-0.113848075	0.14544497	-0.13315162	0.08396121	-0.085999176	-0.121486895	-0.14904432
0.5397359	-0.59593517	0.60057604	0.5910365	-0.55968595	-0.60235345	-0.55140674	0.53033864	0.6067584	0.51847935	-0.5345969	0.6069798	-0.5747127	0.57494366	0.5692842	0.58603644
0.2558616	-0.30960983	0.33980396	0.34312266	-0.33332467	-0.23911972	-0.33299422	0.2903525	0.34136695	0.28367588	-0.28803587	0.29024917	-0.2947363	0.2636724	0.33348578	0.343033
-0.38733488	0.5108866	-0.596503	-0.55209994	0.5693455	0.46442378	0.53455627	-0.49036914	-0.58651006	-0.48781225	0.5720345	-0.60108995	0.5882547	-0.56582206	-0.509015	-0.57510537
-0.17993204	0.49726292	-0.48164842	-0.58457404	0.60457844	0.40489885	0.3726119	-0.5761734	-0.6955981	-0.49307188	0.5241324	-0.5411031	0.53083223	-0.47299358	-0.47545925	-0.6507699
0.3947641	-0.5620741	0.46490246	0.49374285	-0.5376472	-0.49620342	-0.49656814	0.5165853	0.6259173	0.50822574	-0.54912126	0.54421586	-0.539097	0.53517056	0.546632	0.63084394
-0.8299107	0.8502975	-0.8689544	-0.9043095	0.89408803	0.8364008	0.855249	-0.8308433	-0.867455	-0.86144865	0.8482418	-0.9080635	0.8705339	-0.8494018	-0.85781294	-0.85623336
-0.54677236	0.63278264	-0.6353875	-0.6012201	0.6368614	0.5886544	0.5873738	-0.5211524	-0.61716187	-0.5608439	0.58198345	-0.5811551	0.5688174	-0.5510573	-0.544953	-0.58113635
0.63055116	-0.6416176	0.6157979	0.6720079	-0.6227002	-0.63138056	-0.6126182	0.6131626	0.7024966	0.66349685	-0.63053286	0.6988474	-0.6316095	0.658519	0.68369615	0.65725535
0.6272251	-0.70544803	0.70475984	0.66777515	-0.71446174	-0.6688514	-0.71048707	0.69638234	0.74519557	0.6445468	-0.7270831	0.6954175	-0.716324	0.7328603	0.67094684	0.75833607
0.6586297	-0.68650985	0.65966046	0.6529296	-0.7533793	-0.7178266	-0.6477502	0.6314591	0.78433865	0.6837119	-0.6554766	0.7029229	-0.69032747	0.689564	0.63950336	0.77008563
-0.6585664	0.639122	-0.67053336	-0.6194578	0.65023655	0.68243736	0.67641664	-0.63091797	-0.69065946	-0.62232184	0.6935459	-0.62559235	0.662444	-0.6952998	-0.66462046	-0.7006393
-0.568119	0.7072472	-0.69473547	-0.72265744	0.66497177	0.6281448	0.706214	-0.6861567	-0.7051597	-0.69342256	0.65250576	-0.6730485	0.7122479	-0.6835808	-0.6179923	-0.70230794
-0.3947998	0.48894453	-0.45001894	-0.46748528	0.449006	0.42346507	0.47351462	-0.4021799	-0.47643846	-0.4500776	0.42260754	-0.4509734	0.4055137	-0.48252293	-0.4411465	-0.40550977
0.5088898	-0.39672983	0.39122233	0.37593225	-0.43534473	-0.42860225	-0.41177335	0.40525445	0.45327917	0.46437505	-0.40924975	0.42461014	-0.39915273	0.40767458	0.38826877	0.4636202
-0.38441873	0.3796263	-0.41515255	-0.40649346	0.37481755	0.43055367	0.42856726	-0.40267473	-0.40002444	-0.36528817	0.37483293	-0.39901704	0.41853714	-0.38999617	-0.43121025	-0.4188355
-0.70902133	0.7892871	-0.8011104	-0.77304876	0.75751454	0.7568866	0.7652482	-0.722011	-0.84853363	-0.72551996	0.75853467	-0.7686815	0.7493982	-0.77934456	-0.6934835	-0.83468425
0.068387374	0.018281318	0.009353208	0.030957878	-0.040855523	-0.015184981	0.011266686	-0.005886125	0.07924347	0.045689814	0.011606328	0.049509726	-0.051185496	0.018300805	0.041141864	0.015233644
-0.1776136	0.45319965	-0.50539684	-0.53775436	0.6069113	0.30663508	0.43939725	-0.5984128	-0.64887846	-0.45117444	0.584032	-0.5946392	0.5013055	-0.5025665	-0.4569034	-0.6676742
0.23271282	-0.1448642	0.12817986	0.091325514	-0.14409398	-0.10053172	-0.1288928	0.10696405	0.0853631	0.12657778	-0.12569077	0.11502868	-0.08599502	0.15297745	0.06353956	0.09503313
-0.26003677	0.17895398	-0.23937438	-0.21278198	0.23085432	0.26211044	0.20674956	-0.17357232	-0.22144854	-0.18612486	0.20080775	-0.17078267	0.21576834	-0.22529005	-0.25376344	-0.23075077
-0.68988836	0.66513264	-0.70107573	-0.65248394	0.7368209	0.66902786	0.67543894	-0.7262468	-0.72435975	-0.65828425	0.75476474	-0.69750506	0.7243537	-0.74741864	-0.66330314	-0.7284578
0.029195981	-0.0564961	-0.02990411	-0.04088627	0.035651453	-0.06645248	-0.049803633	0.015932605	-0.026425924	-0.0058917785	0.039827503	0.0006668024	-0.020519838	-0.004972665	0.03774652	0.0259367
-0.3086716	0.466127	-0.5157688	-0.4571633	0.5462964	0.4090818	0.5123322	-0.49566427	-0.50420094	-0.44641975	0.4763673	-0.52391857	0.45315668	-0.44013023	-0.4825147	-0.5020181
0.54166377	-0.57692444	0.59537125	0.5372913	-0.53689355	-0.5017619	-0.57906914	0.5541253	0.55304265	0.5465879	-0.5148593	0.53596705	-0.535408	0.51024115	0.5359575	0.59786093
-0.36060908	0.31070474	-0.38390684	-0.27858675	0.31282845	0.34592617	0.30390072	-0.33796692	-0.3774654	-0.33184278	0.35228232	-0.3275051	0.32415655	-0.2725796	-0.28134543	-0.35463616
-0.9374207	0.88911664	-0.9092397	-0.86810595	0.9189551	0.922485	0.87693644	-0.90423304	-0.94110024	-0.87938094	0.90727884	-0.91375947	0.83992344	-0.9057055	-0.84837866	-0.89297014
0.47230282	-0.5065025	0.5403242	0.5673784	-0.5910045	-0.55362463	-0.51803446	0.4861615	0.54882777	0.56533486	-0.5555872	0.55252635	-0.57264376	0.50420845	0.5438421	0.59181094
-0.34677556	0.46588036	-0.54591256	-0.48895183	0.5537187	0.43357602	0.53156596	-0.6012087	-0.5399679	-0.52592754	0.5317442	-0.5557166	0.51799107	-0.4765029	-0.45835578	-0.5827622
0.56493515	-0.5803604	0.61670506	0.5782294	-0.6186076	-0.5426277	-0.54628307	0.5057278	0.6298374	0.6157741	-0.54517037	0.58853275	-0.60167676	0.60500026	0.5980103	0.62712026
-0.94517285	0.91125864	-0.93616587	-1.0070198	1.0141828	0.9647757	0.9210801	-0.9809786	-1.0185117	-0.97811776	0.9712187	-1.0153569	1.0021241	-0.9267364	-0.91229457	-0.9667768
-0.51829404	0.6008575	-0.62759954	-0.5692436	0.6185394	0.6053369	0.57591456	-0.5737106	-0.5950877	-0.5646655	0.5930859	-0.63025737	0.57555693	-0.60375977	-0.56607693	-0.5917858
0.6457749	-0.6509198	0.66464907	0.6575495	-0.6863672	-0.6802824	-0.6637085	0.6493992	0.6807394	0.6869326	-0.61502355	0.68288696	-0.63178515	0.6237792	0.589123	0.69866997
-0.61076105	0.5775291	-0.5377264	-0.5867564	0.5508934	0.5867059	0.5601155	-0.58248466	-0.6217549	-0.57445884	0.5629413	-0.5956752	0.6017567	-0.5957158	-0.564288	-0.5570135
-0.38210082	0.4888539	-0.5424691	-0.572086	0.55589235	0.46613923	0.4848029	-0.5474176	-0.5759184	-0.47948217	0.5743348	-0.54941356	0.4978874	-0.4628725	-0.54397154	-0.564012
-0.0752427	0.10166007	-0.071236156	-0.052008133	0.06268277	0.045007005	0.054477647	-0.09577771	-0.029997014	-0.020286134	0.084366545	-0.10850263	0.089380145	-0.08337276	-0.098963544	-0.04318859
-0.7069897	0.7540132	-0.7049385	-0.7108855	0.7074094	0.75402445	0.6802647	-0.671735	-0.7333427	-0.6850059	0.7707516	-0.75781643	0.7465022	-0.72178733	-0.7596253	-0.74013954
-0.5066418	0.56316584	-0.5574149	-0.61193067	0.6509469	0.59638506	0.61552656	-0.5347702	-0.5908157	-0.5894382	0.5814176	-0.64706165	0.5535909	-0.5731427	-0.57006484	-0.59833455
-0.721964	0.68544143	-0.6886908	-0.6955595	0.7441532	0.6780949	0.7370622	-0.7486273	-0.72391355	-0.6778517	0.7490723	-0.73323655	0.7136877	-0.7040349	-0.7291252	-0.76006633
0.6612164	-0.63311005	0.6616485	0.64406025	-0.65613633	-0.64276445	-0.62380004	0.65511954	0.6745872	0.67205495	-0.67489636	0.5918895	-0.62762314	0.6339714	0.6240168	0.6583771
0.61307985	-0.5822854	0.5744099	0.56128025	-0.6022725	-0.61586624	-0.6094776	0.6087065	0.6143038	0.59290326	-0.5496913	0.6468238	-0.6059814	0.5672558	0.58063865	0.6105544
0.13787058	-0.12654589	0.13579178	0.14912225	-0.12991637	-0.116376184	-0.15497014	0.19392496	0.14551598	0.13207738	-0.13974564	0.16710998	-0.16906923	0.18201287	0.16614468	0.12218706
0.6202263	-0.7283569	0.6881056	0.6558381	-0.66513306	-0.68067104	-0.7006353	0.68155277	0.72135633	0.6861417	-0.71986043	0.70162684	-0.6356881	0.6878429	0.72831935	0.7013109
0.34474587	-0.35834607	0.30653706	0.32150295	-0.35939106	-0.30596477	-0.28528976	0.31640807	0.3427698	0.3598086	-0.32391402	0.33412656	-0.35662383	0.3370798	0.36837912	0.31121564
-0.7144063	0.7011042	-0.71573853	-0.75066113	0.71675235	0.7570814	0.7379695	-0.7772144	-0.7537997	-0.72696286	0.76253486	-0.7831299	0.76441693	-0.7703749	-0.73899883	-0.7532519
0.11083275	-0.081970386	0.10387682	0.10846328	-0.053519756	-0.08066222	-0.070108294	0.08042591	0.08898099	0.084875695	-0.042779844	0.08671354	-0.04269179	0.07580719	0.09119615	0.08980245
-0.45391238	0.5108	-0.5094046	-0.5128155	0.53055936	0.5311424	0.46930718	-0.56793374	-0.59417254	-0.4791483	0.5400183	-0.5651243	0.5031343	-0.4823589	-0.49047282	-0.56534445
-0.78687185	0.7751732	-0.7839093	-0.73999983	0.8059893	0.78993124	0.8027453	-0.7645952	-0.80470157	-0.7541448	0.8268509	-0.80032086	0.76383173	-0.7722346	-0.73462147	-0.82136637
0.565861	-0.5858553	0.64256597	0.6505743	-0.6281572	-0.6006296	-0.60908407	0.62217915	0.6606996	0.66701674	-0.64844334	0.6642616	-0.647477	0.6022695	0.6497124	0.63335085
0.7725151	-0.76649386	0.79929197	0.71010834	-0.81068176	-0.7642951	-0.7702079	0.70829326	0.7809305	0.8120004	-0.74880964	0.7740234	-0.7361975	0.77772546	0.71742225	0.79403675
-0.11493775	0.0827389	-0.10541351	-0.1370571	0.06809043	0.117410004	0.06934952	-0.12374277	-0.06134033	-0.04016061	0.11953491	-0.058390886	0.08945494	-0.09306913	-0.044586286	-0.108257055
-0.0852372	0.12323651	-0.060319524	-0.025769595	0.07266282	0.11018814	0.11251271	-0.07606279	-0.052355323	-0.11149634	0.06412251	-0.112257816	0.06680276	-0.08787255	-0.064414635	-0.10603786
-0.60208446	0.616974	-0.62291807	-0.62882006	0.5925871	0.597841	0.6132747	-0.6539091	-0.658765	-0.5737574	0.6152438	-0.67226976	0.6338633	-0.5686792	-0.6124821	-0.6509147
0.21448638	-0.2138952	0.2400781	0.17120215	-0.22202142	-0.19094536	-0.18439317	0.18832771	0.264745	0.25494644	-0.17718399	0.17193508	-0.18455137	0.19907576	0.2206684	0.22712523
-0.17214826	0.21335271	-0.27208826	-0.2626652	0.20977019	0.24518935	0.25681823	-0.20095155	-0.25507516	-0.20030709	0.26521862	-0.2322162	0.2058995	-0.18925095	-0.19154216	-0.2269427
0.33208343	-0.32823408	0.39016375	0.32204303	-0.46440434	-0.34538338	-0.33251807	0.31366012	0.45258886	0.36237064	-0.3820328	0.39253956	-0.31353983	0.34214604	0.32552314	0.48769453
0.17686604	-0.20973407	0.17341992	0.17275934	-0.12854569	-0.12222927	-0.21722814	0.21114212	0.2080097	0.15170172	-0.15317656	0.18459807	-0.17321871	0.13662204	0.19264957	0.21287239
0.55534023	-0.6712867	0.65950555	0.60352427	-0.6952357	-0.5963284	-0.6467673	0.6624219	0.6761357	0.6072213	-0.6318204	0.64180917	-0.64332217	0.6560687	0.65290284	0.6953505
0.5924689	-0.64891857	0.63961446	0.6291705	-0.61664784	-0.65574896	-0.59409505	0.60826385	0.69249135	0.62083757	-0.6334285	0.6405746	-0.6532408	0.59460175	0.6253327	0.69331473
0.656818	-0.6719101	0.6801141	0.6598081	-0.62746775	-0.6816348	-0.6680668	0.69170916	0.6649624	0.6841589	-0.7194798	0.6515506	-0.70154905	0.7283195	0.66818196	0.6973651
-0.44865105	0.59744626	-0.6416125	-0.5874642	0.60240525	0.55646956	0.5571877	-0.65213364	-0.7301116	-0.5924292	0.6241158	-0.6736128	0.5697138	-0.6166215	-0.6383359	-0.69232523
0.0748764	-0.00057126675	0.060078356	0.04183218	-0.05205374	-0.09237812	-0.09346994	-0.03014789	-0.017931221	0.050010853	0.01647006	-0.017070478	-0.016369082	0.017601	0.007846448	0.014309027
0.24970774	-0.267326	0.29409578	0.3170937	-0.32365772	-0.28062505	-0.2845458	0.27989718	0.27605617	0.27687413	-0.31251323	0.2970396	-0.31082365	0.2856779	0.2820592	0.30032355
-0.39712912	0.46680585	-0.5153398	-0.48153925	0.49852127	0.3695645	0.39978158	-0.43166077	-0.5145037	-0.42872718	0.40828845	-0.4906521	0.44445324	-0.41101193	-0.47086132	-0.48835713
0.3812248	-0.4884059	0.3655577	0.46192822	-0.5154816	-0.43162584	-0.46792904	0.40091267	0.621056	0.44432488	-0.48857138	0.45561963	-0.43117145	0.482222	0.46387613	0.54588866
0.48422673	-0.47110128	0.5352167	0.45958436	-0.45596427	-0.52030474	-0.5065335	0.44129646	0.44620925	0.48246545	-0.42945707	0.4326119	-0.41354397	0.4952366	0.43253097	0.5104331
0.26792768	-0.342164	0.27746755	0.37258622	-0.3434416	-0.3371297	-0.374152	0.29451454	0.41259697	0.34609213	-0.40244243	0.3401327	-0.3398822	0.38166642	0.35383722	0.41141436
0.84309894	-0.8509445	0.87922025	0.8330765	-0.811049	-0.8831686	-0.82395244	0.85527384	0.89726436	0.8255737	-0.8957581	0.8288543	-0.85989416	0.888072	0.8628785	0.9058803
-0.06396758	0.09725598	-0.09017741	-0.07004025	0.16100332	0.15997192	0.0925953	-0.12865321	-0.092381224	-0.11902546	0.10146051	-0.13358778	0.09440195	-0.122289374	-0.1333128	-0.082879186
0.4027484	-0.37199473	0.37053984	0.4392116	-0.37282473	-0.4051473	-0.42558476	0.4249969	0.47052673	0.42257288	-0.45570907	0.37806675	-0.36311862	0.44281125	0.44299775	0.44904304
-0.40371302	0.42475596	-0.4617413	-0.46633497	0.50438166	0.473088	0.4663942	-0.4371852	-0.47126174	-0.47485644	0.4743891	-0.43505663	0.49652076	-0.42166212	-0.46051505	-0.48616737
0.05466536	-0.04621454	0.05058433	0.073194355	-0.07177456	-0.07197171	-0.06929873	0.053216077	0.0044264165	0.033807285	-0.0743641	0.08173115	-0.08585084	0.01818734	0.030846141	0.044146463
-0.7335151	0.76320535	-0.77578855	-0.7813732	0.7903532	0.794212	0.81830585	-0.82847774	-0.74616855	-0.7621249	0.7655323	-0.7663633	0.78836864	-0.7970037	-0.73969465	-0.77864814
-0.4343175	0.45110172	-0.4299972	-0.41268417	0.46349472	0.46322796	0.40583983	-0.37571657	-0.5109237	-0.41118726	0.4508118	-0.47420877	0.42789885	-0.4918325	-0.46143886	-0.50952345
-0.66848016	0.7131447	-0.7762775	-0.7057311	0.77689254	0.6812268	0.74326146	-0.7133939	-0.8262001	-0.7705481	0.7305685	-0.7683241	0.67382383	-0.71199775	-0.7387994	-0.80742943
-0.46847603	0.5757579	-0.5985792	-0.58644843	0.53675234	0.54802006	0.5914423	-0.5217486	-0.5816161	-0.5197803	0.5958565	-0.5408371	0.5204806	-0.54213315	-0.5818822	-0.61999434
0.8141592	-0.88888884	0.902667	0.8428783	-0.8617355	-0.814423	-0.8346005	0.8584337	0.94348156	0.81907666	-0.81835127	0.83469164	-0.82224786	0.8754794	0.8434021	0.8601984
0.070627205	-0.09777659	0.030993281	0.008022036	-0.0014505077	-0.07862871	-0.020885192	0.08386846	0.009791447	0.074544735	0.0068160486	-0.00550257	-0.0029541547	0.039396323	0.027600328	0.063171476
-0.20031372	0.22564474	-0.20410801	-0.1279471	0.17450294	0.18240881	0.16544124	-0.18595178	-0.16122414	-0.16149181	0.19326802	-0.2182778	0.12226357	-0.16854538	-0.15399693	-0.23320618
0.37016132	-0.3344461	0.30652708	0.35454407	-0.335133	-0.30766866	-0.35323113	0.34570268	0.3317822	0.36574233	-0.34498048	0.3562207	-0.37308207	0.37574923	0.32771343	0.359044
0.05250691	-0.1117703	0.015727825	0.030326275	-0.06525302	-0.033865146	-0.055390537	0.07308456	0.09236854	0.10679645	-0.03772109	0.07451453	-0.07592789	0.03933068	0.12232972	0.11236721
-0.4360507	0.54232484	-0.48832154	-0.49443898	0.60678154	0.53853124	0.52788734	-0.57126147	-0.5481409	-0.5212418	0.52036536	-0.52195024	0.52533805	-0.49155825	-0.50353587	-0.5925113
-0.036287513	0.082098305	-0.018618682	-0.03637797	-0.00842274	0.045232013	0.045338526	-0.054419324	-0.044822842	-0.032340407	-0.0025522453	-0.02511016	0.06682396	0.010285203	-0.061563052	-0.029766433
0.39713982	-0.4689343	0.46138895	0.40348458	-0.4458146	-0.40970764	-0.42983606	0.38043383	0.5584709	0.44452244	-0.44285333	0.41662982	-0.43411973	0.4600434	0.4328588	0.4980185
-0.6825353	0.71424574	-0.7280092	-0.75303054	0.70220596	0.6926404	0.7133672	-0.7318706	-0.7659915	-0.6956299	0.69901335	-0.7066689	0.74488074	-0.6835652	-0.7359421	-0.7501011
-0.5581751	0.5783724	-0.63042766	-0.5904885	0.5746011	0.580083	0.57617325	-0.5656096	-0.6905353	-0.6189055	0.60547715	-0.58332115	0.56350785	-0.5726704	-0.6258997	-0.5804439
-0.13792567	0.060792662	-0.0870616	-0.10972614	0.11589662	0.07137991	0.08786658	-0.033462208	-0.043134224	-0.12915151	0.033557285	-0.12652749	0.03910312	-0.113451354	-0.1306916	-0.033574067
-0.26675075	0.4098453	-0.364916	-0.4588841	0.46413124	0.35410845	0.4152998	-0.47477248	-0.47203618	-0.44289002	0.44538653	-0.4547108	0.46017677	-0.43802518	-0.40350264	-0.4498923
-0.31352738	0.38818538	-0.3916046	-0.44942698	0.41405463	0.3922736	0.36657536	-0.4099444	-0.4131608	-0.42362785	0.3596572	-0.40979213	0.40512726	-0.3883663	-0.3483005	-0.4296725
-0.42922708	0.534585	-0.58980983	-0.5773723	0.6983471	0.55209714	0.5030839	-0.64008963	-0.69935447	-0.57629526	0.67215085	-0.65755695	0.6537147	-0.6193894	-0.6277049	-0.71239746
-0.37073675	0.32422003	-0.39646372	-0.33411682	0.41011193	0.337026	0.37339026	-0.3955902	-0.4097605	-0.40869296	0.36888584	-0.34189963	0.40452796	-0.34380403	-0.36171603	-0.3307641
-0.4315657	0.5042421	-0.47213137	-0.45629326	0.4403117	0.50878745	0.49185613	-0.44200465	-0.44670075	-0.43167457	0.4722982	-0.48653632	0.46643877	-0.4593494	-0.43580973	-0.5076518
0.29424322	-0.2518678	0.31185815	0.2469824	-0.30652773	-0.3270709	-0.26446736	0.33044338	0.33897546	0.3135395	-0.32666597	0.28604636	-0.27919063	0.2845167	0.2519525	0.35174704
0.54811054	-0.6000396	0.6069345	0.6008883	-0.58072925	-0.55408186	-0.57012683	0.5805822	0.6147975	0.6114139	-0.60816544	0.5983356	-0.6086506	0.5633176	0.62079644	0.66106343
0.28768954	-0.33656943	0.31180125	0.2814903	-0.25072616	-0.26777744	-0.27729818	0.31368107	0.33561838	0.33961958	-0.32434958	0.28223816	-0.27643797	0.27904612	0.2866497	0.2983269
0.46708813	-0.6097026	0.551859	0.5545665	-0.6109815	-0.58358884	-0.6148801	0.5839924	0.6726781	0.59517133	-0.58795774	0.60651946	-0.57551634	0.55175763	0.59033847	0.59465665
0.5791317	-0.6616138	0.63430315	0.6525222	-0.6280084	-0.63559586	-0.6428454	0.65492827	0.69547224	0.6697267	-0.67049164	0.61425817	-0.6015933	0.5922895	0.675995	0.6794764
-0.84127235	0.886659	-0.8519681	-0.82091594	0.88008934	0.8468651	0.8774041	-0.842639	-0.87649715	-0.84545153	0.8102609	-0.87646055	0.81977886	-0.88086516	-0.8018566	-0.83702
0.39148316	-0.4334029	0.44182366	0.3839172	-0.40730834	-0.37951466	-0.41794646	0.46434966	0.4184205	0.37912235	-0.42030907	0.41325074	-0.41553092	0.41362473	0.38670078	0.4503538
0.08053898	0.04234582	-0.02038219	-0.049504973	0.060183015	-0.010693729	0.015111514	-0.12894993	-0.03518987	-0.051961623	0.0497958	-0.061969284	0.036810778	-0.040450133	-0.0051693707	-0.02414016
0.5281602	-0.58758706	0.60424	0.57007474	-0.60974014	-0.54435617	-0.57337254	0.55153126	0.63614994	0.6276924	-0.6082486	0.59787166	-0.5375802	0.6434698	0.64025396	0.58414984
-0.47420585	0.4551745	-0.49596035	-0.47224855	0.45047736	0.45086643	0.48779464	-0.4659166	-0.50669765	-0.46749568	0.4154594	-0.4435674	0.41939077	-0.4411751	-0.40808365	-0.42446202
0.687193	-0.7184197	0.7009552	0.69263554	-0.75584733	-0.7247228	-0.7170786	0.6565502	0.7951733	0.70873165	-0.74894524	0.76808536	-0.7096605	0.7200065	0.7477519	0.7346588
0.41257903	-0.5498426	0.46585926	0.50971687	-0.53082675	-0.44997224	-0.48785222	0.48229232	0.58745635	0.4696264	-0.47575504	0.5073888	-0.52000326	0.47537598	0.5288109	0.55428714
0.70154727	-0.66238064	0.67993575	0.66760236	-0.6622327	-0.6830083	-0.6773907	0.69586456	0.66272736	0.7215534	-0.7204281	0.6595974	-0.64905554	0.72951806	0.62525433	0.6928254
-0.08186868	0.14295545	-0.097812116	-0.05833501	0.09950791	0.08698412	0.065424405	-0.11692002	-0.15052421	-0.12714902	0.14131694	-0.097693615	0.10016175	-0.14932017	-0.05703082	-0.09827998
-0.74988186	0.72766966	-0.758301	-0.7249229	0.7560794	0.7082766	0.7208446	-0.66710573	-0.7304009	-0.698879	0.70237684	-0.72587186	0.68530524	-0.6961195	-0.7465483	-0.67473817
-0.3209106	0.23539752	-0.31863543	-0.22380497	0.23717974	0.28613323	0.2975355	-0.2679117	-0.21739528	-0.2708651	0.29971707	-0.2538436	0.25149155	-0.29357442	-0.2853802	-0.26281425
0.7313102	-0.80225587	0.7256307	0.76845765	-0.7319388	-0.79242074	-0.7585655	0.7350008	0.8122161	0.7326239	-0.7578869	0.7643054	-0.80037206	0.7971437	0.7265756	0.75141615
0.07416449	0.014063423	-0.015610707	-0.06867395	0.0076033957	-0.05096022	0.048186485	0.004956335	-0.061837487	-0.02563341	0.033758655	-0.05039596	-0.0021699774	0.022047067	0.0002320384	-0.067229144
0.21820244	-0.2892011	0.26462144	0.25441065	-0.227082	-0.24745327	-0.22656386	0.27130428	0.31048313	0.2177081	-0.20983095	0.23615733	-0.25883815	0.30738515	0.23333518	0.21489707
0.549795	-0.5205403	0.5411723	0.5004419	-0.597439	-0.5529684	-0.5549597	0.5643385	0.5921461	0.5527362	-0.51077986	0.5779983	-0.503911	0.5809539	0.55585897	0.61626583
-0.7000742	0.735236	-0.78569406	-0.7010847	0.7616966	0.73683965	0.7688069	-0.7289809	-0.7500481	-0.73883027	0.69928783	-0.7734962	0.68157816	-0.71942097	-0.7038447	-0.79964185
0.6236644	-0.685628	0.59591955	0.66016495	-0.6086021	-0.64167845	-0.65097636	0.5967749	0.6449094	0.5990376	-0.6697511	0.6211336	-0.60842603	0.59372514	0.65597314	0.6913167
0.36418682	-0.5006848	0.45005444	0.5206728	-0.6230846	-0.5106948	-0.5284538	0.5077932	0.5978396	0.5110206	-0.5169208	0.5891933	-0.45889345	0.5087401	0.4807575	0.57141167
-0.4205907	0.44892153	-0.41497636	-0.35773042	0.4415649	0.38284707	0.41185886	-0.44960302	-0.38931265	-0.3975507	0.36731726	-0.4665106	0.39518014	-0.4581491	-0.37718457	-0.44598246
0.50610936	-0.61616904	0.55623317	0.54370946	-0.6143362	-0.5453233	-0.5677967	0.5269164	0.64950913	0.5581594	-0.6508488	0.5688487	-0.5304394	0.566239	0.624611	0.6878031
0.76620185	-0.72044325	0.7544896	0.7448476	-0.7785905	-0.7183438	-0.76811844	0.71600795	0.802392	0.75137347	-0.74757123	0.77135515	-0.7729082	0.78748	0.7509121	0.837269
-0.3835676	0.5628671	-0.46851632	-0.49764213	0.5906063	0.47199687	0.473422	-0.5956742	-0.53943956	-0.4757156	0.5823672	-0.5679452	0.48854485	-0.49209842	-0.50612336	-0.5347651
-0.29953915	0.28811654	-0.27294746	-0.3194676	0.32291207	0.29246706	0.30600867	-0.28368706	-0.2939463	-0.26589897	0.34188652	-0.31005117	0.2873624	-0.30880672	-0.30857924	-0.33837375
-0.64012074	0.6237736	-0.69307166	-0.63938946	0.6082082	0.5799572	0.61068606	-0.639095	-0.63058084	-0.6370206	0.6169752	-0.6520515	0.6200621	-0.6209922	-0.5787404	-0.62927526
0.32407033	-0.363608	0.38758025	0.31205106	-0.39834931	-0.3499289	-0.32362604	0.33242783	0.39934146	0.34757274	-0.39575443	0.3538916	-0.3416056	0.3478056	0.29921743	0.32456785
-0.08478562	0.0799018	-0.11484439	-0.09562787	0.11033489	0.12526602	0.08781122	-0.064830914	-0.10735765	-0.12469478	0.12657246	-0.047280055	0.1386394	-0.10191642	-0.08286798	-0.120654166
-0.8277471	0.82419366	-0.8822865	-0.8557609	0.9027038	0.8030305	0.8486068	-0.8750166	-0.9081232	-0.86002	0.8162251	-0.8630441	0.8850253	-0.81767815	-0.88881016	-0.91991323
0.37186682	-0.3812507	0.30694735	0.3365075	-0.29822585	-0.34217468	-0.38095275	0.32898876	0.37296695	0.38168007	-0.33951876	0.3745944	-0.30808553	0.37061659	0.34687516	0.39454502
0.3584386	-0.3052362	0.29162467	0.32486233	-0.27840605	-0.30494553	-0.27270818	0.3059808	0.3508224	0.3229963	-0.2721195	0.335537	-0.35523778	0.31158933	0.2641605	0.2744887
0.6498744	-0.7643015	0.78015363	0.6919886	-0.77580464	-0.7040177	-0.7421512	0.6854578	0.73298204	0.6822483	-0.68658817	0.7069543	-0.66978407	0.70320964	0.7308642	0.7601608
0.33927315	-0.34782797	0.39491022	0.33197907	-0.3285605	-0.38906196	-0.3302546	0.3391032	0.37338853	0.36915204	-0.34657845	0.3142714	-0.35874847	0.37173536	0.2960736	0.3945123
0.6660041	-0.761413	0.726231	0.70382047	-0.7497172	-0.79411405	-0.7215784	0.7567687	0.7977822	0.798238	-0.72700053	0.7869183	-0.7025366	0.7786292	0.7149859	0.7546172
0.78633344	-0.7808056	0.7856732	0.75218946	-0.76511455	-0.8114538	-0.76071525	0.8378571	0.80696553	0.8547923	-0.78768533	0.79260427	-0.78809667	0.75598574	0.8361706	0.8029054
-0.7172568	0.7592815	-0.7622073	-0.73586065	0.814725	0.7959562	0.73644423	-0.79315245	-0.86233205	-0.79327714	0.77485013	-0.8378333	0.8057516	-0.78783494	-0.7889811	-0.79247576
0.60066575	-0.58556736	0.5829364	0.59059185	-0.5954474	-0.5428888	-0.5941059	0.57395124	0.65129125	0.6169573	-0.60776937	0.5473899	-0.60747015	0.5489085	0.594621	0.60863775
-0.58524877	0.6487612	-0.577406	-0.68239135	0.62521344	0.6354604	0.6541919	-0.672539	-0.68579346	-0.6524258	0.60224533	-0.60114807	0.61635906	-0.6376381	-0.61565703	-0.601534
0.59746563	-0.6399506	0.6689944	0.68117994	-0.668899	-0.6313579	-0.6158988	0.60760576	0.6761532	0.68855774	-0.6493697	0.65937895	-0.6724327	0.67629784	0.69611627	0.7090628
0.3172891	-0.28978303	0.24835843	0.22766812	-0.2529065	-0.2516104	-0.31843406	0.2676264	0.23913747	0.29640388	-0.22795299	0.2923131	-0.23163632	0.29247814	0.27575022	0.27458975
-0.16122656	0.18679014	-0.17909044	-0.14200184	0.16759992	0.22907425	0.14661264	-0.23395382	-0.22980441	-0.195904	0.19126283	-0.1414602	0.14430965	-0.18295415	-0.22501826	-0.20491669
-0.30120584	0.52598476	-0.64216846	-0.56137174	0.59792054	0.46200722	0.41932976	-0.5695317	-0.7221667	-0.5344515	0.63723564	-0.66377366	0.6205103	-0.5829466	-0.5476153	-0.69259006
-0.31448478	0.33369318	-0.29551145	-0.29734227	0.27095905	0.23500939	0.31603825	-0.33656022	-0.24406688	-0.2693454	0.2787228	-0.2608991	0.2553343	-0.32320556	-0.32495382	-0.2705245
-0.44821027	0.4363121	-0.47648835	-0.453427	0.37296817	0.37501755	0.3878608	-0.38542995	-0.43715802	-0.3547654	0.41040415	-0.41482413	0.41996503	-0.45537594	-0.3884789	-0.39067036
0.5696865	-0.53248715	0.6217879	0.5920558	-0.5557256	-0.5549921	-0.58538383	0.5722702	0.6117444	0.5476799	-0.6165019	0.6271635	-0.60709363	0.5574459	0.6130033	0.6015053
-0.23628302	0.18069404	-0.15685914	-0.16663034	0.2518172	0.23004961	0.2550163	-0.17705363	-0.19043086	-0.20649488	0.21244575	-0.16355744	0.2570848	-0.20062074	-0.1943423	-0.1853514
-0.52624327	0.6559602	-0.63861966	-0.59491163	0.65383536	0.63524467	0.6526981	-0.6324326	-0.62073815	-0.6285248	0.60300833	-0.6593365	0.6468657	-0.57068115	-0.58256346	-0.6076311
0.50785995	-0.60832214	0.57128716	0.53350383	-0.63175803	-0.52292603	-0.5827547	0.5246036	0.6226795	0.5547464	-0.6162837	0.6032678	-0.57360506	0.58417904	0.53335917	0.6461598
-0.5973113	0.5609267	-0.68930817	-0.64579684	0.6142431	0.6282127	0.6006426	-0.67981136	-0.6237955	-0.570969	0.6372809	-0.61911565	0.58804494	-0.61190975	-0.63507473	-0.65994537
-0.008845971	0.3423145	-0.37815225	-0.419289	0.5810653	0.23913251	0.3123388	-0.46829447	-0.6780258	-0.33623534	0.51334006	-0.51193947	0.46580502	-0.3944002	-0.35670385	-0.5955687
-0.7803718	0.77194357	-0.798285	-0.7895039	0.8079664	0.77004516	0.82850635	-0.78608215	-0.85302675	-0.8297066	0.85208756	-0.7859887	0.78014475	-0.834612	-0.81997424	-0.8056048
-0.33911777	0.40720478	-0.41529384	-0.36691883	0.39488703	0.3545513	0.38301635	-0.34707126	-0.43717507	-0.37201583	0.39149037	-0.3594557	0.34718367	-0.3157862	-0.39615762	-0.37109822
0.12838084	-0.07944324	0.024176188	0.07183122	-0.122829616	-0.110491164	-0.11570975	0.048124164	0.16903396	0.10058323	-0.10233901	0.087728135	-0.08462091	0.10342384	0.08635414	0.12352173
-0.099042356	0.06284104	-0.04219153	-0.062713645	0.09429992	0.034113117	0.062791415	-0.08884219	-0.01638976	-0.05455285	0.0665461	-0.07991652	0.050946273	-0.02410407	-0.042471167	-0.07942695
0.0067400606	0.34617212	-0.2905121	-0.34533677	0.49977446	0.23763652	0.21322282	-0.41148686	-0.5854162	-0.32783842	0.44648764	-0.428056	0.38120013	-0.357464	-0.359941	-0.49379024
-0.8091415	0.8553303	-0.8706485	-0.81352806	0.83120245	0.7753234	0.8090058	-0.77555615	-0.8203552	-0.8593779	0.7893717	-0.7902101	0.83692676	-0.8011686	-0.78126895	-0.85637724
-0.10731528	0.10711308	-0.124210775	-0.16668953	0.17398454	0.11725855	0.10190183	-0.1353031	-0.1907118	-0.15797037	0.18776621	-0.13143085	0.15197404	-0.1955486	-0.14303465	-0.108554386
0.43853593	-0.5296198	0.4982784	0.4638287	-0.46832195	-0.5239169	-0.51543254	0.5044496	0.486549	0.45868933	-0.5321404	0.5448077	-0.5001526	0.54018164	0.52584994	0.47898233
0.5797389	-0.5399222	0.5990665	0.571805	-0.6061419	-0.5489125	-0.60308456	0.5891825	0.5945752	0.5512882	-0.55115455	0.60878384	-0.58351576	0.5972518	0.5672988	0.6306194
-0.5509205	0.5729472	-0.64741296	-0.5867065	0.58721596	0.6106672	0.5353986	-0.58841634	-0.61433977	-0.54529274	0.5882829	-0.5845607	0.5669238	-0.5599886	-0.6191096	-0.65813154
0.0053634658	0.05562484	-0.07922275	-0.07453209	0.047556292	-0.008400648	0.044935133	-0.056479033	-0.01971938	0.014703256	0.047258977	-0.06703082	0.018650206	-0.04118262	-0.047461003	-0.0652874
0.36019328	-0.29118755	0.30896237	0.3381553	-0.32922384	-0.3224108	-0.26172298	0.24701855	0.3066141	0.27359858	-0.30014876	0.30335942	-0.3350302	0.27637866	0.27228084	0.34003854
-0.581089	0.56262714	-0.60410506	-0.6148899	0.54186606	0.54441357	0.54507315	-0.59772044	-0.61847246	-0.5662683	0.5394618	-0.60111076	0.5653406	-0.59498477	-0.5981732	-0.57255924
0.69252735	-0.7226214	0.6933899	0.6573499	-0.7166004	-0.7121076	-0.6480847	0.682971	0.6711752	0.6876494	-0.7251562	0.6403727	-0.6662883	0.64636177	0.72214663	0.75317657
0.4903534	-0.4958784	0.55683315	0.49907944	-0.5214335	-0.4933063	-0.5504674	0.44874498	0.5320171	0.47888386	-0.5493642	0.5224223	-0.49399278	0.5127142	0.4871783	0.55517095
-0.6555284	0.71409494	-0.66079867	-0.7138102	0.66462505	0.66732085	0.71223116	-0.67226976	-0.724923	-0.65411794	0.69994074	-0.64435416	0.6935811	-0.71805227	-0.69486386	-0.68575597
-0.4546098	0.47799835	-0.50227	-0.5087184	0.57760674	0.45947146	0.5141921	-0.48605374	-0.5884234	-0.46303606	0.54884166	-0.4983441	0.46396643	-0.5127009	-0.49502146	-0.56740636
0.15988584	-0.15471691	0.15190731	0.092633255	-0.16539688	-0.17379019	-0.087411046	0.14314784	0.14005372	0.091773994	-0.12746699	0.12920259	-0.087458774	0.12221229	0.17256403	0.13742813
-0.20750251	0.32462576	-0.38921815	-0.3501328	0.41865182	0.27803093	0.27062637	-0.34654573	-0.4325917	-0.2859944	0.33743355	-0.40325725	0.3880314	-0.36465636	-0.30059713	-0.4137814
0.44961387	-0.47590098	0.48854715	0.47197688	-0.50217795	-0.4714229	-0.52974635	0.5123235	0.49158496	0.5316811	-0.4870796	0.47936872	-0.48269412	0.459048	0.4440035	0.46061304
-0.5588423	0.5938653	-0.67303425	-0.6348858	0.591739	0.5677679	0.5404302	-0.6037017	-0.64329535	-0.5844284	0.572342	-0.63424265	0.5335444	-0.61086655	-0.5815712	-0.6075386
-0.42230368	0.53289026	-0.564958	-0.5100625	0.51057297	0.53388906	0.5342375	-0.46586248	-0.6083045	-0.49627247	0.5316136	-0.5529711	0.5220763	-0.48831594	-0.49692294	-0.5931282
-0.109816395	0.23970164	-0.2717837	-0.2976323	0.25371754	0.133112	0.16179152	-0.24056688	-0.39266074	-0.24258603	0.24123038	-0.2902552	0.22352105	-0.27007768	-0.17924556	-0.30849642
-0.388263	0.39584783	-0.37405956	-0.3837948	0.38021722	0.3840739	0.3674619	-0.35074648	-0.35653552	-0.37837902	0.340184	-0.3891628	0.3611584	-0.41590932	-0.40227565	-0.4433994
0.64010966	-0.68173385	0.6076263	0.61401093	-0.66893613	-0.6460764	-0.6466548	0.64138025	0.622338	0.6713286	-0.6472486	0.6338168	-0.66998196	0.6208255	0.6577351	0.70412207
-0.35444504	0.3231524	-0.2887589	-0.30587885	0.37093252	0.36238483	0.35210985	-0.33994332	-0.37772223	-0.28368	0.37621316	-0.28422394	0.28325057	-0.27813908	-0.28641123	-0.3673872
0.6915007	-0.66892034	0.7339358	0.6656634	-0.67714745	-0.7107345	-0.6635359	0.62057835	0.6439878	0.71704143	-0.714464	0.6840518	-0.66997296	0.666331	0.6944522	0.6828929
0.71028095	-0.7016285	0.7033164	0.65679073	-0.7446821	-0.64950114	-0.67955804	0.6357155	0.7110075	0.74334663	-0.6498516	0.6690841	-0.6776179	0.7207657	0.65419006	0.7362144
0.5877522	-0.66475147	0.60591674	0.6153806	-0.6406779	-0.6498861	-0.65900683	0.6783457	0.67564267	0.66728437	-0.67653894	0.6530463	-0.6838517	0.6613448	0.69861996	0.69872123
-0.36060196	0.34741235	-0.36035252	-0.33881548	0.31010622	0.3093341	0.38115993	-0.34356144	-0.38304025	-0.34920833	0.30034575	-0.32898653	0.34971413	-0.38344646	-0.36601144	-0.34456486
0.58884364	-0.66822076	0.68130517	0.6593451	-0.65892035	-0.6789078	-0.67656505	0.59799325	0.681086	0.59946746	-0.67324686	0.6747373	-0.5829562	0.64507437	0.59485966	0.64625937
0.40745613	-0.42462328	0.4881037	0.38481	-0.4689469	-0.38897887	-0.45101088	0.36053556	0.4859548	0.41449162	-0.4713651	0.40334255	-0.39149255	0.37833142	0.388069	0.4442917
0.73388696	-0.71397007	0.7141145	0.6974414	-0.7089357	-0.7194799	-0.7229793	0.69406277	0.74523795	0.7088908	-0.6778405	0.7221882	-0.7667844	0.7258984	0.75208825	0.7036116
-0.6764795	0.6835828	-0.73535305	-0.73054194	0.67151815	0.697823	0.7125201	-0.66969264	-0.7666988	-0.73743033	0.70585304	-0.67273414	0.66732866	-0.72732157	-0.7010862	-0.73926264
-0.20898701	0.3289714	-0.375476	-0.36526224	0.3719885	0.30701897	0.33502823	-0.39867595	-0.4223782	-0.31625924	0.40410182	-0.3887659	0.36305967	-0.3347083	-0.34530115	-0.3994155
0.39711303	-0.45400605	0.4423473	0.44379902	-0.44876358	-0.42149124	-0.41944006	0.4616708	0.3858322	0.41859803	-0.37891692	0.4211101	-0.45308712	0.38879633	0.4607353	0.4013744
-0.5270677	0.5052684	-0.51805085	-0.57008076	0.49541938	0.5265398	0.5404056	-0.52668357	-0.5823524	-0.49736336	0.5405949	-0.48661074	0.53535837	-0.4912124	-0.5532452	-0.50704145
-0.6216674	0.62889177	-0.6184018	-0.5773078	0.5630806	0.5826901	0.591066	-0.61817867	-0.6090209	-0.5603164	0.6131583	-0.65082306	0.57114756	-0.64798284	-0.6149355	-0.5753641
0.5424761	-0.5204862	0.5595086	0.5438214	-0.5962107	-0.5388105	-0.57448375	0.57514733	0.61075205	0.52564913	-0.5281533	0.51735884	-0.5574449	0.5549485	0.5949245	0.5452418
-0.29823425	0.5000699	-0.49472052	-0.46453744	0.51998967	0.38713375	0.4098474	-0.4568507	-0.5890153	-0.5093665	0.5355225	-0.47611403	0.51832074	-0.5136052	-0.44295746	-0.5769193
-0.43415877	0.53840977	-0.51228523	-0.5186392	0.56949073	0.44503295	0.47452438	-0.56047106	-0.6241955	-0.55584824	0.49433827	-0.5160772	0.54099834	-0.48673147	-0.48174095	-0.54198235
-0.48544824	0.49599847	-0.5595495	-0.5769907	0.55633754	0.48493463	0.51328766	-0.5349157	-0.526302	-0.5531344	0.5087298	-0.5575923	0.49132124	-0.5497635	-0.54764485	-0.5300359
-0.63518	0.64672714	-0.6318192	-0.6058003	0.64232606	0.612512	0.56470305	-0.6488428	-0.631112	-0.6504377	0.5910631	-0.62615186	0.5864725	-0.6636624	-0.6046908	-0.61936045
0.21345656	-0.2528088	0.19630581	0.20910123	-0.2691756	-0.19446126	-0.27250996	0.2554096	0.24678789	0.20512556	-0.23992257	0.19751398	-0.2482692	0.28084773	0.20100336	0.24607347
0.3436735	-0.36277202	0.43750572	0.3586884	-0.41434613	-0.35527718	-0.34808135	0.3654844	0.39301702	0.40438202	-0.35071978	0.3626537	-0.34777123	0.34922785	0.42243144	0.39568353
-0.2606859	0.46682146	-0.38586798	-0.47425148	0.45449737	0.3627847	0.4295354	-0.4008918	-0.46475464	-0.38584444	0.4785498	-0.4762442	0.44692475	-0.45865133	-0.3942186	-0.45591804
0.09120985	0.2214132	-0.21042262	-0.29035503	0.3736813	0.11599189	0.15268604	-0.2929427	-0.4924627	-0.24462856	0.28089848	-0.2809852	0.23591731	-0.18012844	-0.2083668	-0.4127549
0.5076587	-0.6168437	0.5965333	0.57988334	-0.6331721	-0.5743643	-0.548407	0.56364197	0.6172456	0.5724914	-0.57653034	0.5839406	-0.54211754	0.5592882	0.53033453	0.59559757
0.17782383	-0.23858663	0.25545254	0.25699946	-0.31785285	-0.20466472	-0.24692187	0.20539398	0.39943826	0.31933898	-0.3156012	0.32825366	-0.23335737	0.2542422	0.22821885	0.37856114
0.24070014	-0.3863217	0.36794007	0.3393159	-0.44930527	-0.3493105	-0.39638454	0.40283495	0.502379	0.42782497	-0.40456957	0.41534036	-0.32651156	0.4111874	0.4115282	0.44965425
-0.34291503	0.23741065	-0.30729014	-0.31744915	0.31599492	0.33613876	0.25934827	-0.278596	-0.32235402	-0.2394892	0.29008314	-0.24049763	0.2781887	-0.3383403	-0.24239442	-0.32462323
0.045310438	-0.033941172	0.02418344	0.01996481	-0.0374376	-0.022367407	-0.078781925	0.0456917	0.095156945	0.080055885	-0.022473965	0.09579098	-0.06953708	0.058885038	0.08483203	0.062694386
-0.097023316	0.15204324	-0.10257388	-0.108232476	0.113358855	0.12258943	0.16669703	-0.15110631	-0.18042189	-0.15996532	0.14172955	-0.16468999	0.14467861	-0.12584129	-0.14419697	-0.17116019
0.20118853	-0.20678379	0.23946424	0.24667516	-0.21762091	-0.2498333	-0.26211274	0.27869213	0.25300843	0.29535154	-0.2934996	0.3078838	-0.2165284	0.21594499	0.24915779	0.30262342
0.24415232	-0.32057914	0.28129217	0.32169497	-0.31180266	-0.26990348	-0.29845306	0.2365807	0.39396963	0.28762302	-0.26881814	0.30290195	-0.24065116	0.2958538	0.28212255	0.36459014
-0.2860447	0.33205223	-0.36461455	-0.36123878	0.30379966	0.36158177	0.3251893	-0.3610026	-0.34694102	-0.35238808	0.35561216	-0.31100157	0.3542222	-0.29376394	-0.3704323	-0.32669514
-0.39295354	0.34548473	-0.40884987	-0.4039768	0.4156496	0.38130173	0.40150455	-0.37579367	-0.38338357	-0.36287525	0.37695318	-0.39034688	0.3154403	-0.35242072	-0.37216	-0.32844988
-0.57211536	0.5455046	-0.6150021	-0.5677373	0.63420796	0.54779905	0.5455469	-0.5937688	-0.6140073	-0.54744744	0.5844559	-0.6231012	0.5488242	-0.6322823	-0.5366188	-0.58151186
0.53322715	-0.56621426	0.54264677	0.54437184	-0.5467348	-0.5556651	-0.56071645	0.5431971	0.5728647	0.55286586	-0.5080264	0.5638534	-0.4977499	0.60003656	0.52760035	0.57045585
0.5867002	-0.624394	0.6099428	0.5995618	-0.575991	-0.6406452	-0.60791385	0.543826	0.58119875	0.6004702	-0.602449	0.5667346	-0.57272166	0.6377414	0.5919866	0.6546329
0.13232866	-0.09439581	0.12793618	0.09188674	-0.10635859	-0.15377666	-0.08291361	0.119553946	0.12894899	0.12582417	-0.14199376	0.08064687	-0.07216515	0.058550525	0.069415756	0.059292056
-0.39607054	0.36677518	-0.3259197	-0.38319403	0.3445251	0.34368595	0.33432183	-0.3971487	-0.34973222	-0.4114718	0.36141932	-0.41523466	0.3440247	-0.41022566	-0.32821456	-0.42446795
-0.87891054	0.8486325	-0.84512436	-0.8559528	0.8620491	0.85489774	0.8234164	-0.84090877	-0.8631648	-0.87929755	0.81510395	-0.8842482	0.83531	-0.8810513	-0.8283949	-0.89304686
-0.5624891	0.51531774	-0.55686975	-0.5193919	0.506734	0.5194495	0.50402373	-0.5582822	-0.5616917	-0.49951115	0.47823995	-0.48888072	0.5049234	-0.54593074	-0.54319435	-0.51086503
0.17789821	-0.10321788	0.18389428	0.12350075	-0.1533761	-0.1934547	-0.16811532	0.20067126	0.16012543	0.18142286	-0.17860465	0.1139406	-0.18749838	0.17812969	0.15783045	0.14785762
0.60296607	-0.5916438	0.62139666	0.5559417	-0.5867423	-0.56138134	-0.53599817	0.5793306	0.6293885	0.5969621	-0.5679232	0.5842651	-0.53939176	0.55326784	0.5534433	0.56774867
-0.49007845	0.6195101	-0.5275948	-0.53926307	0.54256755	0.54068714	0.5664863	-0.5607753	-0.6000546	-0.5337072	0.5844183	-0.59891546	0.5471227	-0.5672216	-0.581349	-0.59871244
0.5309565	-0.64651275	0.58226323	0.61311275	-0.593289	-0.55452025	-0.59883565	0.5941751	0.63378745	0.5994244	-0.6152989	0.6083891	-0.6315377	0.6345908	0.579579	0.59598225
0.5291495	-0.5498349	0.56563985	0.5462163	-0.55461496	-0.5995026	-0.5366141	0.50689375	0.62489897	0.55419356	-0.5986503	0.62113315	-0.5305461	0.5596743	0.5577103	0.60497266
0.38678506	-0.47004747	0.40508682	0.47385526	-0.44772318	-0.46998134	-0.46468908	0.46294913	0.47086757	0.4158443	-0.46346778	0.49717012	-0.46943006	0.4293038	0.41356674	0.4421317
0.23023482	-0.4120905	0.28408444	0.36740646	-0.4449106	-0.39335942	-0.33242503	0.35921448	0.43426153	0.385218	-0.41408625	0.4376562	-0.34318686	0.32553133	0.31514174	0.43647006
-0.3960536	0.34466708	-0.43623686	-0.36573964	0.4108657	0.4021862	0.40554246	-0.43630293	-0.40382984	-0.34125575	0.37018687	-0.38037097	0.42345223	-0.37033477	-0.3620547	-0.40443224
0.26249924	-0.32819778	0.24365461	0.28551757	-0.3133972	-0.27103844	-0.33720863	0.23010553	0.3810089	0.28519565	-0.2998109	0.34608302	-0.31630754	0.29797274	0.27923334	0.3340049
-0.44531083	0.53776103	-0.5176479	-0.53363913	0.58262473	0.5043204	0.50265926	-0.5562503	-0.57977855	-0.56396323	0.5051204	-0.50702554	0.5040056	-0.526826	-0.5043812	-0.51131684
-0.25418657	0.39939892	-0.42852306	-0.3684444	0.39665037	0.3445974	0.29744542	-0.35728726	-0.39192015	-0.34170452	0.3487155	-0.36031133	0.35050496	-0.39488125	-0.33037424	-0.4251309
-0.093787394	0.042055547	-0.07857564	-0.0605472	0.04270568	0.06267356	0.07199824	-0.02448179	-0.08893076	-0.08955456	0.02403051	-0.09960699	0.05622372	-0.09542462	-0.028095404	-0.040702052
0.6952349	-0.70352924	0.7382459	0.73247236	-0.7368036	-0.741944	-0.6698938	0.6899842	0.7180048	0.6790503	-0.6861288	0.7630786	-0.67445606	0.70519996	0.6779855	0.72137994
0.36350828	-0.30293104	0.3475065	0.33583203	-0.31500393	-0.35571998	-0.27570623	0.29651642	0.27014056	0.29703814	-0.30950424	0.27364448	-0.2758727	0.32064596	0.33493245	0.32525736
-0.5621357	0.6143414	-0.5816764	-0.56164545	0.57663864	0.61730796	0.5673181	-0.6073498	-0.64986837	-0.62263626	0.6046225	-0.5798478	0.6178452	-0.5976929	-0.5901996	-0.5912774
0.6224048	-0.57627285	0.5742386	0.61667573	-0.54867923	-0.6126694	-0.54305303	0.57767016	0.58171916	0.5378961	-0.5307983	0.5922313	-0.5379321	0.61227626	0.6043661	0.56459695
0.40955463	-0.4195463	0.47278914	0.39691028	-0.4644101	-0.40485623	-0.4259904	0.4902504	0.41580278	0.39168704	-0.44456246	0.4288259	-0.45349786	0.39404717	0.48467347	0.41099846
-0.5209322	0.5083795	-0.6259521	-0.54894155	0.5808215	0.48518097	0.48684505	-0.55551577	-0.5363737	-0.5464297	0.54861724	-0.54133934	0.57673585	-0.56362414	-0.47976014	-0.5602239
-0.51544386	0.48875722	-0.6246137	-0.5273426	0.5735007	0.5212664	0.47385588	-0.5196017	-0.61017686	-0.5235008	0.50833046	-0.5078755	0.51224005	-0.518281	-0.5409992	-0.53347355
0.34013072	-0.4187653	0.39971966	0.39691573	-0.39838654	-0.37013212	-0.42412204	0.33173573	0.41446292	0.42934838	-0.3830104	0.4150268	-0.40432152	0.35954183	0.42189625	0.45080206
0.295894	-0.37722254	0.3638851	0.3720706	-0.3810554	-0.36138487	-0.41502073	0.32780492	0.42908117	0.42907026	-0.4559647	0.36142015	-0.4147849	0.45181996	0.3856034	0.45336178
0.43628955	-0.474727	0.39310843	0.48372373	-0.42829782	-0.46989596	-0.40480334	0.4525772	0.48901898	0.50127244	-0.4119598	0.44603655	-0.42573315	0.48866925	0.44042447	0.49398667
0.629524	-0.67467624	0.666336	0.6334868	-0.63584685	-0.6539146	-0.6540716	0.62984496	0.63558376	0.6781445	-0.683288	0.6510305	-0.59023505	0.6920064	0.6742219	0.65047896
-0.7234942	0.71578795	-0.6671622	-0.64840245	0.6467124	0.7199886	0.6859491	-0.6412859	-0.70967484	-0.66197884	0.6826689	-0.7374333	0.6678842	-0.6987685	-0.6874059	-0.66346824
-0.49120134	0.49023384	-0.49159586	-0.47155315	0.5394328	0.5034882	0.5454429	-0.49089628	-0.5630857	-0.5530617	0.5096005	-0.5716826	0.49315384	-0.52149457	-0.48453462	-0.5858016
0.6605482	-0.60997295	0.6171489	0.68162316	-0.6588579	-0.6560525	-0.6293305	0.63222045	0.70958096	0.64400464	-0.6089806	0.65887773	-0.63254964	0.6090623	0.6281634	0.66779757
-0.6533666	0.5893424	-0.588945	-0.5938293	0.61570334	0.56316084	0.56294435	-0.61861527	-0.6715803	-0.66019887	0.5976812	-0.57184607	0.6187804	-0.60171914	-0.6299971	-0.5942235
-0.24309711	0.37432307	-0.44684833	-0.40013528	0.47306475	0.33512253	0.36624575	-0.49773982	-0.51681566	-0.39531633	0.48890385	-0.45143905	0.4060128	-0.39166158	-0.37914056	-0.4688974
0.6672441	-0.6358496	0.67399186	0.6229904	-0.66732615	-0.62590086	-0.6526846	0.64705443	0.7066144	0.6606184	-0.6341643	0.60434574	-0.6000016	0.68134975	0.6342695	0.6658452
-0.76516825	0.7281023	-0.7357822	-0.7069368	0.75531596	0.7685208	0.6770494	-0.6958012	-0.79623216	-0.6982391	0.75531435	-0.7375361	0.7649186	-0.73185664	-0.70136493	-0.72553015
-0.32357025	0.34790772	-0.40962252	-0.3948729	0.35705584	0.3225158	0.35760364	-0.3569936	-0.33285356	-0.3628733	0.32949784	-0.3624277	0.3320591	-0.34240946	-0.4170543	-0.35937664
0.037879266	0.44317523	-0.3474651	-0.4631949	0.52461046	0.2685836	0.32282057	-0.5552727	-0.58929604	-0.39813098	0.538122	-0.59438187	0.5078543	-0.38252482	-0.4550108	-0.58335984
0.21896896	-0.33520633	0.2856495	0.2737211	-0.325419	-0.26258597	-0.28711385	0.27549747	0.43125272	0.31195167	-0.3233904	0.38796604	-0.34154224	0.35151196	0.31177738	0.33987504
0.29909444	-0.4603805	0.4098579	0.44117606	-0.5106173	-0.35000828	-0.42329276	0.41038448	0.54090345	0.476017	-0.4229512	0.46007228	-0.4410682	0.42048725	0.39891726	0.4841325
0.5695427	-0.53489286	0.53697246	0.6094913	-0.54812515	-0.55897075	-0.54879695	0.5364162	0.5814509	0.59053504	-0.5525752	0.6062426	-0.5282599	0.58280057	0.5851361	0.6441886
-0.40339175	0.47432807	-0.46011686	-0.50470877	0.469004	0.41339782	0.4170604	-0.5000342	-0.49945635	-0.5051768	0.4399137	-0.46488747	0.496951	-0.50456864	-0.4447632	-0.5181963
0.16500005	-0.028710395	0.023865271	-0.0070644678	0.028214026	-0.13023852	-0.114902735	-0.06628706	0.03319681	0.08287861	-0.029834105	-0.023439553	0.07505018	0.073850036	0.07302895	0.000116045485
0.4978435	-0.4487961	0.5163294	0.45214316	-0.5453344	-0.46707737	-0.49740237	0.5110918	0.45991728	0.48946354	-0.44871393	0.4690307	-0.4449953	0.52881545	0.46250132	0.548691
0.535896	-0.5612344	0.48155606	0.54933035	-0.5668911	-0.56903434	-0.54658055	0.5003186	0.5403545	0.5224495	-0.5446795	0.5498133	-0.54889107	0.5336501	0.5411411	0.50599754
0.6088673	-0.62028897	0.63212174	0.6096137	-0.6704621	-0.67977685	-0.68278843	0.67391485	0.66245437	0.60393786	-0.65697527	0.6271045	-0.6308014	0.6503148	0.6238245	0.65029085
0.4633587	-0.50847524	0.54434204	0.5051134	-0.5001776	-0.52784145	-0.49831364	0.50773746	0.55142444	0.5282394	-0.50969744	0.5097044	-0.5062636	0.5243445	0.48784757	0.5737518
-0.29443973	0.3352473	-0.4209638	-0.359942	0.38220835	0.36067387	0.34691685	-0.3959948	-0.41424853	-0.3663127	0.38818115	-0.32288986	0.30168894	-0.36430246	-0.38773677	-0.32883385
0.37020174	-0.4344812	0.40440938	0.46139607	-0.49761584	-0.43649137	-0.39028436	0.36417553	0.51694465	0.43044257	-0.4030786	0.41711375	-0.43674633	0.40628254	0.4728983	0.5041688
-0.46102497	0.48672694	-0.5324223	-0.4673684	0.44692454	0.5075481	0.51729447	-0.45378935	-0.5216417	-0.4382169	0.4779727	-0.53478104	0.45003495	-0.4567232	-0.44132382	-0.47071308
0.26709527	-0.27194193	0.33892837	0.3109868	-0.34528095	-0.32586074	-0.29015163	0.2875381	0.3373531	0.27084786	-0.3074761	0.31212324	-0.3238293	0.32375807	0.33199355	0.3224628
0.26008067	-0.32313544	0.27700177	0.2693795	-0.3129603	-0.31710225	-0.24568693	0.30181473	0.3953541	0.30109036	-0.3014522	0.30018523	-0.29569563	0.260799	0.27505553	0.34989196
-0.102654755	0.13073693	-0.092390716	-0.04780587	0.09051568	0.06477145	0.069276825	-0.07731249	-0.10434593	-0.059590373	0.10598322	-0.11815066	0.05230932	-0.12483794	-0.070892185	-0.13557857
0.33724254	-0.45954508	0.44500446	0.49556103	-0.46099865	-0.40670675	-0.44239292	0.41996735	0.54919666	0.46371153	-0.53593475	0.5218391	-0.40650442	0.46910366	0.4080434	0.5320356
-0.59465355	0.6439658	-0.5852489	-0.5957655	0.6054251	0.6103118	0.6463214	-0.5983539	-0.60937595	-0.64788324	0.58345497	-0.66327894	0.57634234	-0.5654628	-0.63455623	-0.66315544
0.55477905	-0.58922535	0.6055287	0.5882056	-0.641039	-0.568001	-0.62499624	0.53295046	0.6310154	0.6015028	-0.59860486	0.5823206	-0.5659775	0.6451309	0.5962546	0.5898758
-0.54809403	0.6492895	-0.6840358	-0.6712109	0.7154303	0.5782228	0.6144155	-0.6296725	-0.7358664	-0.6793621	0.6791213	-0.6440011	0.634506	-0.68222684	-0.6745968	-0.70877296
0.27231514	-0.24617507	0.2480518	0.23753741	-0.24914855	-0.280199	-0.272857	0.25905842	0.3402581	0.30156222	-0.2697995	0.31583452	-0.25650954	0.32435676	0.28113493	0.25717098
0.417789	-0.3995536	0.39892712	0.43762866	-0.4283973	-0.3940124	-0.44500947	0.40898186	0.39275214	0.4122886	-0.40790248	0.38518468	-0.4131331	0.40262136	0.43916056	0.43140697
0.076788835	-0.058329236	0.069907874	0.10533847	-0.12510423	-0.053640507	-0.073192246	0.13118142	0.13459009	0.07154279	-0.1359286	0.06881566	-0.13216566	0.13349268	0.044889692	0.10968053
0.46752453	-0.50465465	0.46882606	0.54731953	-0.5159892	-0.54619116	-0.5109245	0.49172428	0.49309853	0.53731865	-0.4717441	0.531985	-0.49675933	0.5497379	0.45311442	0.47473952
0.45302373	-0.5358169	0.47205648	0.4969127	-0.48733515	-0.4657307	-0.45225447	0.50845367	0.50237954	0.54183686	-0.5321657	0.5490242	-0.49892983	0.51711476	0.5147199	0.50052464
-0.5044217	0.4599203	-0.5094646	-0.52763486	0.45670003	0.48097357	0.45437628	-0.5180615	-0.54450697	-0.4625956	0.47310436	-0.45375034	0.5050159	-0.5220561	-0.5027222	-0.4812064
-0.27810663	0.43093255	-0.415035	-0.4807577	0.49523532	0.44041517	0.38913152	-0.51699185	-0.5106151	-0.40458292	0.44195896	-0.4424869	0.47615796	-0.46991262	-0.4167892	-0.46225506
-0.22314258	0.44972327	-0.45818657	-0.44695368	0.46510163	0.4248762	0.43600076	-0.41465414	-0.56643975	-0.47392222	0.5103545	-0.4660153	0.4790509	-0.46690774	-0.38504907	-0.46025947
-0.24091361	0.37557095	-0.34639123	-0.33980313	0.39257264	0.36377433	0.39224786	-0.3645774	-0.4565282	-0.33631572	0.35413742	-0.38731098	0.41093642	-0.36088318	-0.35239604	-0.42889664
0.3739923	-0.38921905	0.45655817	0.41838706	-0.44767967	-0.38176373	-0.41929355	0.41656998	0.41549966	0.44480193	-0.35947287	0.44766602	-0.42023227	0.36309513	0.37238714	0.4561205
-0.5472739	0.5431491	-0.5662415	-0.5778147	0.55813366	0.5832719	0.61555845	-0.6090835	-0.6180122	-0.6065888	0.5342185	-0.6060556	0.53616625	-0.56787723	-0.59449244	-0.6442402
-0.75647783	0.7401821	-0.75795645	-0.773492	0.7238356	0.7429416	0.74017507	-0.7875074	-0.8272308	-0.7345583	0.7279674	-0.7775515	0.760647	-0.7139679	-0.7489676	-0.7640848
-0.46461666	0.5442105	-0.52736056	-0.5765321	0.61434054	0.48881245	0.5693402	-0.5291279	-0.5847688	-0.51029813	0.5807972	-0.61740386	0.5902757	-0.51017004	-0.5526872	-0.62073034
0.5840608	-0.575718	0.57593995	0.5966314	-0.6202954	-0.5563826	-0.5348082	0.5141966	0.57212335	0.5491822	-0.54101264	0.58333117	-0.52486324	0.56522375	0.6022995	0.6115017
0.20269208	-0.26479933	0.2230419	0.20850308	-0.24882479	-0.28205344	-0.2966746	0.23443027	0.32892343	0.25327736	-0.29504177	0.22099034	-0.2173273	0.2939652	0.24825016	0.32810444
0.2700849	-0.3682214	0.42768234	0.37141246	-0.4571507	-0.40513843	-0.4094875	0.33751822	0.48524126	0.4252863	-0.38543537	0.40694267	-0.39610305	0.41672328	0.3751791	0.500103
0.080000356	0.027738927	-0.065788716	-0.07858663	0.007570136	0.028097684	-0.021114444	-0.095418245	-0.04181785	-0.0003269829	0.051365215	-0.102895685	0.07203459	0.018179195	0.00028087565	-0.038373005
0.22296932	-0.26758283	0.2567468	0.17903638	-0.30736968	-0.19988553	-0.24477974	0.21832864	0.30300337	0.2908097	-0.30483562	0.23600708	-0.18812801	0.22731374	0.17998113	0.32308328
-0.6091894	0.6220449	-0.64024264	-0.60470736	0.60289484	0.5859012	0.6614988	-0.6292507	-0.6684256	-0.65383786	0.63419116	-0.63268095	0.6100592	-0.6636327	-0.6364678	-0.59776956
0.5984918	-0.61023307	0.6391014	0.5940992	-0.65070814	-0.6213033	-0.67443246	0.6197859	0.61460197	0.63723326	-0.65126276	0.681202	-0.6585547	0.60897917	0.658146	0.60284436
-0.5518257	0.64832956	-0.6448727	-0.5704297	0.65593094	0.58800125	0.58538145	-0.61189693	-0.66771734	-0.65146977	0.60785115	-0.5897483	0.6268023	-0.6345399	-0.57619935	-0.61596817
-0.6289145	0.6404275	-0.640323	-0.6575871	0.628479	0.6022636	0.6271309	-0.6095651	-0.64785016	-0.64188755	0.66449314	-0.68060476	0.6283721	-0.59723574	-0.6673924	-0.62892336
-0.5685203	0.56208265	-0.61427194	-0.6297194	0.57793933	0.5453272	0.56695926	-0.6136447	-0.63728344	-0.5715585	0.6097872	-0.5852406	0.598434	-0.6344321	-0.6122521	-0.6394634
0.6261376	-0.70848	0.72255814	0.65966123	-0.6619933	-0.643888	-0.6556924	0.6675951	0.7199347	0.6421598	-0.66276413	0.69345295	-0.61843646	0.68652827	0.6704124	0.70115775
-0.34362286	0.4831076	-0.47428614	-0.49717322	0.5067065	0.50000316	0.43884075	-0.50146	-0.47479376	-0.43265784	0.44767118	-0.50859356	0.45549586	-0.43130288	-0.46553165	-0.49662665
-0.58776367	0.60124105	-0.62769663	-0.5834712	0.6699359	0.5797165	0.6686907	-0.61982673	-0.6693174	-0.62177175	0.6081951	-0.6633319	0.6342076	-0.60766256	-0.6087889	-0.6478819
0.3630557	-0.31130388	0.37148887	0.3478388	-0.40542176	-0.31590983	-0.4028845	0.32492533	0.38042843	0.34177294	-0.35968807	0.32368764	-0.34698492	0.36598486	0.3652326	0.417368
-0.3425743	0.49441984	-0.53976536	-0.52880806	0.48848364	0.4085279	0.45981315	-0.5006364	-0.57355493	-0.48683268	0.53124815	-0.5070988	0.52902347	-0.5278688	-0.4470132	-0.50642776
0.31099415	-0.27306876	0.27925774	0.22723742	-0.3018831	-0.2757775	-0.28603792	0.23918325	0.23254439	0.293918	-0.24435093	0.29416943	-0.2512043	0.25733575	0.2487268	0.2339293
-0.17455117	0.2216247	-0.22410928	-0.2518362	0.16497166	0.22971928	0.19701672	-0.17998318	-0.2645068	-0.1747805	0.2604016	-0.1630805	0.24138948	-0.16114554	-0.22451077	-0.23469529
-0.80632204	0.8124366	-0.87300724	-0.8586243	0.8928032	0.8272273	0.8721873	-0.8577752	-0.8591951	-0.8936988	0.8339058	-0.89611566	0.878166	-0.8610755	-0.87912536	-0.8951315
-0.060145974	0.06858672	-0.117685735	-0.13282782	0.10201652	0.053314377	0.08270224	-0.08970733	-0.117219254	-0.07261147	0.08748134	-0.04363191	0.10576824	-0.1328563	-0.04517773	-0.06743933
-0.47055435	0.46907583	-0.5496972	-0.49577764	0.46859807	0.5530093	0.47468174	-0.4630164	-0.55786383	-0.5342598	0.53005767	-0.5045576	0.49359164	-0.52768326	-0.4608869	-0.49431375
-0.44330338	0.4417846	-0.41540948	-0.42691603	0.5086225	0.43197736	0.4534948	-0.4750447	-0.44691083	-0.49398306	0.45893994	-0.5106803	0.45938337	-0.4359782	-0.45905516	-0.4910391
-0.65831697	0.6655617	-0.674165	-0.6840393	0.7408532	0.7245261	0.7006962	-0.7318015	-0.732241	-0.71979785	0.7042345	-0.6840639	0.65517175	-0.74651456	-0.7105802	-0.6886311
0.5441946	-0.5343686	0.5776627	0.5352997	-0.53295386	-0.5828167	-0.5524586	0.58761734	0.55299115	0.54805225	-0.60994583	0.56348354	-0.559119	0.5688584	0.60262233	0.5574465
0.64358246	-0.69718003	0.74582034	0.7465548	-0.7444407	-0.7193418	-0.7221943	0.67401993	0.7216657	0.6996439	-0.7509996	0.74038935	-0.71796316	0.67284477	0.6759499	0.7162829
-0.10864823	0.3609388	-0.30571613	-0.3876127	0.45445105	0.19740798	0.23720838	-0.4128493	-0.53446454	-0.3495625	0.39210156	-0.46375123	0.3769007	-0.3846075	-0.28988665	-0.4668164
0.6681404	-0.6502891	0.67480683	0.6599265	-0.72200006	-0.63533396	-0.67549205	0.61290854	0.6849519	0.70200723	-0.64684004	0.67192584	-0.656605	0.64449877	0.6462587	0.72880787
0.75267607	-0.75240093	0.7859259	0.7656256	-0.7417585	-0.7275688	-0.6934934	0.74335885	0.7264334	0.7799284	-0.6917612	0.7428506	-0.69679767	0.7504666	0.73104876	0.7624587
-0.17690508	0.17752305	-0.22073247	-0.20113687	0.16925083	0.20185998	0.22479977	-0.23404902	-0.2284077	-0.20969258	0.25079313	-0.17178515	0.17664896	-0.23678768	-0.19896397	-0.17912059
0.27116752	-0.39166453	0.40377924	0.4403192	-0.44119388	-0.38345712	-0.37332338	0.44013715	0.5217788	0.45503154	-0.47566545	0.46996108	-0.38156673	0.3992197	0.4288666	0.49003813
-0.56952	0.6731867	-0.643763	-0.6155886	0.6334459	0.5999857	0.6161018	-0.5954367	-0.6692108	-0.6266963	0.67926735	-0.6705125	0.59625643	-0.60544235	-0.6783144	-0.6584855
0.4503004	-0.39552507	0.43920484	0.45614251	-0.45762515	-0.39041576	-0.42233095	0.45100412	0.39254367	0.40253308	-0.45627445	0.41199902	-0.3860575	0.43121842	0.4295372	0.45942184
0.66355634	-0.5885452	0.6650295	0.6339356	-0.6833735	-0.6796578	-0.63506347	0.59559166	0.7019028	0.6546404	-0.6756122	0.6165822	-0.58805525	0.59544766	0.64781034	0.7104631
0.044483554	0.21051036	-0.21226352	-0.24455886	0.23456275	0.14307065	0.101503976	-0.2742276	-0.30507988	-0.21703336	0.23034333	-0.23568244	0.21185192	-0.23478107	-0.21947713	-0.29070002
0.405227	-0.48338744	0.4343454	0.41322908	-0.49110568	-0.49655178	-0.45128635	0.471905	0.48299256	0.42771575	-0.45227805	0.4910052	-0.4912091	0.4510645	0.4099162	0.49119067
0.4558259	-0.4305381	0.5116353	0.48326662	-0.49664998	-0.42479053	-0.4252467	0.44954294	0.48516437	0.4335947	-0.46908337	0.4350188	-0.40585726	0.46667787	0.50381666	0.45350876
0.04723375	-0.07659654	0.027883356	0.07782001	-0.060605213	0.007853448	0.0052318857	0.07024277	0.037513904	-0.0026075325	-0.04896678	-0.011962206	0.010645939	0.03273793	0.0316117	0.058853496
-0.050071523	0.03661431	0.0050867572	-0.054403372	0.03486936	0.03919189	0.0647153	-0.017664818	-0.05578938	-0.015825285	0.02040343	0.014449214	-0.017612599	-0.030111039	-0.07154377	0.01028807
0.44884986	-0.49261248	0.48571375	0.49893564	-0.5073213	-0.45514834	-0.4455229	0.42379472	0.5263479	0.52064276	-0.52139807	0.5024631	-0.4906473	0.4387828	0.44961694	0.46738696
-0.12273247	0.12702532	-0.106751665	-0.1578025	0.07782265	0.061873097	0.14850962	-0.06662001	-0.1350492	-0.14171194	0.060792826	-0.14245665	0.09892955	-0.12710728	-0.10796716	-0.09292402
-0.69990355	0.75961035	-0.7253954	-0.73545015	0.7570647	0.733782	0.6621084	-0.75186557	-0.7868047	-0.7227487	0.7300104	-0.75766605	0.70366824	-0.6694593	-0.6808965	-0.70616716
-0.2641377	0.27758715	-0.2561778	-0.28949323	0.28055432	0.24314608	0.21245581	-0.2509678	-0.27109268	-0.27175283	0.23949741	-0.29024404	0.22049427	-0.24174432	-0.24824846	-0.24437484
0.22501868	-0.24834417	0.24217838	0.16476375	-0.1961528	-0.2166691	-0.23879874	0.19555782	0.18022084	0.22684093	-0.21604957	0.2449109	-0.16515471	0.2619355	0.24034587	0.17633635
-0.5923223	0.58859825	-0.6070416	-0.61118793	0.56359607	0.594541	0.55454576	-0.6300177	-0.62810206	-0.5857416	0.57010186	-0.5948358	0.6366435	-0.6162621	-0.6305168	-0.5920729
-0.13506289	0.35325262	-0.3708533	-0.437588	0.43352187	0.25524196	0.2870654	-0.39482385	-0.53771806	-0.3580941	0.4977916	-0.48787138	0.43408045	-0.4104477	-0.33721256	-0.5433792
-0.44435823	0.46031058	-0.46200278	-0.44348112	0.4817236	0.4184552	0.4703409	-0.41570634	-0.4521556	-0.3983901	0.443898	-0.42470077	0.4465279	-0.40331	-0.4708117	-0.48340288
0.6197218	-0.6705278	0.5958871	0.6500104	-0.6017664	-0.6271922	-0.59632593	0.6358736	0.70053893	0.6278136	-0.66752636	0.61594814	-0.6697399	0.621994	0.65219307	0.6694765
0.034864116	-0.055591352	0.058098268	-0.02289243	-0.012891921	0.03037318	0.03521913	0.05331714	-0.0046341387	-0.0077827466	-0.05126948	0.018639049	0.029641515	0.051857613	0.0479677	-0.019234179
0.35307252	-0.46225056	0.4563027	0.4251493	-0.47377688	-0.4907906	-0.48004732	0.39900598	0.50003606	0.4895289	-0.47797388	0.5093742	-0.44227242	0.40986964	0.4196851	0.53017217
0.588036	-0.6404931	0.57208735	0.5933606	-0.60534346	-0.6078962	-0.5990042	0.5986263	0.6649249	0.6031759	-0.6290518	0.59550244	-0.5406312	0.5756734	0.6364862	0.6531985
0.20899677	-0.09122538	0.059963476	0.05561711	-0.079731554	-0.09700387	-0.06109254	0.09255888	0.06452524	0.104220144	-0.003408124	0.037825238	0.011747209	0.0424182	0.042465467	0.09267189
0.5479849	-0.5628069	0.60253763	0.5569828	-0.52990174	-0.5262253	-0.50015736	0.54325294	0.64589435	0.59135205	-0.5391558	0.5172413	-0.5085178	0.5107874	0.5696877	0.62588125
0.35132706	-0.37219015	0.38193145	0.38441482	-0.38863775	-0.3218505	-0.30855888	0.354416	0.3837434	0.33486667	-0.32474935	0.42947486	-0.34823963	0.32072037	0.35961777	0.45132256
-0.28203103	0.3438418	-0.36661032	-0.3644629	0.3319525	0.3110645	0.29497787	-0.38887858	-0.39367184	-0.33813474	0.31743395	-0.4073102	0.31383196	-0.32092673	-0.3543247	-0.34694722
0.06046206	-0.027455676	0.023910327	0.0035582224	-0.035481233	-0.0672901	-0.048345882	0.0061262776	0.09244399	0.028429423	-0.03908344	0.09872773	-0.050009314	0.05006119	0.0971501	0.09017841
0.03633506	-0.006970589	0.10328207	0.07340878	-0.07349497	-0.009293601	-0.07070712	0.040620245	0.069866545	0.04256193	-0.071212396	0.0037343104	-0.0701721	0.01306084	0.022916244	0.017958589
0.03452927	-0.054284498	0.051069207	0.07039174	-0.005561022	0.014558168	-0.0060058148	0.01089645	0.019213999	-0.013866155	0.019071843	0.077923544	-0.04307794	0.033240378	0.021439083	0.008603876
-0.7769099	0.7686311	-0.73360455	-0.72767466	0.777451	0.7054437	0.7422238	-0.7455202	-0.8170216	-0.7459257	0.7775771	-0.69748884	0.6939287	-0.76110363	-0.76933706	-0.78360593
-0.435903	0.4746454	-0.51787925	-0.5126634	0.47872877	0.433986	0.44284764	-0.48110428	-0.48889062	-0.48148164	0.45850858	-0.4961215	0.4878239	-0.47915307	-0.5307172	-0.50405014
0.7652571	-0.7918649	0.76716584	0.71064156	-0.7848499	-0.7436099	-0.74074644	0.737536	0.7656068	0.7377791	-0.72813076	0.7912765	-0.7412239	0.7443524	0.756064	0.74001086
0.6607512	-0.71145004	0.6292914	0.701504	-0.7089022	-0.6828978	-0.70365095	0.63185585	0.706855	0.69973934	-0.69759834	0.679758	-0.7032016	0.6300193	0.6516494	0.67816436
-0.06518112	0.32702586	-0.31884745	-0.34079722	0.43244419	0.18512516	0.197097	-0.36863354	-0.47695306	-0.31573743	0.35722736	-0.37775776	0.36328536	-0.30061796	-0.2957661	-0.44291124
-0.17876399	0.3542052	-0.3753516	-0.42143086	0.43922183	0.33306906	0.35296297	-0.4101304	-0.4787535	-0.43554568	0.4478935	-0.44489297	0.4039197	-0.44397256	-0.44285017	-0.47070974
0.33238095	-0.26376396	0.26456493	0.20902394	-0.23229896	-0.28778747	-0.24876839	0.24316874	0.2895368	0.24659126	-0.24590611	0.30284265	-0.2173238	0.24085417	0.28707463	0.24730626
-0.34834084	0.33848846	-0.32164752	-0.37027448	0.3861476	0.33823788	0.3296758	-0.37994197	-0.35820222	-0.34011054	0.33496284	-0.34325278	0.3807689	-0.31766817	-0.35844728	-0.39460966
0.4296101	-0.49285844	0.42002073	0.49856225	-0.50836957	-0.50129616	-0.4491603	0.41620624	0.54523784	0.49786076	-0.50113595	0.42985174	-0.47052142	0.4876971	0.4669608	0.45588547
0.31158397	-0.305366	0.33024806	0.29615617	-0.2956012	-0.3066345	-0.30185473	0.33423355	0.32936755	0.29530782	-0.2824009	0.2949451	-0.33335248	0.2622389	0.32710353	0.26073673
-0.45784986	0.50110877	-0.5450749	-0.46472093	0.4745271	0.4536088	0.54202867	-0.53828657	-0.5370858	-0.49598998	0.4815751	-0.46151268	0.5094699	-0.51393163	-0.53908294	-0.5126358
-0.25747213	0.44681358	-0.3988379	-0.42256618	0.4496156	0.4279933	0.35585943	-0.4623803	-0.48550984	-0.48117158	0.4459796	-0.4365278	0.48888126	-0.478399	-0.47337022	-0.49854016
0.47501782	-0.48703057	0.50176895	0.47411034	-0.5346098	-0.5008642	-0.48484725	0.5117012	0.528359	0.55570376	-0.5553962	0.49549618	-0.51161116	0.49033663	0.47905248	0.5035571
0.094056115	-0.19611785	0.05749034	0.1196509	-0.19773823	-0.10961638	-0.14537427	0.16778484	0.23440939	0.15376934	-0.18077323	0.15755424	-0.13754702	0.16630541	0.12687442	0.22177553
-0.66230845	0.693427	-0.6887355	-0.6986603	0.7500846	0.74527687	0.71741265	-0.7274053	-0.70257556	-0.7513774	0.6736337	-0.7200292	0.6894849	-0.754092	-0.70026726	-0.7242139
-0.43929687	0.4807993	-0.52288604	-0.47376415	0.5045086	0.5179795	0.48130727	-0.49741736	-0.54174334	-0.45141914	0.4753578	-0.472185	0.4531427	-0.4687642	-0.47734365	-0.5244024
0.55531126	-0.5604679	0.5809571	0.59947675	-0.6064475	-0.52379674	-0.5572325	0.575492	0.5940231	0.58505267	-0.56475574	0.58664924	-0.531094	0.55662835	0.5391726	0.5819049
0.23297505	-0.23304403	0.23288469	0.2739092	-0.27316058	-0.31644392	-0.2545335	0.23373422	0.2977308	0.28910378	-0.3084099	0.25255316	-0.20049365	0.29499212	0.26090628	0.23578371
0.39106116	-0.3289432	0.40546364	0.32977983	-0.30097583	-0.32538733	-0.337648	0.33740693	0.3543996	0.33800393	-0.34471747	0.32911995	-0.28536743	0.36590034	0.30629817	0.3295401
0.31724384	-0.26859504	0.29487574	0.2892949	-0.27979332	-0.24800289	-0.23728941	0.29705188	0.20890765	0.25648558	-0.2197406	0.21752726	-0.26891854	0.28086936	0.26452148	0.2857004
0.07699396	-0.06895808	0.0959969	0.03296639	-0.057059158	-0.050660886	-0.003490757	0.07931352	0.06245004	0.10012187	-0.0055396524	0.0831082	-0.03708742	0.07774689	0.06046524	0.041929904
-0.7084636	0.7838877	-0.7862155	-0.7062183	0.7430323	0.77097285	0.7407276	-0.77763134	-0.72184825	-0.71413195	0.79200417	-0.778972	0.75417453	-0.69988775	-0.72685903	-0.7669921
-0.5711034	0.5382667	-0.6159337	-0.6052655	0.5608112	0.60764724	0.5240247	-0.51707923	-0.66620123	-0.56652725	0.53280294	-0.58633274	0.528444	-0.6110374	-0.5758232	-0.6244774
0.05565385	-0.06303453	0.022123355	0.0041153883	-0.06315497	-0.085710615	-0.021446075	0.014618526	0.038353696	0.031778213	-0.0027917142	0.013186567	-0.08155485	0.007486767	0.08833652	0.09196999
-0.48713666	0.52279645	-0.4451807	-0.5205943	0.45797879	0.4594166	0.50549823	-0.5065095	-0.47750077	-0.50236285	0.44600785	-0.50672245	0.5044057	-0.49965808	-0.42205635	-0.4715886
0.27758437	-0.2058891	0.24662052	0.2698866	-0.25827292	-0.2314617	-0.27542162	0.21031427	0.29951453	0.25597718	-0.2601014	0.21670927	-0.26273045	0.21111597	0.25826448	0.28052324
0.3165231	-0.33649102	0.31728718	0.36343738	-0.41032323	-0.40461713	-0.35641265	0.38782695	0.40345463	0.38330147	-0.35660705	0.36460906	-0.35975575	0.37854454	0.39508954	0.4267146
-0.63365626	0.6381594	-0.666372	-0.5905289	0.667366	0.56438494	0.637713	-0.60016996	-0.67960554	-0.64677393	0.6400615	-0.5904749	0.6616338	-0.6422541	-0.66160417	-0.6398708
0.5872168	-0.5789925	0.6254572	0.5543953	-0.66645527	-0.5525728	-0.62521195	0.5776501	0.6900011	0.56412727	-0.5744564	0.5749532	-0.6086703	0.652742	0.6435236	0.63065666
0.12976846	-0.12939131	0.1391682	0.18070318	-0.16571897	-0.16962287	-0.17760557	0.18522668	0.19089928	0.13626069	-0.14832683	0.20266463	-0.14680196	0.19590364	0.119824804	0.15633304
-0.42261216	0.3946167	-0.4444908	-0.405248	0.3921351	0.42058918	0.40488175	-0.46676865	-0.42718664	-0.3995258	0.44242054	-0.43009827	0.38341787	-0.4685329	-0.3835006	-0.41314098
-0.6522771	0.684104	-0.6835449	-0.65736157	0.6198753	0.6084998	0.62682015	-0.71273303	-0.7184568	-0.6758376	0.6699111	-0.6665005	0.6275154	-0.63800967	-0.6850032	-0.71639836
-0.33904174	0.45289597	-0.47075596	-0.5224514	0.49910197	0.44858652	0.5178229	-0.4827029	-0.56261265	-0.50896126	0.54752785	-0.55789745	0.5485808	-0.50136054	-0.48207	-0.59929866
-0.616314	0.71038634	-0.61718845	-0.64038616	0.6628571	0.6264711	0.6814127	-0.6203083	-0.675032	-0.6302392	0.65022695	-0.6544903	0.69682276	-0.6310531	-0.68303454	-0.64681196
0.349521	-0.41098213	0.41024026	0.4209966	-0.3836636	-0.365297	-0.40716863	0.4363573	0.44537306	0.39023486	-0.39948165	0.44985622	-0.40229294	0.41619483	0.43940368	0.47813153
0.58814615	-0.5778266	0.6561199	0.59766763	-0.53928274	-0.5713042	-0.53784657	0.5817561	0.5715828	0.562549	-0.6125922	0.6119353	-0.54665124	0.5640875	0.6287631	0.5878439
-0.71700895	0.79360807	-0.6964224	-0.73717755	0.7098613	0.7921718	0.74994904	-0.6910423	-0.8109303	-0.73580706	0.7250525	-0.76856214	0.7678582	-0.70065355	-0.7195767	-0.7299298
0.177075	-0.2527402	0.24842587	0.17787907	-0.24873398	-0.23134321	-0.21684612	0.1758263	0.23429939	0.26161647	-0.22563423	0.25138038	-0.15467021	0.19197924	0.1705211	0.22087167
0.53789234	-0.54371554	0.5746046	0.47559068	-0.57999367	-0.48685333	-0.49027726	0.5104571	0.5848588	0.54604834	-0.4947319	0.48826844	-0.55236536	0.5532148	0.5203917	0.51318157
0.45337188	-0.51658434	0.47921735	0.5017278	-0.53556687	-0.52100503	-0.49678144	0.44784173	0.54333186	0.53702486	-0.5243049	0.4907107	-0.45836833	0.4605197	0.4942443	0.5012689
0.5255801	-0.4986005	0.5254356	0.4503155	-0.52469623	-0.4729164	-0.5148803	0.4622947	0.5474454	0.5096754	-0.5298798	0.55133426	-0.5321583	0.55142164	0.53327733	0.53422946
-0.6531584	0.67383873	-0.6934764	-0.6307994	0.6951779	0.62237906	0.6103577	-0.70692813	-0.6967392	-0.6478982	0.6371621	-0.65153825	0.67260295	-0.6719676	-0.6556368	-0.6666051
-0.6173667	0.6312879	-0.6703126	-0.6562686	0.70832264	0.6334848	0.6722344	-0.69979554	-0.6925842	-0.6610756	0.6375942	-0.69227064	0.64828736	-0.6974294	-0.6649511	-0.65463984
0.11850976	-0.066169426	0.09874353	0.10177064	-0.13612759	-0.06882716	-0.11668327	0.049551718	0.122065425	0.14546752	-0.06457812	0.1352357	-0.06692628	0.085916184	0.1440245	0.08270976
0.7804985	-0.8202857	0.7917225	0.743538	-0.7910838	-0.82751095	-0.77439904	0.773408	0.825609	0.7565195	-0.80303603	0.7895012	-0.7362096	0.7709605	0.76464015	0.82789755
-0.6012065	0.644573	-0.6933037	-0.6826344	0.6543198	0.60161656	0.6711586	-0.5742185	-0.70319945	-0.6441284	0.6811605	-0.62939286	0.63206834	-0.6373079	-0.65803254	-0.66668576
-0.37330052	0.45297965	-0.5549916	-0.4935901	0.5631622	0.4783775	0.49762082	-0.50373745	-0.5858512	-0.48525387	0.48835164	-0.57769537	0.48496145	-0.4910493	-0.50719297	-0.5569763
0.23701105	-0.2789765	0.31803048	0.3414736	-0.3566241	-0.31402585	-0.27897543	0.35039634	0.3682175	0.33239764	-0.3412817	0.28714347	-0.3175305	0.33426976	0.30933794	0.34408864
0.33786005	-0.3122718	0.34289116	0.35501793	-0.36075953	-0.35041597	-0.3601893	0.32078326	0.3500791	0.31304947	-0.31128162	0.3082816	-0.30226037	0.38705716	0.29918495	0.39845407
0.2399734	-0.30087867	0.25725293	0.20562765	-0.30487353	-0.24004039	-0.27447328	0.24492794	0.31520164	0.2554592	-0.31509796	0.24657539	-0.20349237	0.2779398	0.24579622	0.2768808
-0.5376215	0.57730156	-0.5816397	-0.60644925	0.6435132	0.5706013	0.60710424	-0.59807104	-0.58943564	-0.54605097	0.61702067	-0.5793805	0.5557499	-0.60671574	-0.60031885	-0.6405312
-0.10633971	0.17267011	-0.114650436	-0.15555467	0.12098943	0.17775711	0.13140857	-0.09582345	-0.13082692	-0.12312063	0.14348483	-0.10400396	0.12814538	-0.12121159	-0.18890944	-0.10720604
-0.37720668	0.37536362	-0.36949307	-0.35888106	0.4439995	0.3878085	0.3588601	-0.4307133	-0.4163316	-0.33445835	0.35712016	-0.42208368	0.3701746	-0.43211958	-0.3402657	-0.37956247
0.49361703	-0.6011529	0.6202781	0.5370565	-0.6165134	-0.540834	-0.57524323	0.55379874	0.5818968	0.52407134	-0.5447194	0.6091988	-0.5091356	0.58779424	0.59329635	0.61099875
0.550088	-0.55641735	0.55477494	0.59600896	-0.5568065	-0.5619855	-0.5271447	0.5310304	0.54588753	0.5464205	-0.54439896	0.5317824	-0.5298184	0.5763004	0.53877735	0.56775486
0.38470358	-0.49747607	0.4228475	0.47914845	-0.5288315	-0.4795586	-0.4820571	0.4829602	0.5684225	0.47797865	-0.5267445	0.46599454	-0.4059525	0.4626304	0.5083707	0.53149116
0.6156174	-0.6237464	0.6104601	0.6409694	-0.67075366	-0.6536039	-0.5960094	0.5839376	0.6352643	0.62532145	-0.63711274	0.63520116	-0.64180446	0.5862449	0.6571875	0.60446
0.5732258	-0.5906127	0.5527579	0.56238455	-0.63346374	-0.6102261	-0.5258231	0.54709524	0.56051886	0.5884689	-0.5291908	0.6169368	-0.597617	0.5970362	0.5655703	0.5778853
0.72717166	-0.752921	0.71101356	0.7580912	-0.6973778	-0.72693974	-0.73253006	0.66417277	0.7733397	0.72469735	-0.75301296	0.6929864	-0.72986144	0.7614019	0.68417627	0.70768106
0.3561489	-0.42028123	0.39139515	0.39129958	-0.40639383	-0.41798288	-0.37463844	0.39547914	0.50657994	0.44685096	-0.45612118	0.44305685	-0.41669527	0.44930962	0.3844888	0.45349264
0.37441024	-0.41508657	0.46988374	0.34063864	-0.38757735	-0.35881284	-0.38118553	0.34303373	0.49080345	0.4267008	-0.39937797	0.37093058	-0.42550048	0.40655133	0.37843558	0.45041522
0.35229322	-0.37912306	0.42856532	0.39332452	-0.39783496	-0.4450173	-0.3693107	0.37016156	0.4257637	0.4051182	-0.42033586	0.37215218	-0.36609033	0.42723212	0.381537	0.4631583
0.6090252	-0.71037537	0.653253	0.7026014	-0.6422064	-0.657037	-0.69996613	0.6791023	0.73220044	0.65736496	-0.67685246	0.7096525	-0.6113732	0.6985903	0.64267933	0.66025066
0.55646515	-0.6081601	0.5531276	0.59168035	-0.6334587	-0.55008847	-0.54986143	0.5527232	0.6087931	0.5557008	-0.5729898	0.58787084	-0.54049	0.6227176	0.5748002	0.60854435
-0.021247156	0.03927052	-0.04783699	-0.055795457	0.036650114	-0.007189365	0.013972398	-0.080596946	-0.021098882	-0.017556759	0.042109266	-0.0066021015	0.026008323	-0.08714712	-0.083067514	-0.03642638
0.23916149	-0.22794414	0.26451874	0.24491985	-0.2635398	-0.22409005	-0.22919948	0.21115664	0.30220553	0.26694265	-0.30729705	0.22397147	-0.26541695	0.23146348	0.24029735	0.22237888
0.4504591	-0.49862283	0.5536697	0.48822552	-0.50482064	-0.46212667	-0.5376861	0.50088316	0.59573483	0.47850856	-0.50605845	0.5150084	-0.48892412	0.567449	0.49891195	0.5458021
-0.29238617	0.38357347	-0.44956133	-0.41816235	0.42530188	0.31802362	0.3625074	-0.37850922	-0.4464839	-0.40348178	0.47910523	-0.41650033	0.45478323	-0.37129724	-0.36343294	-0.49200487
-0.7359111	0.68377656	-0.69350404	-0.77103174	0.6982353	0.7256766	0.7183646	-0.70119244	-0.76872957	-0.7399901	0.6794786	-0.70151573	0.6792004	-0.7059046	-0.7114826	-0.7823331
-0.5594992	0.6052421	-0.58118	-0.6107591	0.56019294	0.57301414	0.59554553	-0.600801	-0.59988284	-0.63611966	0.5425367	-0.56358254	0.5689137	-0.5888556	-0.56856644	-0.6121148
-0.38187644	0.49380016	-0.4791886	-0.49857494	0.52618104	0.43581897	0.50282335	-0.5173606	-0.5120544	-0.48269075	0.504327	-0.5420242	0.52091944	-0.48021322	-0.51403916	-0.5120129
-0.5112625	0.6027495	-0.55610186	-0.5165934	0.56674004	0.5133014	0.5386735	-0.5870175	-0.5559277	-0.53918993	0.5873535	-0.6081728	0.5287139	-0.558219	-0.51875275	-0.6426226
0.002068729	0.05997652	-0.042030796	-0.010532473	0.06490129	0.059437472	0.023417123	-0.009600062	-0.039939426	-0.07104184	0.023914611	-0.0036081695	0.08659951	0.016792217	-0.037212167	-0.033720117
0.6247957	-0.6564059	0.6281708	0.65212935	-0.7060246	-0.6141183	-0.69085366	0.64717066	0.66478187	0.709554	-0.63084304	0.6313035	-0.60369146	0.66628486	0.6671692	0.6938498
0.6058303	-0.65269697	0.6236242	0.6181554	-0.5896079	-0.6103245	-0.6570705	0.58622795	0.60626024	0.63342124	-0.6068783	0.6000856	-0.56275773	0.57606703	0.56750715	0.65540475
0.22519013	-0.4410462	0.28842348	0.40452528	-0.50369585	-0.39679778	-0.37533662	0.32142532	0.49969938	0.38985613	-0.46783984	0.45766613	-0.33420545	0.4185882	0.39421746	0.4793468
-0.51787615	0.5676849	-0.5773175	-0.6114329	0.66571766	0.65435123	0.63719565	-0.56851935	-0.6470195	-0.627793	0.6620791	-0.5848312	0.64572865	-0.6613181	-0.5992034	-0.63461405
0.66185874	-0.61980677	0.60694593	0.67771083	-0.7214625	-0.61574966	-0.6618878	0.6367401	0.73584306	0.6866047	-0.6643191	0.7052958	-0.6566099	0.65754503	0.636521	0.7134621
-0.47474167	0.4464146	-0.4192483	-0.43947488	0.47171393	0.39246878	0.43918747	-0.4267187	-0.4793319	-0.4554726	0.4795768	-0.44028738	0.43442822	-0.42406097	-0.3891233	-0.45022196
-0.5561134	0.5459304	-0.5671035	-0.55288506	0.5836891	0.5043227	0.5475132	-0.560101	-0.5759038	-0.6014221	0.571981	-0.5942972	0.50367033	-0.51166826	-0.5459917	-0.5671487
0.6662455	-0.6782782	0.7152851	0.62524855	-0.6662971	-0.6966134	-0.7106358	0.6604969	0.65454423	0.68507016	-0.6816194	0.7048881	-0.715394	0.7040252	0.7150731	0.74195015
-0.46953332	0.4957039	-0.5010662	-0.54425	0.5144896	0.55407476	0.52158415	-0.48622927	-0.5128012	-0.4886477	0.5483139	-0.53672975	0.5160387	-0.52026814	-0.5086576	-0.5346438
0.49783486	-0.5021493	0.58072215	0.47146165	-0.5745491	-0.50444776	-0.5259789	0.5669347	0.53807086	0.53028	-0.549297	0.58008677	-0.5216582	0.57249516	0.5721773	0.5731356
0.62922025	-0.6935467	0.66697854	0.6073762	-0.62881	-0.637928	-0.61127853	0.62347335	0.68187505	0.68049055	-0.5970384	0.6660153	-0.64104986	0.68025106	0.63968873	0.7042288
0.61684126	-0.65426624	0.64510894	0.5972365	-0.6361782	-0.5923519	-0.64998585	0.6125075	0.6548314	0.617475	-0.6076994	0.6387855	-0.5846596	0.6591264	0.64384645	0.6055413
-0.050713226	0.13784415	-0.14435561	-0.10969952	0.07984082	0.094354615	0.07944451	-0.11116712	-0.12005861	-0.09831599	0.084649324	-0.1340698	0.14004661	-0.14041348	-0.14795616	-0.110107996
0.07459636	-0.09989444	0.1104594	0.0862504	-0.12811446	-0.10258063	-0.10642247	0.07342508	0.07196107	0.13619612	-0.07777268	0.1481899	-0.099982135	0.12797904	0.124627694	0.069824845
-0.28971735	0.38939294	-0.37105542	-0.366551	0.3800097	0.36927766	0.3786023	-0.45161435	-0.41440535	-0.37135062	0.40628222	-0.40483782	0.43019155	-0.40582514	-0.37378174	-0.416452
-0.44004956	0.36998254	-0.42239335	-0.43791282	0.37299123	0.44798344	0.3630655	-0.3748703	-0.4649725	-0.3650328	0.44097292	-0.38370472	0.42533463	-0.38941574	-0.4158267	-0.40364212
0.50782806	-0.5868358	0.58789456	0.48690492	-0.5585982	-0.53607374	-0.5253396	0.55239624	0.6089859	0.5803599	-0.5343734	0.53842247	-0.56967026	0.5063428	0.57665443	0.58766276
-0.72767055	0.6763699	-0.72272134	-0.7234684	0.6950968	0.715255	0.709153	-0.68072474	-0.7559491	-0.7517347	0.70738304	-0.73286104	0.71578276	-0.7444231	-0.701216	-0.71503466
-0.20585795	0.3719977	-0.46957275	-0.47055334	0.47966322	0.3391138	0.34242886	-0.46392205	-0.56942046	-0.38534647	0.45091742	-0.519202	0.48089305	-0.3744178	-0.38899478	-0.46982992
-0.49042985	0.48982218	-0.55023813	-0.47174853	0.47524533	0.5141788	0.47878486	-0.48814285	-0.58084184	-0.52095705	0.46838665	-0.4885441	0.4924224	-0.48265386	-0.48382586	-0.49050632
-0.28157142	0.51441586	-0.46702358	-0.49764603	0.5404842	0.4893112	0.4444562	-0.5456713	-0.61818	-0.4879862	0.49214527	-0.57550985	0.48420691	-0.527054	-0.5225033	-0.57202613
0.27502576	-0.24224001	0.25380716	0.25373045	-0.27671677	-0.30170286	-0.25580332	0.24940462	0.2960663	0.28056812	-0.2547607	0.2924319	-0.2163455	0.22352117	0.2843361	0.25042424
-0.591467	0.5576399	-0.62442636	-0.5954154	0.60372794	0.5567099	0.5551748	-0.5501971	-0.60031927	-0.54933935	0.6139065	-0.5903856	0.5773522	-0.59003437	-0.5845241	-0.6389555
-0.5566009	0.58877456	-0.5715752	-0.5981336	0.5963762	0.5937578	0.59787816	-0.52804464	-0.6347374	-0.595942	0.57283205	-0.6214944	0.54235995	-0.52657217	-0.53288364	-0.60540146
0.055800684	-0.07501804	0.085610904	0.07212083	-0.06461396	-0.019860422	0.0028743932	0.045658182	0.029706756	0.030946646	-0.050138548	0.07525556	-0.06488056	0.031438258	-0.009957262	0.06278794
0.35309288	-0.37183434	0.3320149	0.39130166	-0.43436873	-0.36066642	-0.37055367	0.41038454	0.5216796	0.43680817	-0.42380136	0.45372835	-0.3689095	0.42859292	0.3499096	0.4060674
0.3310499	-0.39407852	0.3874887	0.37791324	-0.3986284	-0.39056915	-0.34733528	0.33846688	0.43105438	0.3289733	-0.32868093	0.42287296	-0.30647495	0.35357887	0.399379	0.39441347
-0.7699457	0.6850746	-0.80387414	-0.70678157	0.69714224	0.71825445	0.7136788	-0.7519283	-0.7537345	-0.73301476	0.7508506	-0.76870924	0.6946889	-0.7594446	-0.69741285	-0.7250279
0.30743945	-0.45316392	0.3850068	0.4735803	-0.39706787	-0.40342176	-0.37189466	0.43405616	0.4975241	0.45853716	-0.4408614	0.48251188	-0.40877795	0.42649248	0.4148686	0.5050606
0.39280978	-0.46799725	0.41751528	0.41786683	-0.47067305	-0.38145313	-0.4263366	0.43289077	0.4817783	0.4269357	-0.39374554	0.43920213	-0.3960644	0.43913108	0.4000994	0.42790017
-0.4030453	0.4781584	-0.55326504	-0.48251	0.49266547	0.44526857	0.44289985	-0.5475568	-0.524409	-0.5102325	0.4871163	-0.55159026	0.47014195	-0.49231762	-0.5036059	-0.59124917
0.5173213	-0.58657116	0.5330879	0.511487	-0.5161269	-0.5393137	-0.50584704	0.51814574	0.6049379	0.584728	-0.54575527	0.49841535	-0.561645	0.529875	0.5248367	0.5340132
0.33039647	-0.2975708	0.32255277	0.25256604	-0.2901207	-0.3395872	-0.3143836	0.28113604	0.3710788	0.29130587	-0.3158157	0.2594	-0.28092808	0.308144	0.3098898	0.35296336
0.51800805	-0.57188267	0.5705636	0.55086863	-0.5867665	-0.5552162	-0.5545415	0.47667885	0.6209603	0.5880475	-0.55451435	0.5584162	-0.49577922	0.56387395	0.4931617	0.5394461
-0.15471303	0.1691291	-0.2109541	-0.15449455	0.17878057	0.2336379	0.16307335	-0.23755267	-0.222699	-0.15637612	0.22744633	-0.23678453	0.16127932	-0.18744098	-0.22861157	-0.2568884
-0.7070248	0.7275042	-0.6927853	-0.7100582	0.6485686	0.7213333	0.65530336	-0.7268115	-0.7145224	-0.6688601	0.71231145	-0.66236883	0.6382474	-0.6476826	-0.64002806	-0.72753143
-0.67614824	0.7064116	-0.69081604	-0.6273317	0.65132964	0.62514865	0.63855773	-0.68515795	-0.7411529	-0.6427265	0.66019255	-0.632918	0.66332704	-0.6574959	-0.6193662	-0.6725058
-0.539016	0.5853054	-0.56460905	-0.60100025	0.62151456	0.5775789	0.63787943	-0.59629136	-0.59770054	-0.62760305	0.64046824	-0.55359584	0.5571957	-0.5809316	-0.60786295	-0.62179023
0.49265173	-0.44181448	0.4993286	0.42408246	-0.47731128	-0.4398751	-0.43574986	0.43440846	0.48535827	0.47004846	-0.47975153	0.42502397	-0.4471163	0.44971594	0.43742007	0.4115466
0.73911136	-0.7475115	0.72356904	0.7157926	-0.7306069	-0.71042377	-0.7108025	0.68565494	0.76958555	0.74061155	-0.7926124	0.8069422	-0.7625572	0.7180844	0.7033981	0.7295506
0.5033964	-0.5841997	0.5442499	0.6173213	-0.5925045	-0.5897264	-0.5827295	0.56150895	0.60368186	0.5881093	-0.6228151	0.6253327	-0.5989908	0.6244535	0.57801676	0.62954056
0.21434425	-0.31887725	0.25698194	0.22467344	-0.33308378	-0.25744596	-0.27049738	0.28589046	0.3356188	0.3163299	-0.3153291	0.29355857	-0.28552338	0.28156924	0.28281265	0.36556125
-0.5513491	0.5828049	-0.62058693	-0.5881988	0.5499742	0.54783434	0.57630485	-0.5452468	-0.61379266	-0.5626118	0.60800415	-0.61310655	0.5323225	-0.5788457	-0.590293	-0.5992454
-0.12653545	0.3396677	-0.39773723	-0.4023168	0.38292626	0.25095516	0.34240603	-0.3844686	-0.45188838	-0.36376348	0.40228033	-0.3984383	0.43740207	-0.4068377	-0.31646287	-0.47058395
-0.14273174	0.10924652	-0.18456268	-0.116326444	0.08631041	0.17831239	0.10306174	-0.1035046	-0.14146465	-0.11953518	0.14092556	-0.13259669	0.17149888	-0.15452692	-0.15267694	-0.14682308
-0.5090494	0.55903274	-0.51733875	-0.52899027	0.5614033	0.48695308	0.49774128	-0.47099724	-0.4884413	-0.51244676	0.49631602	-0.5250372	0.5568109	-0.5606321	-0.4933124	-0.4920052
-0.43801156	0.48311967	-0.5686411	-0.53649014	0.5660377	0.48935103	0.5594648	-0.5583765	-0.5690431	-0.50367856	0.5037559	-0.5826067	0.5163657	-0.5353449	-0.48992506	-0.5174222
-0.19511685	0.1986015	-0.20176964	-0.14224139	0.23066877	0.17998964	0.17721847	-0.17329364	-0.18774757	-0.16465999	0.1647853	-0.15218703	0.20759016	-0.18413524	-0.14408903	-0.16595778
-0.49520132	0.60961485	-0.6213508	-0.5599706	0.6103472	0.52006567	0.5220489	-0.6022916	-0.6761064	-0.61851585	0.5919325	-0.58509463	0.52884614	-0.6009825	-0.5374205	-0.584644
-0.45218012	0.5506389	-0.60299885	-0.51803124	0.5374552	0.51847214	0.55028903	-0.58543396	-0.5605867	-0.49989855	0.57313025	-0.5209148	0.50873727	-0.49791119	-0.58080316	-0.5881893
-0.13995345	0.16494916	-0.27311844	-0.18851067	0.2477308	0.17098854	0.16387945	-0.19620618	-0.2466847	-0.19482534	0.20060024	-0.18706396	0.23795992	-0.24588284	-0.20046765	-0.19920751
0.13197435	-0.12472006	0.20346175	0.15788467	-0.11456106	-0.14547871	-0.1496308	0.18569161	0.108914815	0.124312036	-0.15332134	0.2007246	-0.1784228	0.11697465	0.1497078	0.18164189
-0.09601972	0.05206448	-0.1422567	-0.13387693	0.056736343	0.0784258	0.046715494	-0.10169831	-0.06295217	-0.03130314	0.10352631	-0.1123008	0.053773172	-0.1063994	-0.08349164	-0.08075031
-0.38928702	0.52721065	-0.47862813	-0.5258842	0.50842243	0.51860905	0.43557182	-0.53037554	-0.49827835	-0.44895524	0.45325017	-0.5010868	0.49509352	-0.4914828	-0.5060963	-0.4901862
-0.3540026	0.40206787	-0.36039808	-0.3064998	0.360004	0.39092806	0.3868692	-0.425336	-0.34214494	-0.40794453	0.3696537	-0.37609395	0.32903346	-0.3583131	-0.3914129	-0.34985524
-0.53716445	0.4918026	-0.5103187	-0.5004909	0.53585285	0.5136238	0.52494466	-0.4960533	-0.52216107	-0.5615323	0.49144936	-0.522465	0.51780486	-0.53820527	-0.55753237	-0.5117138
-0.38124666	0.3592777	-0.30455703	-0.37004295	0.29825225	0.29214054	0.32016057	-0.30390677	-0.33392465	-0.2908591	0.31898266	-0.35316488	0.31311154	-0.37220392	-0.37358326	-0.35775757
-0.41786885	0.48758394	-0.5172323	-0.5674758	0.49658978	0.4964159	0.46137825	-0.567722	-0.5852546	-0.5445663	0.5687684	-0.5848179	0.56953746	-0.565384	-0.5621022	-0.54761875
-0.3811324	0.47581547	-0.49090862	-0.484046	0.43650025	0.48477477	0.41409746	-0.40442508	-0.45352423	-0.4223857	0.50835353	-0.45582294	0.4431129	-0.40495965	-0.40358523	-0.47957224
0.78227234	-0.76678395	0.83803916	0.85415715	-0.85919714	-0.86149216	-0.8058094	0.7865965	0.8357914	0.87056303	-0.8460552	0.8302578	-0.82108855	0.798462	0.8438683	0.88549817
-0.31449568	0.31429765	-0.26008728	-0.28005514	0.29584533	0.23820159	0.22998345	-0.28910488	-0.30877697	-0.2360188	0.32724023	-0.3062209	0.25820315	-0.2610495	-0.24736878	-0.2818511
0.2856714	-0.33664587	0.3625451	0.27904418	-0.28166056	-0.3516117	-0.28934547	0.35040107	0.3748678	0.32047096	-0.2944323	0.3211991	-0.31489107	0.35526493	0.3097506	0.30291393
-0.47549456	0.4744399	-0.5694469	-0.4801628	0.49510467	0.47926587	0.45781162	-0.56317234	-0.5374459	-0.4749137	0.47384816	-0.53592336	0.5360071	-0.53129834	-0.5312872	-0.49468386
-0.47190988	0.4666298	-0.5206498	-0.49587962	0.4939556	0.5163762	0.5293383	-0.4592593	-0.49255362	-0.5360821	0.45617074	-0.47524053	0.44466448	-0.47724235	-0.5425573	-0.5026427
-0.13126224	0.384168	-0.44285247	-0.37484118	0.45356974	0.27034464	0.31095073	-0.40479124	-0.5408082	-0.37333706	0.4749471	-0.4240424	0.4465334	-0.3298339	-0.3305139	-0.4683725
0.60757655	-0.6531284	0.64811397	0.6140274	-0.64236724	-0.6010768	-0.62422246	0.63475376	0.67621666	0.6460135	-0.58481157	0.60675603	-0.58830947	0.62390846	0.6014283	0.67393214
-0.33313215	0.29643002	-0.3492572	-0.28615588	0.3092093	0.31387076	0.29654348	-0.31228966	-0.30501038	-0.34936538	0.34906906	-0.3290585	0.28901643	-0.30914217	-0.3399894	-0.29485762
0.49723938	-0.5481996	0.5136448	0.545556	-0.5360133	-0.49910244	-0.4913163	0.477878	0.5423743	0.49237353	-0.486228	0.4871648	-0.49914148	0.5173022	0.52652514	0.49076226
0.36394063	-0.4543182	0.45042878	0.43477103	-0.4296664	-0.39089638	-0.40842676	0.3646787	0.4408319	0.4454229	-0.46213526	0.43739206	-0.35718563	0.45598805	0.42561984	0.4678325
0.3634666	-0.41197222	0.36642382	0.35906175	-0.4033619	-0.41763443	-0.4116592	0.4349068	0.45687044	0.4112357	-0.43273774	0.47487864	-0.38081047	0.39464054	0.44528514	0.4206608
0.4998213	-0.5653162	0.5246818	0.5145003	-0.50924516	-0.49311712	-0.5302416	0.5742279	0.51809067	0.5599393	-0.5681057	0.5128394	-0.52952397	0.53215253	0.51741904	0.6041008
0.28911293	-0.2892884	0.31826788	0.265841	-0.2844329	-0.247637	-0.27409402	0.2576839	0.3194152	0.34730175	-0.30784628	0.34541425	-0.31833953	0.2632317	0.26066262	0.32520825
0.22542119	-0.19766879	0.19146666	0.18141027	-0.15671752	-0.21461314	-0.22305998	0.16054235	0.21758924	0.20270999	-0.15111054	0.153935	-0.15861097	0.21823408	0.2052472	0.15494928
-0.68529433	0.69369274	-0.78144085	-0.72189426	0.7069368	0.70871603	0.7549475	-0.7496753	-0.7661218	-0.75489926	0.7131834	-0.71316266	0.73697805	-0.7419142	-0.7537919	-0.7322858
-0.3693664	0.48572677	-0.5170579	-0.49817497	0.542219	0.45053774	0.45187828	-0.56003594	-0.5286278	-0.5435093	0.5625959	-0.5552179	0.45634437	-0.54933697	-0.4499522	-0.5403449
-0.43068835	0.47110286	-0.5397587	-0.48249403	0.5514918	0.47485483	0.43813226	-0.54433274	-0.5794669	-0.4511328	0.48556134	-0.4836565	0.4506252	-0.49423707	-0.4674457	-0.56734145
0.59634113	-0.657212	0.68002933	0.7214965	-0.6682775	-0.6936422	-0.6332125	0.6520582	0.6794396	0.6752783	-0.6977764	0.7016891	-0.69075173	0.6697002	0.67764074	0.71249175
0.25705767	-0.37007615	0.32278582	0.378477	-0.39396456	-0.33079222	-0.38920537	0.34827474	0.48647487	0.4035074	-0.37162924	0.35479066	-0.32640296	0.32308573	0.3338986	0.45637375
0.37982985	-0.52710056	0.5281398	0.4841688	-0.56658065	-0.46886548	-0.4987887	0.47993183	0.63175625	0.5738285	-0.5023003	0.54272443	-0.47520936	0.5136006	0.47303295	0.5688124
-0.27489734	0.25741497	-0.32977727	-0.24921285	0.33616215	0.311424	0.27741078	-0.3248206	-0.2882793	-0.27941713	0.28067368	-0.2600117	0.25377604	-0.31857246	-0.28156695	-0.27095228
0.25462928	-0.28588158	0.32313916	0.29159066	-0.30710983	-0.26204422	-0.2428869	0.28028747	0.25317279	0.27817106	-0.2729059	0.24179557	-0.32036266	0.30336946	0.28998396	0.27799168
-0.08504694	0.085186325	-0.07603611	-0.050478663	0.081874005	0.059637465	0.078781635	-0.068830185	0.0023080457	-0.021869214	0.07970752	-0.021922898	0.027931236	-0.08992477	-0.07153632	-0.021963147
0.60451007	-0.5523631	0.5640304	0.59567654	-0.55587894	-0.5820963	-0.5929978	0.608474	0.59100634	0.5657698	-0.5463002	0.6007669	-0.5590746	0.5789647	0.59231395	0.6248431
0.5918943	-0.5884037	0.63566816	0.53598404	-0.59643024	-0.6157155	-0.5349263	0.54783565	0.61800766	0.6056413	-0.616518	0.6167816	-0.6009941	0.535874	0.58304	0.6444358
-0.29076976	0.48039174	-0.42167988	-0.5415208	0.5790336	0.44765624	0.39664152	-0.4978976	-0.55395955	-0.4622458	0.5090532	-0.5039878	0.47783616	-0.44504812	-0.42750025	-0.51350254
-0.4774102	0.5968731	-0.63944066	-0.63565624	0.57230735	0.5084637	0.54706544	-0.62257266	-0.6784809	-0.5490264	0.5726909	-0.5940965	0.6049426	-0.5514508	-0.60003024	-0.6594988
-0.51680875	0.51539856	-0.5854309	-0.5833643	0.52403903	0.5697604	0.55976814	-0.5246209	-0.5915058	-0.5041673	0.5327941	-0.5293765	0.54931676	-0.55419743	-0.50380105	-0.62337476
-0.7120897	0.73407805	-0.6730782	-0.71363604	0.6822443	0.65229833	0.7387367	-0.65935445	-0.722745	-0.6825898	0.6703516	-0.7013284	0.6703842	-0.66749793	-0.71054566	-0.7671175
-0.1855123	0.30679026	-0.30984843	-0.2585649	0.3328305	0.29389188	0.26821578	-0.25743997	-0.272759	-0.24981253	0.29027018	-0.3181464	0.26989385	-0.3076368	-0.2928679	-0.30560514
0.60985684	-0.62231004	0.61140335	0.62371165	-0.6576684	-0.54991543	-0.59024644	0.58083737	0.6578093	0.578702	-0.5765838	0.6143116	-0.5878076	0.61992675	0.59776866	0.65881246
-0.13046871	0.1928658	-0.19019228	-0.3033738	0.2778186	0.23404118	0.17365463	-0.2530987	-0.3433022	-0.27472523	0.24598083	-0.3223004	0.2463939	-0.22203669	-0.24827537	-0.30716336
0.2691552	-0.24542312	0.2467504	0.23824997	-0.21513921	-0.20172936	-0.27083609	0.25121182	0.19465029	0.22131208	-0.20691758	0.2566576	-0.2527613	0.20118518	0.2258168	0.25133964
0.16677177	0.20065707	-0.1231629	-0.3413483	0.3751234	0.084167406	0.10471402	-0.35652694	-0.5150128	-0.1888359	0.3439793	-0.4159085	0.33095622	-0.24609743	-0.26417357	-0.44642615
0.0022702145	0.009995646	-0.008989971	0.02848514	-0.016375015	-0.0546018	-0.04507893	-0.04038105	0.06417778	0.05503008	-0.06777423	0.04545268	0.017702108	-0.016212542	-0.002020042	0.050878078
0.30113783	-0.3752492	0.33737963	0.31994772	-0.41419336	-0.3797363	-0.39375758	0.34071115	0.49501723	0.44130668	-0.37228864	0.47159526	-0.36654273	0.41438973	0.38225508	0.49711838
0.5694018	-0.5473147	0.52630556	0.4915556	-0.5731228	-0.4975355	-0.55063856	0.48563758	0.6010492	0.51905966	-0.521232	0.5106766	-0.55844545	0.5650456	0.5457571	0.58548003
0.25669876	-0.3449571	0.30980957	0.35263	-0.4250323	-0.29720736	-0.375085	0.34584773	0.4566718	0.32805488	-0.3729717	0.40634254	-0.3832375	0.31863475	0.3182924	0.46042368
-0.46492827	0.5741333	-0.57259446	-0.5482198	0.58284956	0.5133503	0.5751538	-0.55540246	-0.6284614	-0.5574805	0.56120527	-0.60203	0.544788	-0.6004833	-0.52792454	-0.55522376
0.11669121	-0.07184333	0.12931	0.115128726	-0.090283364	-0.09447271	-0.05889205	0.115029365	0.094402485	0.086147845	-0.0744638	0.12297646	-0.09137471	0.0934392	0.07376008	0.09433407
0.47378615	-0.4554699	0.45374835	0.43484053	-0.48047614	-0.5289188	-0.49272394	0.49704123	0.489322	0.4797676	-0.5280095	0.52943766	-0.45760658	0.51181054	0.46852964	0.47600645
-0.32998598	0.36187357	-0.4031525	-0.36969516	0.3710555	0.32151648	0.301072	-0.35312012	-0.28888687	-0.3607366	0.28561693	-0.34362924	0.2976668	-0.2863141	-0.28661394	-0.34494066
0.12488909	-0.11404553	0.14233461	0.12656368	-0.09695473	-0.15096597	-0.15836103	0.009619427	0.082648024	0.101045474	-0.1341481	0.104220726	-0.038849074	0.09890244	0.09820507	0.10057848
0.4577749	-0.5302779	0.5231243	0.47076243	-0.5218623	-0.49426466	-0.52464414	0.5346506	0.57783246	0.50565886	-0.48860908	0.53742534	-0.48264232	0.570189	0.5130945	0.56677026
-0.13752429	0.33947498	-0.2738893	-0.3311856	0.44179338	0.2141608	0.21604255	-0.33699718	-0.45710284	-0.34682408	0.38785172	-0.40217352	0.34783566	-0.26839936	-0.28448933	-0.4832759
-0.005445196	0.31695905	-0.38916802	-0.4459798	0.4414778	0.24103981	0.27357113	-0.40461284	-0.56238973	-0.36157292	0.4353984	-0.4996554	0.3665742	-0.3662439	-0.34257355	-0.48129088
-0.5026951	0.48263943	-0.5320279	-0.46516535	0.5167653	0.5434427	0.5331401	-0.5312355	-0.5030312	-0.5424571	0.51769227	-0.53678316	0.5292031	-0.50160265	-0.5292662	-0.4974267
0.6703615	-0.64117503	0.66141224	0.68153834	-0.64164513	-0.6224782	-0.6829874	0.62002134	0.6623008	0.6644644	-0.63823193	0.6644702	-0.6948156	0.6842853	0.64000255	0.712119
-0.571601	0.58323264	-0.6076209	-0.5988802	0.6384949	0.66627157	0.62929064	-0.60173327	-0.679955	-0.6229713	0.66621083	-0.590593	0.59006244	-0.60278296	-0.655259	-0.65348184
0.335822	-0.43324247	0.3935522	0.38465455	-0.39686784	-0.42253616	-0.42176157	0.34821075	0.427041	0.4562702	-0.47077465	0.3925369	-0.44847238	0.44327018	0.45592144	0.5013941
-0.56628937	0.5851507	-0.6012555	-0.5469209	0.6370005	0.528132	0.56540954	-0.52814096	-0.65449184	-0.5661429	0.62201965	-0.5677154	0.6007865	-0.5626721	-0.59391963	-0.60030943
-0.42201197	0.37417588	-0.45073453	-0.39617875	0.40777668	0.45957315	0.44183087	-0.42522168	-0.38503858	-0.43565053	0.44559482	-0.3963169	0.37471077	-0.40115935	-0.47025788	-0.46045342
0.4017295	-0.44748747	0.46091846	0.41757846	-0.52098006	-0.47680783	-0.48572826	0.4887327	0.50025594	0.49959567	-0.5198554	0.50132704	-0.45328757	0.49970028	0.47844705	0.51105493
0.5765683	-0.5978842	0.6111988	0.5507813	-0.62566715	-0.56964874	-0.5672982	0.57799685	0.6149274	0.6336776	-0.65302044	0.57167107	-0.5524957	0.5740837	0.64942247	0.6051274
0.5983643	-0.5356778	0.5406557	0.522855	-0.5999039	-0.5812107	-0.59966534	0.525069	0.5740574	0.5050492	-0.5834207	0.51373106	-0.5957377	0.5282986	0.5256884	0.59323996
-0.50567895	0.55148983	-0.5283363	-0.5431943	0.5679965	0.5221347	0.54835016	-0.5107161	-0.592783	-0.4692207	0.5018146	-0.5746263	0.5259845	-0.510327	-0.5382566	-0.49822977
-0.49968037	0.5272277	-0.5179975	-0.4960713	0.47981596	0.5197355	0.52107763	-0.54072183	-0.5616159	-0.527297	0.552105	-0.52215844	0.52135473	-0.4928898	-0.5103898	-0.496424
-0.713581	0.706436	-0.7048039	-0.6812884	0.7429104	0.6890536	0.7381387	-0.7162588	-0.7715358	-0.72753525	0.7157549	-0.7307182	0.6544986	-0.6602128	-0.684973	-0.707762
0.43673128	-0.4698312	0.4885049	0.5151194	-0.54158884	-0.43813714	-0.5285962	0.43385044	0.48096478	0.5309723	-0.5222705	0.45730674	-0.5214684	0.5247946	0.5380388	0.5046239
0.11403745	-0.29271853	0.20747396	0.23987903	-0.28950047	-0.16979545	-0.27354217	0.17424533	0.37232327	0.2093503	-0.2559854	0.34065348	-0.25107792	0.26676562	0.238897	0.31265476
0.36856177	-0.41503865	0.41752434	0.4347201	-0.46080276	-0.40270564	-0.40318716	0.44729626	0.5543107	0.39884073	-0.45006138	0.43567428	-0.45071515	0.4543449	0.43577263	0.4972774
0.051637415	-0.0683318	0.070394985	0.05937362	-0.01980877	-0.027565183	-0.045668975	0.042547967	0.101227894	0.062635124	-0.023535552	0.104460716	-0.014587079	0.009024897	0.041765444	0.05951067
0.02244825	0.14411804	-0.12565461	-0.14012103	0.25027743	0.041713398	0.078977175	-0.19810577	-0.29435882	-0.13377877	0.2046648	-0.23703112	0.14146908	-0.14708824	-0.11984257	-0.24438171
-0.4448301	0.4981155	-0.4919325	-0.46720853	0.47635078	0.4682156	0.42440695	-0.42730844	-0.4882936	-0.42741892	0.4353943	-0.43243054	0.46082476	-0.41588822	-0.43763644	-0.4477901
-0.4094141	0.42508635	-0.45376346	-0.44037086	0.4100137	0.41749644	0.35004508	-0.4430293	-0.38795263	-0.36489168	0.4274452	-0.37577093	0.3845246	-0.4382105	-0.4428707	-0.38200632
0.20664854	-0.18400788	0.17857558	0.17002574	-0.27784035	-0.22326867	-0.2451647	0.21465872	0.3205325	0.18989159	-0.24408965	0.21777363	-0.22122397	0.2472044	0.23309673	0.23232885
0.17407343	-0.22416134	0.22644879	0.18215303	-0.18159133	-0.24238215	-0.18520215	0.22516865	0.20655337	0.21400176	-0.23043357	0.16754703	-0.1896198	0.24813779	0.21373026	0.20594203
-0.20945533	0.42013258	-0.50098443	-0.43594974	0.5037513	0.40435934	0.4464733	-0.4824438	-0.5207373	-0.42653295	0.4914752	-0.4577775	0.50666183	-0.4954233	-0.45580584	-0.5246395
0.25955886	-0.36573502	0.37280068	0.30081624	-0.34164068	-0.35742918	-0.36041513	0.33451253	0.42531866	0.37725484	-0.36872208	0.35246232	-0.28330475	0.3134393	0.27999976	0.4123446
0.047276318	-0.02003503	0.021754175	-0.0062475977	-0.047611523	-0.030117968	-0.06683955	-0.0015351797	0.015992422	0.03261458	-0.064753614	0.004026351	-0.07202663	0.040825523	0.019466192	0.04841979
-0.18770352	0.19986719	-0.18624222	-0.14916426	0.19127958	0.16842419	0.19031906	-0.1263776	-0.15913461	-0.13333274	0.13432473	-0.16582778	0.2129403	-0.16631012	-0.20170672	-0.17996173
0.45662153	-0.52728456	0.46409494	0.4464143	-0.49469075	-0.4593091	-0.48798934	0.41201308	0.47158962	0.4642442	-0.4536037	0.45115837	-0.43944415	0.4292419	0.5128653	0.4757558
-0.70275855	0.79432565	-0.77158403	-0.7341505	0.7103405	0.7195139	0.78060424	-0.73157084	-0.811344	-0.73129505	0.71645147	-0.78593874	0.7725125	-0.7187191	-0.741014	-0.73925155
-0.51586133	0.6031931	-0.6255678	-0.6197191	0.65969783	0.5615107	0.61143583	-0.54603064	-0.6025063	-0.61932445	0.6160821	-0.63986045	0.5579462	-0.5782502	-0.61081296	-0.6620824
0.12968022	-0.15827067	0.12405981	0.13037777	-0.0935203	-0.10923484	-0.095918454	0.118203975	0.15749985	0.14095895	-0.16161306	0.06927766	-0.16115043	0.10590132	0.102578774	0.14252108
0.5759102	-0.57795477	0.6058088	0.62235117	-0.65702677	-0.627351	-0.5910513	0.6421554	0.65493685	0.5798315	-0.56189936	0.6245252	-0.62743753	0.56124556	0.5558828	0.6604574
-0.6750989	0.68076843	-0.6826171	-0.70020807	0.6332911	0.64163375	0.59843373	-0.6141675	-0.6773306	-0.61630553	0.65228343	-0.66536415	0.639977	-0.63715416	-0.637166	-0.64302915
0.57206947	-0.6554748	0.60643566	0.591081	-0.6711392	-0.6023129	-0.6511789	0.55280095	0.65619427	0.6542685	-0.59034944	0.6493935	-0.5644679	0.66677207	0.5692543	0.6358473
0.5998186	-0.62184024	0.60602826	0.63970584	-0.6193302	-0.60711	-0.6074656	0.6459912	0.61495095	0.6544605	-0.59239984	0.6282068	-0.6168908	0.58374685	0.6522678	0.63075763
0.21481495	-0.13905199	0.22967036	0.20446734	-0.1391355	-0.19591168	-0.14089765	0.1887853	0.15994416	0.17778094	-0.16575845	0.17078085	-0.14555006	0.2085797	0.23761593	0.19306383
0.13457957	-0.13313277	0.1447985	0.11537004	-0.09139486	-0.1438763	-0.10355019	0.070682496	0.051538415	0.110560715	-0.065481864	0.13019134	-0.12606458	0.071973115	0.0904592	0.09272121
0.6000465	-0.6201056	0.68273807	0.64758825	-0.61572456	-0.58542895	-0.60395104	0.63389736	0.6562976	0.67849535	-0.6557724	0.6786408	-0.58901346	0.68308693	0.5958431	0.6846585
-0.04053905	0.047758803	-0.06987511	-0.07023278	0.0037587415	0.026588738	0.06199912	-0.07012833	-0.06944857	-0.070552595	0.0049995114	-0.06035794	0.047827072	-0.10085763	-0.06649952	-0.008408748
0.20639366	-0.17249122	0.2803601	0.18946932	-0.22993357	-0.24033512	-0.21907935	0.19522896	0.19221617	0.18649615	-0.24247326	0.23911923	-0.23400526	0.1658063	0.1815207	0.2597396
0.37847525	-0.328205	0.3507088	0.3030371	-0.32833907	-0.32722437	-0.3327166	0.27517167	0.33726427	0.33889169	-0.3016983	0.30716097	-0.26114547	0.29542536	0.36131117	0.33322495
-0.4765139	0.48918405	-0.522423	-0.4639312	0.5310313	0.51981115	0.48907107	-0.49792394	-0.5543553	-0.50273085	0.5228079	-0.56492543	0.4770979	-0.4952864	-0.46738824	-0.5017185
0.56259954	-0.6158617	0.568719	0.615931	-0.62153167	-0.58992547	-0.6160203	0.61119634	0.63015604	0.57967097	-0.55315316	0.62590957	-0.55952233	0.6300457	0.5581719	0.66569096
-0.49140692	0.5246963	-0.52741	-0.45273513	0.50647634	0.484158	0.5292734	-0.49036545	-0.47896692	-0.4557753	0.46769932	-0.54651	0.4969957	-0.4952702	-0.53621256	-0.5604277
-0.65607536	0.6416337	-0.6962898	-0.63017136	0.73612624	0.6857447	0.6899097	-0.64587384	-0.74033785	-0.72951204	0.6459194	-0.64724034	0.6221385	-0.73096	-0.7002379	-0.70517087
-0.14264739	0.109631784	-0.10631193	-0.114827864	0.14729483	0.1572279	0.13488628	-0.13828827	-0.10997053	-0.15387307	0.12723099	-0.11148415	0.18492645	-0.13914615	-0.1631226	-0.16828202
-0.70193917	0.7020989	-0.74689656	-0.68017644	0.7294811	0.69257027	0.7385557	-0.77686924	-0.79208285	-0.7077229	0.70226	-0.7414339	0.74586135	-0.78437454	-0.7698716	-0.76235235
0.06279244	-0.089024805	0.10533825	0.024406835	-0.07731145	-0.09718276	-0.09681941	0.12220737	0.106430806	0.061097767	-0.08797987	0.021943	-0.05153067	0.07762033	0.10388433	0.077036075
0.43477404	-0.47856766	0.41798902	0.46180123	-0.47514927	-0.43747708	-0.4351069	0.4575139	0.47720402	0.4252338	-0.48343548	0.48126435	-0.39313564	0.478731	0.44506493	0.4433097
0.63556015	-0.6753673	0.6616919	0.67625874	-0.6750252	-0.6202403	-0.633002	0.62406003	0.6614631	0.6910336	-0.63429934	0.6110096	-0.5930777	0.61155486	0.62382287	0.6939765
-0.5565874	0.58843344	-0.5845351	-0.6127652	0.628688	0.60505635	0.6496157	-0.63096696	-0.6132025	-0.626399	0.6511012	-0.6668308	0.6366901	-0.642353	-0.58493507	-0.62559247
-0.51995057	0.5277496	-0.49613816	-0.507501	0.59856755	0.57648015	0.5141823	-0.5631553	-0.562811	-0.53510904	0.5757415	-0.5166504	0.4999328	-0.5513218	-0.57481885	-0.54183733
-0.0997797	0.3000475	-0.2950162	-0.38296214	0.4228785	0.22993222	0.27967128	-0.38157263	-0.47582665	-0.34008154	0.37498578	-0.44882545	0.36928424	-0.3399236	-0.3627073	-0.49475315
0.3344255	-0.44459233	0.43672407	0.37808695	-0.45095024	-0.41062984	-0.38877058	0.43791878	0.5493831	0.4241925	-0.4351089	0.46255594	-0.353906	0.3984415	0.44560447	0.48685673
0.2862537	-0.33007103	0.32498616	0.39987406	-0.43591928	-0.37926528	-0.36283597	0.33899283	0.47448996	0.36266872	-0.42681682	0.42613772	-0.3665643	0.36296728	0.31478044	0.4323886
0.35007828	-0.39716402	0.44022045	0.44099563	-0.43486026	-0.35904673	-0.42949638	0.36554012	0.49536932	0.37345907	-0.42146444	0.42878154	-0.36416245	0.36568666	0.43758017	0.39788902
0.6343627	-0.66818464	0.68075657	0.5920012	-0.67055625	-0.66587865	-0.6657092	0.6514608	0.6799535	0.58742917	-0.6718773	0.6150933	-0.61942005	0.5950572	0.6776349	0.6288236
-0.32518774	0.2849427	-0.3513591	-0.28229636	0.27426812	0.34078437	0.3341004	-0.32104754	-0.3290259	-0.3548992	0.2614964	-0.28499374	0.3231811	-0.29347834	-0.3575364	-0.3011236
-0.020718604	0.35965317	-0.32624823	-0.31877378	0.4260581	0.18642196	0.26507244	-0.37479886	-0.52727115	-0.2824622	0.42810237	-0.47081715	0.3598898	-0.2835069	-0.31267595	-0.4775637
-0.03748936	-0.022557778	-0.033385787	-0.066208646	0.037364464	0.052318286	0.06550999	-0.12794791	-0.0210702	-0.003690502	-0.008573641	-0.031401657	0.090939544	-0.036940623	-0.081382185	-0.023501191
-0.5353313	0.59282744	-0.5999822	-0.55824155	0.62441516	0.5853181	0.5467034	-0.6259836	-0.67406136	-0.5899503	0.60692036	-0.5801654	0.5565724	-0.59765196	-0.55222905	-0.6385479
0.6273877	-0.6794739	0.73529446	0.614826	-0.669707	-0.66259944	-0.6834436	0.6286099	0.68970823	0.64794	-0.6979305	0.68172014	-0.6407585	0.64459	0.70553565	0.64979357
0.5744476	-0.65090966	0.65003645	0.64868057	-0.61584187	-0.654535	-0.57015854	0.6161178	0.64162034	0.667422	-0.6578069	0.63284975	-0.6216842	0.6337272	0.65384203	0.6332539
-0.11463501	0.10926887	-0.092551365	-0.08412068	0.17211722	0.16994704	0.15435873	-0.07821056	-0.11260381	-0.07889357	0.1300483	-0.17000207	0.12801248	-0.11337867	-0.1493184	-0.0829108
-0.5237866	0.50724256	-0.55673325	-0.49610233	0.5432913	0.5540271	0.5037093	-0.5020999	-0.60053927	-0.5590639	0.53916323	-0.55584645	0.56907254	-0.5578802	-0.53636086	-0.5645225
-0.62760824	0.59914875	-0.6054166	-0.5793837	0.61483747	0.56857246	0.60279983	-0.55948335	-0.5782134	-0.6203513	0.59889627	-0.5729258	0.5881707	-0.6288102	-0.5543224	-0.5758952
0.31999722	-0.33575097	0.2615977	0.30112877	-0.28031015	-0.363769	-0.29022914	0.31197563	0.35767305	0.35598394	-0.36624682	0.30108273	-0.2502736	0.31402662	0.301386	0.2959548
0.32448217	-0.41179988	0.36930227	0.3188586	-0.38072577	-0.34544432	-0.32161334	0.37147614	0.4013939	0.3618706	-0.40142703	0.3618781	-0.37491307	0.33296847	0.36216462	0.40183672
-0.017997589	0.15463302	-0.17135307	-0.20370822	0.19367516	0.08407606	0.09167659	-0.21029639	-0.26305735	-0.13257194	0.17950828	-0.19553675	0.10748579	-0.09062266	-0.13814978	-0.21644753
-0.12963934	0.11525756	-0.12776873	-0.140626	0.08355882	0.08266832	0.13526368	-0.087752745	-0.07464089	-0.08284329	0.11819334	-0.10555807	0.05108525	-0.12282531	-0.09040064	-0.123564206
-0.060007807	0.08144798	-0.098106906	-0.11269497	0.059574217	0.0641481	0.10810964	-0.052866075	-0.085118935	-0.038862348	0.062371407	-0.03771562	0.04098278	-0.037481885	-0.026146255	-0.08148047
-0.436854	0.53840476	-0.5474008	-0.52657366	0.56940365	0.45553628	0.4882928	-0.52532774	-0.5800428	-0.4793461	0.54838544	-0.5734124	0.47287178	-0.5466655	-0.4545774	-0.53892547
0.05137806	0.0022485396	0.040738925	0.033804968	0.011395988	-0.04629247	-0.08449035	0.09693341	0.042650018	0.080376565	-0.011492681	0.060730282	-0.020171791	0.015911438	0.05906321	0.024752872
0.22753908	-0.30466968	0.2564655	0.34964246	-0.30458418	-0.34734204	-0.28991926	0.25293013	0.34312934	0.32515723	-0.36423555	0.35395807	-0.3322456	0.32897997	0.2854404	0.37292293
-0.70765287	0.72605276	-0.7916256	-0.74979573	0.7222395	0.75399274	0.6931016	-0.7276733	-0.78193426	-0.71986645	0.72918826	-0.78998774	0.71629703	-0.726145	-0.7347212	-0.7962576
0.55146444	-0.6332271	0.6628291	0.54566145	-0.61032605	-0.624973	-0.5649337	0.62172496	0.6432334	0.5612962	-0.62916625	0.643616	-0.6244935	0.5596222	0.6095279	0.5854729
0.14293723	-0.18288457	0.19194518	0.19407736	-0.16885264	-0.13627434	-0.15574886	0.13204482	0.16157359	0.15319945	-0.1358215	0.19247521	-0.20312053	0.19372885	0.14842749	0.20841542
-0.5989916	0.65918684	-0.64769524	-0.6480581	0.6813109	0.60101116	0.6704548	-0.618552	-0.685326	-0.61911505	0.6348411	-0.6881236	0.60240227	-0.5959052	-0.6000015	-0.6585597
-0.5201068	0.5660152	-0.51877564	-0.5851566	0.5640348	0.5675309	0.5304497	-0.50989604	-0.5687198	-0.5359945	0.5374926	-0.5570065	0.57444924	-0.57756525	-0.502888	-0.60768706
-0.029509101	0.31406537	-0.29963434	-0.41603523	0.46447313	0.15281148	0.23766695	-0.3512307	-0.56737214	-0.30671692	0.4481224	-0.45892054	0.33505455	-0.3223855	-0.35263193	-0.49041328
0.42965338	-0.46881118	0.48167753	0.48446932	-0.43861148	-0.4790234	-0.44789454	0.40693963	0.4951475	0.5170256	-0.44369602	0.44153178	-0.45169017	0.46623406	0.5043338	0.47674444
-0.1287215	0.15690161	-0.20533954	-0.16142732	0.11087374	0.1429345	0.11729506	-0.1400058	-0.13021974	-0.09570581	0.18904316	-0.16427128	0.10906056	-0.1502744	-0.17530188	-0.15773332
0.60471225	-0.56147146	0.5479016	0.61559933	-0.59363496	-0.64206743	-0.60230654	0.6066374	0.5902833	0.625939	-0.58313286	0.6454815	-0.6366738	0.5604862	0.6072614	0.666646
0.42263797	-0.3966577	0.38933715	0.36763406	-0.41607678	-0.37732422	-0.4153422	0.38679132	0.44444287	0.37025872	-0.395179	0.43870926	-0.34350678	0.4205593	0.40238023	0.40532663
-0.40928864	0.54196763	-0.5301807	-0.5577799	0.57756114	0.46409026	0.46216518	-0.4939763	-0.5433905	-0.48871046	0.56983393	-0.48851892	0.5003246	-0.53600806	-0.51043177	-0.5839151
0.24323662	-0.28403986	0.25751114	0.2147678	-0.22113292	-0.23311962	-0.21611953	0.18809472	0.21399643	0.2477463	-0.20190644	0.25995904	-0.18565632	0.2811507	0.23840155	0.22589996
-0.45275286	0.45598984	-0.4377853	-0.42865095	0.45061392	0.45898	0.3732112	-0.3791903	-0.46312448	-0.4454103	0.37347564	-0.42895862	0.3591379	-0.37760463	-0.44529262	-0.38468245
-0.5816977	0.5849356	-0.6241861	-0.5574819	0.6264953	0.56480116	0.5677678	-0.5775665	-0.6312405	-0.64131933	0.55697787	-0.6464356	0.5690542	-0.6057082	-0.6321851	-0.59585696
-0.55258113	0.59863585	-0.6283878	-0.5422338	0.56255573	0.60199374	0.57242846	-0.5902216	-0.6025645	-0.5557342	0.55644643	-0.55759484	0.59182453	-0.6011997	-0.61138123	-0.60503453
-0.33488813	0.41140378	-0.49175018	-0.49635866	0.5203325	0.4202135	0.419222	-0.49944207	-0.5711144	-0.49353454	0.47156516	-0.48602393	0.46885017	-0.4923822	-0.4627547	-0.50833815
0.5208724	-0.51401156	0.5524286	0.46160305	-0.4796503	-0.5359028	-0.5281957	0.4848258	0.5392961	0.5257902	-0.50361395	0.5237417	-0.51796454	0.47058484	0.5376879	0.48464057
-0.5309627	0.6148683	-0.58232886	-0.5632126	0.5327544	0.5240966	0.55203295	-0.56624794	-0.62828636	-0.59399086	0.58144236	-0.542004	0.53015536	-0.55316514	-0.6042826	-0.6156633
0.4401476	-0.47093368	0.50854695	0.42149907	-0.48148605	-0.4358618	-0.41769025	0.49275753	0.49184924	0.4804998	-0.46013698	0.4353654	-0.39606336	0.48274344	0.48447928	0.5089288
-0.36998034	0.4334185	-0.5518034	-0.5337792	0.5316325	0.4174279	0.4161531	-0.5543691	-0.5623749	-0.5020505	0.4660368	-0.49190453	0.48844022	-0.49691692	-0.46870643	-0.5608871
-0.17025167	0.3828046	-0.43528894	-0.4395643	0.5049444	0.30419087	0.36202812	-0.50966483	-0.5978192	-0.39979368	0.4753168	-0.46906468	0.48082557	-0.4426624	-0.4028687	-0.583515
0.7221002	-0.6873902	0.7448392	0.7751033	-0.7891216	-0.74634045	-0.6921724	0.71755487	0.76853395	0.7376123	-0.71168387	0.7563693	-0.67411596	0.69998896	0.7334197	0.7512591
0.48721835	-0.53710175	0.54167914	0.5235716	-0.5798722	-0.51040584	-0.531248	0.4561614	0.5177271	0.5137297	-0.5262031	0.5739342	-0.54611266	0.5555927	0.5150408	0.5135747
0.40196174	-0.3365415	0.40588397	0.34764305	-0.37657028	-0.35785148	-0.3639222	0.36397073	0.28995863	0.32259026	-0.36657748	0.35244906	-0.2955073	0.3420307	0.36900273	0.35071006
-0.23501523	0.26840103	-0.20980042	-0.23808381	0.26717907	0.21043192	0.21604492	-0.24136266	-0.2232289	-0.22482064	0.27750894	-0.25393268	0.27653497	-0.19742122	-0.25222582	-0.19527642
0.030685194	-0.020875009	0.04476107	0.0468046	-0.010354302	0.029724775	0.00655977	0.0035211293	0.0037333916	0.026668495	-0.058250166	-0.034035135	-0.047306933	-0.023866931	-0.02131467	-0.015313381
-0.2966141	0.44518396	-0.4487983	-0.4166994	0.38311437	0.3796177	0.3755608	-0.42111257	-0.4643536	-0.44659996	0.4183984	-0.41729796	0.41429996	-0.41242188	-0.4080515	-0.40460405
-0.631466	0.70962626	-0.6335404	-0.6442942	0.6786035	0.6453977	0.6633671	-0.6517525	-0.65775704	-0.67591494	0.6532214	-0.683103	0.69213325	-0.6233735	-0.6721415	-0.64268875
-0.3869246	0.40809327	-0.49180478	-0.468406	0.48553446	0.41576612	0.45101193	-0.47579464	-0.5464854	-0.46215376	0.49371988	-0.46064863	0.47947627	-0.45809317	-0.45060644	-0.4693407
-0.054973178	0.10517368	-0.115307786	-0.10993467	0.099626906	0.05464045	0.09613078	-0.056575134	-0.13216743	-0.1055282	0.15234733	-0.08648327	0.08369059	-0.117350936	-0.088068865	-0.11429604
0.5200364	-0.49476168	0.49503863	0.48277357	-0.5423905	-0.5565962	-0.4804744	0.5547458	0.55593663	0.49189234	-0.50805664	0.5027696	-0.5531066	0.5691978	0.4974649	0.5224072
-0.65843856	0.72249013	-0.71723753	-0.6970919	0.71885735	0.72357774	0.7219424	-0.7081808	-0.7125387	-0.7253083	0.6852439	-0.669849	0.6843378	-0.726464	-0.67862296	-0.69082725
0.035903104	0.042498462	0.023135202	-0.04796209	-0.021700386	0.024737734	0.0022140048	0.010866715	-0.003835008	-0.06386412	0.052218433	-0.071370006	-0.016595347	-0.06787016	0.011719079	-0.0056002038
0.39811054	-0.49447408	0.53054124	0.530197	-0.47375736	-0.52841127	-0.505591	0.4806308	0.5380072	0.54261947	-0.4650926	0.515417	-0.49108338	0.4989047	0.50256556	0.5259064
0.49965256	-0.5298358	0.51213	0.5542344	-0.5515667	-0.55799216	-0.5642045	0.51749426	0.5620596	0.5097327	-0.58324295	0.5428957	-0.52859	0.52732646	0.5175594	0.5894874
0.46537894	-0.37652275	0.47618452	0.39010727	-0.3594438	-0.37166062	-0.38747668	0.41518664	0.45135042	0.3820944	-0.36434343	0.41535518	-0.36853573	0.43083417	0.3685852	0.43896407
-0.5794781	0.6018777	-0.6681393	-0.6229082	0.6689184	0.6481831	0.66253394	-0.62533164	-0.7060385	-0.62323123	0.6384926	-0.5951844	0.6021142	-0.6747195	-0.66754895	-0.66361827
0.16414106	-0.0035408158	-0.020347347	0.007839482	0.05942547	-0.06852056	-0.048822533	-0.008160963	-0.116053075	0.066149585	0.08764434	-0.04022913	0.011319179	0.058271542	0.03338296	-0.04561967
-0.7642281	0.7601876	-0.7863433	-0.75444096	0.8314974	0.75544035	0.7502504	-0.72746927	-0.8161622	-0.74364734	0.8340018	-0.78018194	0.809515	-0.7755715	-0.8122161	-0.80741435
-0.54194057	0.5861941	-0.59701437	-0.5773617	0.573806	0.61604726	0.5972215	-0.57638836	-0.6035491	-0.5480229	0.5961804	-0.61729664	0.5857914	-0.5923077	-0.5910013	-0.5606789
0.10200617	-0.05760463	0.11374496	0.07029607	-0.11585074	-0.046448328	-0.040336054	0.11158204	0.12517221	0.11423448	-0.042336706	0.040695243	-0.07750238	0.07284976	0.09892482	0.08695406
-0.21061112	0.1784147	-0.20821057	-0.19791633	0.1990059	0.22824454	0.23303145	-0.21416436	-0.20982863	-0.22946145	0.2524672	-0.19832723	0.21446595	-0.25021845	-0.19112498	-0.22290824
0.19379263	-0.15653643	0.15561149	0.1371768	-0.15446848	-0.19719802	-0.13522825	0.12726791	0.19394192	0.20389478	-0.17334831	0.13997951	-0.16248375	0.117651924	0.1234238	0.22102731
-0.49575087	0.4979532	-0.5569102	-0.5514205	0.58578306	0.49949837	0.5427297	-0.55254745	-0.55061585	-0.56251407	0.54286444	-0.4886139	0.57070464	-0.51390904	-0.5155395	-0.60080904
0.38042238	-0.37081054	0.45207062	0.37992224	-0.41894567	-0.4082522	-0.36531648	0.40073156	0.4307767	0.44012296	-0.3881737	0.39831474	-0.35566142	0.38767627	0.37384206	0.37868857
-0.37568843	0.53756154	-0.5164915	-0.4824807	0.5672427	0.51349044	0.48101333	-0.49542618	-0.53758216	-0.48401493	0.5128688	-0.52496207	0.5286477	-0.53545755	-0.47628507	-0.5309354
-0.5783172	0.569013	-0.66854453	-0.6015632	0.56001407	0.58060277	0.5542771	-0.5375759	-0.67939425	-0.53470564	0.63198495	-0.5730221	0.5486225	-0.5935646	-0.53615975	-0.6295122
-0.42568913	0.49410233	-0.55429304	-0.4716688	0.5302895	0.4646779	0.50862736	-0.53183377	-0.52959275	-0.47622517	0.49070567	-0.48812285	0.4791934	-0.50902563	-0.4940254	-0.5251973
-0.5431728	0.53066915	-0.5335641	-0.589127	0.5516197	0.5312612	0.59978	-0.5409493	-0.60675335	-0.6087002	0.569094	-0.6160323	0.59725446	-0.5700668	-0.5530676	-0.5843622
0.40189505	-0.49170712	0.446561	0.48263368	-0.46540087	-0.49415934	-0.45565277	0.411075	0.5076701	0.48910496	-0.5018108	0.4958449	-0.42247963	0.4767722	0.4511554	0.447837
0.28004253	-0.285267	0.3829584	0.2897009	-0.3227673	-0.29752147	-0.2586023	0.2657777	0.32308313	0.2596183	-0.305332	0.27884355	-0.2810413	0.29644778	0.28580475	0.35207736
0.6107278	-0.63193303	0.61285347	0.6405886	-0.6962884	-0.6382127	-0.6747007	0.6688597	0.664817	0.6266643	-0.63481873	0.66796494	-0.66262096	0.67533416	0.6793139	0.7201525
0.5963955	-0.6999768	0.7151863	0.6242201	-0.63503444	-0.6481679	-0.63639724	0.6553772	0.6596671	0.65104896	-0.7033932	0.6648018	-0.66836005	0.67746246	0.6674957	0.6821365
0.27025476	-0.37516713	0.33874193	0.4401415	-0.3961908	-0.36516908	-0.33988112	0.34304878	0.51394886	0.36458594	-0.41477785	0.44693854	-0.41572356	0.41298246	0.3756919	0.47495416
-0.59805745	0.6417254	-0.6730511	-0.5814539	0.6168436	0.6413115	0.6306441	-0.6123984	-0.636233	-0.618659	0.5919357	-0.62378186	0.6323339	-0.65661395	-0.6646855	-0.65986305
-0.3970222	0.4525561	-0.38667208	-0.39036885	0.42229736	0.3711896	0.38958073	-0.42366698	-0.47478226	-0.46184555	0.43885484	-0.42767823	0.41158116	-0.43440616	-0.47486854	-0.43036744
-0.55536085	0.5651666	-0.64700806	-0.61248934	0.60344875	0.60402954	0.60918015	-0.5649008	-0.6824599	-0.6573542	0.6276234	-0.64905226	0.6344906	-0.63012666	-0.65640235	-0.5887568
0.12866512	-0.28980908	0.19096668	0.27596208	-0.27569705	-0.22448663	-0.25836962	0.2515882	0.40140516	0.25584978	-0.28624684	0.28405046	-0.21817423	0.2302804	0.266722	0.37299332
0.03930933	-0.08143663	0.028331777	0.11418701	-0.07763511	-0.12976693	-0.06447307	0.026212627	0.117514566	0.07877153	-0.09347397	0.1448193	-0.074678026	0.07348842	0.054933235	0.13073996
0.5189792	-0.540823	0.47661877	0.46152765	-0.5257942	-0.46125808	-0.49248418	0.53347534	0.5686495	0.52232546	-0.55081445	0.5449186	-0.4782379	0.53775734	0.54044795	0.5745683
0.1169931	-0.24896914	0.20975569	0.20912075	-0.25768787	-0.19908652	-0.2344752	0.1689762	0.33590978	0.24267825	-0.28595468	0.3166964	-0.18411627	0.19694889	0.17470552	0.2661317
-0.55423087	0.6437007	-0.59642965	-0.59427464	0.66746724	0.5765669	0.6213589	-0.6459069	-0.6087679	-0.59352565	0.59237844	-0.59701866	0.6365701	-0.5791964	-0.64522845	-0.60897815
-0.58535063	0.68527037	-0.70011854	-0.6159556	0.6512559	0.62797564	0.65153825	-0.66804093	-0.6776127	-0.6388607	0.70018154	-0.69662005	0.6634857	-0.62820953	-0.61942816	-0.6883442
-0.19471182	0.3983506	-0.41733453	-0.35750446	0.43009606	0.33904812	0.29040363	-0.46695402	-0.5370929	-0.37354413	0.47861248	-0.4193726	0.3763455	-0.41047487	-0.4107773	-0.44287977
0.6541593	-0.6478133	0.61880225	0.63356495	-0.66124195	-0.6483589	-0.58382964	0.6305592	0.6886645	0.6761408	-0.63890296	0.5975492	-0.5771924	0.5961161	0.6752446	0.6372044
0.08401558	0.14331383	-0.18768387	-0.2520014	0.18591423	0.10827454	0.10169048	-0.21954641	-0.20517965	-0.17677116	0.18833913	-0.23773463	0.2261347	-0.18063451	-0.16806233	-0.19993605
-0.013980628	0.010816256	0.044159576	0.0005822223	-0.00047034596	-0.0069002374	0.02070581	-0.02264641	0.034421977	0.06717887	0.023861503	0.0546863	-0.031723756	0.0705658	0.03169688	0.052089933
-0.0044923835	-0.03759021	-0.014939075	-0.005757846	-0.008914583	-0.0057663987	0.004747954	-0.005035157	0.014238061	0.018300615	-0.018820329	-0.0040596155	-0.06593085	-0.007580778	-0.01088286	0.0422911
-0.7499042	0.75922173	-0.7559953	-0.7541951	0.82070625	0.73881793	0.7245559	-0.7799831	-0.8184359	-0.74572605	0.74074805	-0.75195634	0.7913793	-0.72186947	-0.8063468	-0.8181581
-0.32666206	0.31907824	-0.36100104	-0.31061295	0.31296593	0.30801433	0.24926786	-0.3281644	-0.33421227	-0.29750624	0.3443815	-0.33153275	0.33062878	-0.26292664	-0.27220178	-0.34763852
-0.5203645	0.5329162	-0.5777338	-0.49097142	0.52095115	0.5372053	0.5743754	-0.5296402	-0.5429268	-0.5857083	0.5654212	-0.5578203	0.52106404	-0.5272343	-0.50613225	-0.5735692
-0.08763407	0.4692993	-0.4826298	-0.4556155	0.488622	0.36705884	0.38264242	-0.48107576	-0.5506457	-0.40194342	0.47128215	-0.5044504	0.46150708	-0.37694573	-0.40861675	-0.52283955
0.23837592	-0.27940726	0.28926924	0.27686357	-0.23262912	-0.23141009	-0.21554188	0.24615864	0.25092703	0.26626614	-0.21366139	0.29123822	-0.2147255	0.29414183	0.2891106	0.21936704
0.25439397	-0.40062532	0.38434148	0.39210668	-0.37823993	-0.37543583	-0.34440917	0.30894187	0.47998536	0.4181093	-0.42894575	0.39440987	-0.36415452	0.415338	0.34337732	0.48293704
0.33953902	-0.41009802	0.31128177	0.39053422	-0.42602044	-0.38366842	-0.37259895	0.36506054	0.48565382	0.38850707	-0.45043892	0.44600666	-0.32141837	0.35169393	0.3712845	0.4746852
0.19923556	-0.20297527	0.19018053	0.18769756	-0.18818419	-0.19978464	-0.19609499	0.17416039	0.32375166	0.2545521	-0.21285568	0.19438544	-0.17475	0.1621669	0.23554054	0.3001202
-0.26429987	0.4849749	-0.53306687	-0.46696332	0.586872	0.36438388	0.3640373	-0.5477783	-0.5647938	-0.4577674	0.5106998	-0.5373921	0.4858764	-0.4631928	-0.4705023	-0.59897655
-0.29000896	0.4457215	-0.5454014	-0.5373345	0.52545464	0.35008836	0.3837478	-0.47912502	-0.60141385	-0.41783836	0.5170602	-0.5693625	0.535373	-0.45791456	-0.45758137	-0.5821489
-0.2699634	0.21109584	-0.29321757	-0.2072794	0.2717299	0.24980305	0.21395048	-0.28473914	-0.24847795	-0.22426699	0.21454915	-0.18692046	0.1895854	-0.19304466	-0.21281815	-0.2706717
0.5571616	-0.6036408	0.58730835	0.5857613	-0.6148	-0.5775247	-0.5582667	0.51912975	0.5679417	0.61174095	-0.59822667	0.538212	-0.5646371	0.6043055	0.55822474	0.5870132
-0.2930741	0.44996253	-0.51361215	-0.506753	0.48603866	0.5000497	0.48067325	-0.54650635	-0.59936494	-0.4466473	0.47778323	-0.53048235	0.5066068	-0.43659627	-0.4443079	-0.5425409
0.4882683	-0.4291323	0.49765518	0.3754211	-0.40315756	-0.4725594	-0.3939193	0.4606787	0.44323823	0.40364677	-0.4595708	0.39711702	-0.44048628	0.4715718	0.46355915	0.48345
0.16321017	-0.22647433	0.15465312	0.20001532	-0.21427573	-0.21934523	-0.17668863	0.21484266	0.20810598	0.20955095	-0.19547777	0.17432198	-0.21404272	0.16635162	0.23241393	0.23640448
-0.12304331	0.3622285	-0.38996547	-0.42897055	0.5046766	0.24912557	0.35855544	-0.51099014	-0.5824922	-0.43360165	0.4645467	-0.48671734	0.4482975	-0.44494173	-0.44222438	-0.5380693
-0.56870043	0.64449304	-0.6021542	-0.5937556	0.6547306	0.5833611	0.62802243	-0.6011972	-0.656968	-0.5894541	0.6156807	-0.6572267	0.58117664	-0.5825147	-0.6237008	-0.6779406
-0.5734486	0.61117715	-0.666588	-0.57204384	0.6309245	0.6264399	0.59595287	-0.63335425	-0.6382996	-0.6443571	0.589968	-0.6434884	0.6198633	-0.60421294	-0.62199914	-0.5992393
-0.41740704	0.33746052	-0.41472694	-0.40200946	0.3708664	0.3977418	0.34329987	-0.4209501	-0.36210862	-0.39167947	0.361002	-0.3908527	0.36473888	-0.38519114	-0.40568173	-0.40513012
-0.019444117	0.15626343	-0.17563468	-0.17814636	0.2940477	0.10728888	0.11820188	-0.2715369	-0.2969299	-0.1359028	0.2821511	-0.24688143	0.19373599	-0.20643072	-0.22851436	-0.30573726
0.3140538	-0.3845706	0.40230775	0.42936894	-0.4736488	-0.4550304	-0.43943736	0.36227643	0.49846286	0.39326018	-0.46107286	0.50138766	-0.39797106	0.40282473	0.45259824	0.4889856
-0.3476811	0.32922512	-0.3665756	-0.31109846	0.32627818	0.33532405	0.35820332	-0.3725468	-0.350345	-0.37027055	0.33361492	-0.33932552	0.37981877	-0.31020468	-0.36885893	-0.34735215
-0.39227596	0.43209648	-0.46914443	-0.50960726	0.5043872	0.48220074	0.47845247	-0.4312105	-0.48112258	-0.45023477	0.519271	-0.46634156	0.4955117	-0.4187522	-0.49258295	-0.4740356
-0.60528135	0.6163843	-0.5797118	-0.5867532	0.5815474	0.6119448	0.53808594	-0.602736	-0.57932377	-0.59319717	0.62636924	-0.6231326	0.60590255	-0.5971731	-0.5621254	-0.64908874
0.28101993	-0.38434306	0.31000158	0.34892517	-0.4165646	-0.27844098	-0.27711183	0.32623595	0.45306596	0.36840755	-0.33884805	0.3907972	-0.26854116	0.3560301	0.29649872	0.44196868
0.29177943	-0.27094397	0.35168022	0.2927768	-0.2723005	-0.33237794	-0.29625136	0.2999255	0.2873844	0.28049284	-0.31781098	0.32747942	-0.29096594	0.304464	0.3106146	0.26060548
0.32497412	-0.34721255	0.37325224	0.30212793	-0.33071524	-0.27537078	-0.33719268	0.36189297	0.39707342	0.37973884	-0.2879048	0.30400282	-0.30924752	0.2999809	0.34896454	0.3383109
-0.03654381	0.34608075	-0.32774094	-0.36765566	0.39523458	0.24613881	0.27392069	-0.37605485	-0.50923586	-0.32569373	0.4213656	-0.39937508	0.39961803	-0.33284047	-0.31861848	-0.490584
0.21200079	-0.15722817	0.1343061	0.1308545	-0.2169592	-0.17778018	-0.22497477	0.08520908	0.20238893	0.21789937	-0.16097455	0.13623586	-0.14398758	0.23128316	0.1493017	0.22385593
-0.14405869	0.33794686	-0.33492666	-0.37560928	0.3475575	0.26548544	0.29919896	-0.32357034	-0.39067817	-0.35199985	0.38737157	-0.3532081	0.37273288	-0.28624585	-0.36312842	-0.35198104
0.18589438	-0.16925487	0.2123303	0.15212636	-0.18193583	-0.24048872	-0.16163792	0.22834541	0.2139444	0.1984141	-0.18788797	0.16679257	-0.15257223	0.1510751	0.22228086	0.21033843
-0.002960233	0.20012553	-0.26916257	-0.28378668	0.34551844	0.08285781	0.14598925	-0.34752864	-0.4213213	-0.22713692	0.27836835	-0.38756093	0.31398407	-0.2307809	-0.24966455	-0.36763266
-0.14931618	0.34212667	-0.3390782	-0.35697237	0.48846206	0.28193355	0.28419933	-0.419807	-0.4960002	-0.32604504	0.38697487	-0.4475659	0.4347908	-0.39877555	-0.37427044	-0.48507234
-0.2896092	0.23731785	-0.22712556	-0.25865614	0.2718671	0.30911806	0.2918249	-0.2602397	-0.28661492	-0.29482985	0.2429844	-0.27694836	0.30943853	-0.23788768	-0.25236574	-0.32565933
-0.5853661	0.6179431	-0.6262022	-0.6233813	0.63326657	0.5954346	0.62928444	-0.6077594	-0.6982261	-0.5937708	0.6203553	-0.59702	0.62773526	-0.58109885	-0.64988023	-0.61048263
0.030853515	-0.099190995	-0.045644227	0.01182891	-0.031709615	-0.08762914	-0.08628333	0.0062912097	0.0006708635	0.054524135	-0.064687245	-0.012275462	0.031431675	0.019936385	0.03466597	0.009354466
-0.0590707	0.3653831	-0.2960653	-0.37698203	0.46572164	0.20018892	0.22066435	-0.35239437	-0.50495255	-0.31954217	0.41226527	-0.43713307	0.35387507	-0.36877474	-0.34886968	-0.5258068
0.671477	-0.7250076	0.64863515	0.6503392	-0.69160014	-0.7339371	-0.66536486	0.692831	0.67403144	0.7326777	-0.70130616	0.71765244	-0.7013304	0.71954757	0.712266	0.66709733
-0.33520967	0.37683824	-0.3512359	-0.38364488	0.38011324	0.32818273	0.33808112	-0.3916957	-0.33008417	-0.3919327	0.36769426	-0.34215322	0.32704988	-0.37052256	-0.36777472	-0.41474116
-0.5244686	0.538981	-0.5641738	-0.5599279	0.5607559	0.5542432	0.48768815	-0.5061382	-0.6138448	-0.48875985	0.5628641	-0.5354973	0.5606725	-0.5329593	-0.48959294	-0.5974795
0.027536942	0.0839662	-0.18543318	-0.15760803	0.22904792	0.08608897	0.058303095	-0.19142802	-0.17426474	-0.13979669	0.22172001	-0.17827097	0.1747047	-0.08517068	-0.14855978	-0.20916851
-0.4485485	0.45022348	-0.5144692	-0.4233241	0.44895425	0.42101312	0.48755214	-0.4906212	-0.53160757	-0.5027681	0.50906116	-0.48104587	0.4549576	-0.48531103	-0.47205484	-0.5126189
-0.4858111	0.4936852	-0.51561916	-0.54590595	0.5199303	0.49614835	0.5251357	-0.472613	-0.4670622	-0.543435	0.53517	-0.46081024	0.50866586	-0.49751738	-0.55681175	-0.4884119
0.25521496	-0.2946977	0.27835795	0.27243048	-0.31179577	-0.30006066	-0.21576494	0.28327563	0.25493175	0.3027323	-0.28953987	0.2860762	-0.25041	0.30576208	0.24711671	0.31354538
0.4888402	-0.5083636	0.51230645	0.5004973	-0.55433	-0.5078457	-0.50896794	0.56587505	0.58559984	0.5670528	-0.57322866	0.5110643	-0.5515341	0.55349416	0.5410291	0.5812739
0.48574376	-0.51156396	0.5019383	0.56120723	-0.5731276	-0.55050254	-0.4922439	0.50744176	0.5743818	0.56055415	-0.56247216	0.5961245	-0.5694821	0.49657992	0.5278715	0.60793424
0.056106463	-0.073882	0.111221105	0.10744305	-0.15285954	-0.032920364	-0.1389413	0.050789084	0.1250117	0.13097297	-0.07616174	0.12529236	-0.080782466	0.12524007	0.06767819	0.10088246
0.5104601	-0.5099859	0.5142688	0.5310406	-0.48358053	-0.5583772	-0.48978204	0.44900048	0.52669984	0.53912187	-0.54090065	0.48755744	-0.46398535	0.5046091	0.49624273	0.5436961
-0.56216687	0.57270885	-0.6326809	-0.5922567	0.65826344	0.6260789	0.6278564	-0.5925349	-0.5876503	-0.6464139	0.56056297	-0.61560386	0.57092625	-0.6306272	-0.57974494	-0.66721696
-0.54749244	0.5792317	-0.54615664	-0.54958254	0.5383623	0.51994914	0.529092	-0.50730556	-0.51511955	-0.5884223	0.53416836	-0.5101578	0.5301767	-0.49880132	-0.50869215	-0.6047895
0.4089426	-0.5083167	0.49924734	0.51759446	-0.47707292	-0.44437796	-0.49845144	0.48525605	0.49255484	0.45433655	-0.437961	0.54079187	-0.44174105	0.5091266	0.49036458	0.4725723
-0.500023	0.56714803	-0.5527075	-0.5431818	0.60645187	0.5215174	0.5749033	-0.5475961	-0.61952305	-0.56385225	0.5636122	-0.5728467	0.5811364	-0.561374	-0.5334574	-0.6191635
0.6153126	-0.68218106	0.6790446	0.7120035	-0.6518365	-0.63636535	-0.6804563	0.7186564	0.7133121	0.66102815	-0.69295514	0.70276886	-0.66804665	0.6693703	0.63565373	0.72403616
0.49924752	-0.5730609	0.56772935	0.49323568	-0.5404517	-0.49632904	-0.4888751	0.50350606	0.5149631	0.5461739	-0.5398441	0.49722162	-0.4883052	0.49132603	0.548965	0.5176335
-0.28049228	0.25396574	-0.35261545	-0.27157745	0.33125225	0.28375793	0.26101208	-0.32378578	-0.32683906	-0.34689456	0.26308146	-0.31942275	0.29796937	-0.29218826	-0.33834806	-0.26723966
-0.49297276	0.5299652	-0.51800704	-0.5639985	0.5649912	0.51346636	0.5131512	-0.5808532	-0.5526159	-0.5534857	0.5468126	-0.5676528	0.5448975	-0.5210552	-0.54793984	-0.5384481
0.2873059	-0.30472186	0.3948429	0.34614503	-0.30559593	-0.33133644	-0.35394523	0.362587	0.32785776	0.3750039	-0.39425555	0.34664214	-0.33354428	0.3383077	0.30683136	0.34703526
-0.25493243	0.267616	-0.28768256	-0.30550143	0.31148627	0.275939	0.3251318	-0.2756853	-0.29928347	-0.24169783	0.2572428	-0.27417955	0.25177234	-0.3053421	-0.26057556	-0.2648999
0.6026993	-0.57439077	0.5487015	0.57441956	-0.54301375	-0.5682314	-0.61891687	0.5679052	0.6258445	0.54227674	-0.58055377	0.5560482	-0.56310827	0.61367905	0.63200736	0.6143195
0.008976959	0.33738685	-0.3158369	-0.35862222	0.4641006	0.17880958	0.19398391	-0.37242046	-0.48506692	-0.27674806	0.40557122	-0.40038195	0.35038063	-0.30389243	-0.27069747	-0.49041498
0.6542952	-0.6668471	0.6972539	0.67954934	-0.64486015	-0.686522	-0.6565147	0.6852849	0.6503785	0.69549507	-0.7171438	0.67528856	-0.6431603	0.6440303	0.6369595	0.643225
-0.6504733	0.6012094	-0.69087726	-0.6244886	0.65584385	0.6223568	0.66685534	-0.64398354	-0.68995225	-0.6656647	0.6888213	-0.6227229	0.6648832	-0.6220096	-0.6150591	-0.70033306
-0.45815852	0.45990515	-0.51640373	-0.5016481	0.5221377	0.52578497	0.46720433	-0.49688506	-0.4796245	-0.51495904	0.5274113	-0.47153592	0.52854985	-0.5335152	-0.5230365	-0.5432823
0.72984475	-0.76414794	0.7493721	0.7020144	-0.76716	-0.7026985	-0.7479128	0.723807	0.7499387	0.7940581	-0.73296136	0.756199	-0.780467	0.7207806	0.7360159	0.7500384
-0.3943503	0.44936827	-0.47409084	-0.40211302	0.4014993	0.3833752	0.4086883	-0.45364	-0.38120493	-0.39761096	0.42550665	-0.36913314	0.40721238	-0.41221833	-0.41244587	-0.47336856
-0.32760435	0.5054826	-0.47372913	-0.49812663	0.47701684	0.5118945	0.46761644	-0.50464666	-0.54657805	-0.5117108	0.55811894	-0.50109285	0.50927675	-0.50359344	-0.50017005	-0.5497107
0.3677604	-0.5118515	0.5060823	0.48025006	-0.5075154	-0.5166974	-0.5097455	0.4030767	0.5517701	0.50229144	-0.45393762	0.51762336	-0.5067157	0.42831993	0.4380653	0.46232504
-0.43364137	0.572128	-0.5679504	-0.55514485	0.5715719	0.552053	0.54401183	-0.51172143	-0.54063016	-0.5526865	0.511686	-0.5347566	0.5035023	-0.51731616	-0.5118347	-0.5910495
-0.4676838	0.40709287	-0.4456614	-0.416017	0.48028293	0.42448637	0.4377908	-0.4537671	-0.46002153	-0.42685422	0.3949775	-0.39667556	0.38190585	-0.45372882	-0.42025653	-0.467791
0.053047348	-0.025376506	0.12879814	0.024719747	-0.08641495	-0.0809096	-0.06526992	0.093901165	0.08874215	0.063367136	-0.12392965	0.0640973	-0.048488464	0.08646167	0.054469675	0.032919217
0.40987188	-0.41828364	0.42629296	0.427288	-0.42700207	-0.4199579	-0.39899006	0.42917022	0.4254911	0.42534798	-0.39612392	0.412656	-0.41586253	0.41354388	0.48075312	0.43361366
-0.35854843	0.31117478	-0.31592563	-0.33749425	0.29754943	0.31020436	0.28203416	-0.32803875	-0.33947247	-0.3480155	0.3362436	-0.37245157	0.3532196	-0.34511802	-0.30770695	-0.36871472
-0.66790783	0.7221736	-0.6621318	-0.6641457	0.68893385	0.69843704	0.7266403	-0.6794976	-0.76013863	-0.72182953	0.68317145	-0.72818214	0.6612406	-0.69776076	-0.71268374	-0.6895043
-0.6969063	0.66217434	-0.6775733	-0.6135126	0.643005	0.67094857	0.71254694	-0.63654363	-0.6687408	-0.62613803	0.63266754	-0.68982154	0.6792834	-0.6849325	-0.66251636	-0.68141675
0.133957	-0.24603662	0.1956039	0.20766875	-0.24283518	-0.22544043	-0.20563135	0.1810971	0.2869483	0.20997213	-0.24380663	0.23413773	-0.22273892	0.19052093	0.1760684	0.25927484
0.09393966	-0.10125617	0.116364315	0.0940443	-0.095408104	-0.17009266	-0.15606827	0.065173775	0.15555984	0.12271619	-0.10257336	0.10518359	-0.0683364	0.17589888	0.113835804	0.16043156
0.1263173	-0.14332421	0.14182101	0.117121786	-0.16006641	-0.20980659	-0.14819366	0.16021246	0.23197073	0.21185456	-0.17466205	0.1706025	-0.15230143	0.23375073	0.21769327	0.18209982
-0.18671636	0.2056123	-0.2331133	-0.25708348	0.2336274	0.15814988	0.22612709	-0.24191321	-0.26970094	-0.20292579	0.24559595	-0.26380047	0.21966791	-0.21252994	-0.24880166	-0.2757159
-0.4689059	0.52422184	-0.44431418	-0.49363726	0.5647709	0.5381656	0.5110971	-0.52033734	-0.5130319	-0.4951707	0.5101995	-0.5711001	0.52148426	-0.5665757	-0.5605129	-0.5057475
0.73138297	-0.72452754	0.7183004	0.6789848	-0.6732317	-0.696355	-0.70295763	0.65937096	0.74019575	0.71631265	-0.66328686	0.7047561	-0.6892071	0.7170248	0.6706374	0.6910178
0.6275139	-0.67093647	0.6266334	0.6540159	-0.66835356	-0.6183544	-0.70422167	0.66496325	0.66181356	0.6749019	-0.63070196	0.66369045	-0.68411326	0.70051664	0.6954092	0.68358046
0.31189093	-0.3026077	0.29928774	0.32950315	-0.31670123	-0.33292958	-0.376314	0.36202222	0.4000051	0.3675784	-0.29341486	0.33903703	-0.33114526	0.37580478	0.32721972	0.39134207
-0.44739932	0.53089464	-0.654428	-0.5135197	0.59729815	0.57699436	0.5170006	-0.52412933	-0.6338494	-0.5187266	0.51315254	-0.5804822	0.5473742	-0.5727632	-0.58161527	-0.5969903
0.18055223	-0.111579865	0.043805778	0.0007490102	-0.054916188	-0.12424817	-0.13886477	0.035122883	0.037743837	0.10181897	-0.03555758	0.005123051	-0.05605969	0.08711817	0.09379047	0.060732313
0.5796908	-0.60181826	0.62899655	0.6013654	-0.5896508	-0.5999586	-0.56740355	0.56305295	0.6443497	0.6302246	-0.62144476	0.6371763	-0.54024565	0.62011874	0.58222395	0.59214866
0.34013003	-0.39294967	0.41399	0.37279317	-0.3279928	-0.3765429	-0.33598325	0.34111416	0.38423064	0.4071139	-0.36135456	0.39981046	-0.39725858	0.42096746	0.3960226	0.38656288
-0.5741863	0.6301532	-0.641893	-0.5992816	0.61820555	0.54724574	0.62858427	-0.6299938	-0.64733934	-0.5652129	0.59512603	-0.5772095	0.57398415	-0.59803927	-0.6119814	-0.65161383
0.11387646	-0.042361084	0.04692772	-0.0006548684	-0.07078997	-0.09311164	-0.024967564	0.08585845	0.061470844	0.098565236	-0.07784138	0.040861566	-0.08853174	0.05076862	0.06714608	0.026659066
0.69117403	-0.66953355	0.714511	0.7417742	-0.6818147	-0.74518687	-0.7251297	0.6821297	0.7070945	0.7003672	-0.752666	0.71384656	-0.67542434	0.7152564	0.6679594	0.7916427
0.7495252	-0.72591823	0.71499145	0.7077107	-0.7204919	-0.6742453	-0.7100903	0.6866757	0.7647053	0.7525043	-0.75648266	0.74926305	-0.7036797	0.7541346	0.6734249	0.7808973
-0.30143	0.38108113	-0.41776702	-0.40663904	0.42919308	0.3426273	0.36071497	-0.41492078	-0.4697597	-0.42174125	0.41228014	-0.4205223	0.3378819	-0.362997	-0.36902785	-0.38891342
-0.4112432	0.49195158	-0.4379271	-0.4785218	0.51781017	0.42579198	0.46559444	-0.4169809	-0.5210793	-0.4696856	0.44302762	-0.44284624	0.43630427	-0.45694953	-0.42863494	-0.52201223
0.48611686	-0.5835916	0.5727809	0.5753946	-0.5790497	-0.5204788	-0.5159998	0.57448536	0.56679094	0.6070995	-0.543929	0.5218982	-0.5469768	0.6035028	0.5862848	0.5757445
0.17673293	-0.25933132	0.25377053	0.23302604	-0.35600162	-0.26656052	-0.30976042	0.30913663	0.45484328	0.2480407	-0.32700923	0.29891655	-0.30110747	0.26633397	0.29602176	0.33989516
-0.035589926	0.33344838	-0.38351634	-0.3945272	0.42989224	0.25192842	0.23973322	-0.4719211	-0.4972217	-0.3771256	0.4493776	-0.4520256	0.35241434	-0.3102661	-0.29825875	-0.40201944
-0.30254987	0.38933936	-0.42704737	-0.38591844	0.46625322	0.4063131	0.3481879	-0.38727623	-0.4898267	-0.41442084	0.40056762	-0.44314286	0.39865938	-0.39291847	-0.3543247	-0.49046847
0.7413833	-0.7616843	0.7396724	0.69753295	-0.7338199	-0.74826473	-0.74459916	0.74662435	0.73739016	0.78682035	-0.75091815	0.7413793	-0.75921047	0.69841117	0.6916911	0.7651019
0.65107083	-0.6925213	0.70339745	0.705078	-0.6643853	-0.7346749	-0.63872105	0.71131	0.7202314	0.72961855	-0.6969205	0.6514633	-0.6784898	0.64622456	0.6898069	0.67326206
-0.082679555	0.07417805	-0.15755904	-0.1257989	0.10976996	0.09590383	0.09737219	-0.0520272	-0.1305623	-0.09684042	0.07258079	-0.049528543	0.08361821	-0.049597487	-0.12585762	-0.06249088
-0.5577319	0.57578963	-0.5829194	-0.6298014	0.57035196	0.6400712	0.5598337	-0.569054	-0.58701175	-0.64744794	0.60843444	-0.60408133	0.5750705	-0.6173366	-0.55698425	-0.66427225
-0.30621144	0.38199562	-0.37603334	-0.3171894	0.29454052	0.3810303	0.3522422	-0.29233423	-0.3132948	-0.38100833	0.34394073	-0.33807597	0.36479998	-0.3452443	-0.38495356	-0.32784778
-0.3235738	0.27813476	-0.3524098	-0.36965317	0.33503613	0.365216	0.32976034	-0.34074944	-0.37940848	-0.2909853	0.31747288	-0.36232984	0.31387398	-0.33226132	-0.3452286	-0.37733856
0.53956926	-0.56177646	0.5562542	0.47307175	-0.5354646	-0.4785316	-0.50647116	0.5556647	0.5134631	0.53024364	-0.5310317	0.5015818	-0.564543	0.4878944	0.53741336	0.50874877
0.5456765	-0.58457935	0.5257632	0.6055822	-0.6105825	-0.54429364	-0.59416443	0.5216466	0.59576774	0.5379808	-0.53004026	0.5820504	-0.5722313	0.5495361	0.5267554	0.5641136
0.18126895	-0.2283751	0.21339652	0.14312094	-0.19850992	-0.24390005	-0.23277761	0.18620345	0.16932647	0.18759334	-0.17992346	0.18925853	-0.17119816	0.15107909	0.1792069	0.23369965
-0.18076257	0.26361024	-0.21207516	-0.19620286	0.2344396	0.25631836	0.19132571	-0.17341855	-0.22595187	-0.23388483	0.2091724	-0.17837544	0.21550383	-0.21073143	-0.25641245	-0.23036145
-0.55170935	0.56643724	-0.5520564	-0.56359845	0.61984825	0.573679	0.594916	-0.55146146	-0.5732229	-0.55150783	0.55652004	-0.6009266	0.5832561	-0.61455935	-0.5325558	-0.6108293
-0.4926679	0.5153276	-0.5938778	-0.57891285	0.5787382	0.5801017	0.57272243	-0.53534806	-0.54675597	-0.54901975	0.5859383	-0.57075787	0.4843015	-0.54931545	-0.55689996	-0.5830638
0.57073855	-0.55802786	0.5484897	0.56226176	-0.57233995	-0.58740836	-0.57106006	0.54828	0.583515	0.541938	-0.6140583	0.55415225	-0.5165703	0.621265	0.599698	0.5835656
0.4361091	-0.36548418	0.37760484	0.43866757	-0.42717743	-0.425357	-0.42911834	0.3795269	0.38068888	0.41852623	-0.44581056	0.41095063	-0.37344232	0.39990854	0.43302077	0.38315496
-0.5298867	0.5750248	-0.55412847	-0.5537086	0.56968355	0.5499958	0.5671582	-0.5106027	-0.5742994	-0.57961273	0.5239331	-0.57736206	0.49098057	-0.5704049	-0.48211294	-0.5341647
-0.44984454	0.43304583	-0.52308273	-0.50933903	0.5177814	0.46290225	0.52722013	-0.48885918	-0.49634886	-0.5071528	0.5215677	-0.49020627	0.4943173	-0.48683777	-0.43171453	-0.55417323
0.7162836	-0.6807612	0.74944115	0.7279685	-0.6721697	-0.7566722	-0.74641407	0.68786985	0.7573348	0.7471602	-0.6738944	0.72737145	-0.7004522	0.7097207	0.7369463	0.7798147
-0.40727282	0.5164478	-0.5189769	-0.53842086	0.527568	0.42542776	0.46818805	-0.53868043	-0.5176089	-0.5088367	0.49705362	-0.47834775	0.4793457	-0.45558098	-0.51707757	-0.5467105
-0.34365612	0.47484317	-0.5549274	-0.5428203	0.5296686	0.42564085	0.46137738	-0.50387436	-0.5490567	-0.4893929	0.5092823	-0.5506498	0.48303393	-0.450113	-0.49548164	-0.5305468
-0.45407787	0.48838848	-0.53334785	-0.4678654	0.55651295	0.46011043	0.48438555	-0.5412769	-0.48151755	-0.47853372	0.46796316	-0.4803104	0.49993843	-0.5182271	-0.548054	-0.53383154
0.35134813	-0.46448278	0.47329652	0.4645182	-0.42463747	-0.48706108	-0.43676537	0.4608497	0.45618823	0.42083785	-0.4437935	0.42902526	-0.41806492	0.47496167	0.39553782	0.43774477
-0.6572109	0.6554009	-0.6522664	-0.6318203	0.67985415	0.6457083	0.62320536	-0.6725475	-0.66622686	-0.6195452	0.70484924	-0.71210337	0.69791996	-0.6543686	-0.6619167	-0.64295685
0.07695349	-0.19140321	0.14547287	0.1529519	-0.2379333	-0.18943398	-0.1442858	0.10632028	0.26327944	0.18176103	-0.16358326	0.17195845	-0.13267691	0.16035084	0.1139529	0.25656047
0.18294433	-0.19965708	0.14010148	0.18763736	-0.1455507	-0.18590666	-0.18113421	0.16721947	0.19362079	0.19065274	-0.1447162	0.1270102	-0.13843375	0.22150412	0.17805035	0.1447813
-0.38196316	0.5013723	-0.54867935	-0.56067884	0.54111654	0.4818633	0.49334687	-0.49847755	-0.54459476	-0.47954312	0.54921514	-0.5077233	0.50170535	-0.49118897	-0.4589451	-0.58376676
0.21651684	-0.3301665	0.24442802	0.24966912	-0.29713532	-0.2902	-0.2672576	0.31152892	0.2838281	0.26587546	-0.26886025	0.25381374	-0.2824575	0.31463206	0.24434	0.2939061
-0.16595465	0.10950157	-0.1475343	-0.10873838	0.0976034	0.09772935	0.13448028	-0.12627861	-0.12322024	-0.06878927	0.14341736	-0.14096782	0.12541679	-0.1040148	-0.10494128	-0.07598932
-0.31595215	0.32828248	-0.3444192	-0.2987155	0.36780602	0.3866536	0.35198852	-0.40921775	-0.384166	-0.3631304	0.34791902	-0.3234139	0.32118	-0.38026083	-0.39171448	-0.39804003
0.63413656	-0.66182053	0.63528216	0.6511935	-0.61737883	-0.59922534	-0.6465346	0.622681	0.69327456	0.6417552	-0.6211968	0.61411744	-0.6243647	0.63951826	0.6398438	0.684754
-0.31323376	0.28143576	-0.3995416	-0.33836493	0.34386435	0.32623962	0.32083508	-0.33677292	-0.36913502	-0.31282428	0.3048182	-0.273796	0.26052737	-0.29629236	-0.35215676	-0.29871067
0.50470495	-0.49619007	0.5052717	0.52879614	-0.4665011	-0.47035944	-0.53607297	0.44787267	0.5129032	0.5368078	-0.46798632	0.47796038	-0.51791227	0.48355007	0.4404	0.53722626
0.61000764	-0.5838514	0.60242003	0.593229	-0.62582105	-0.5747838	-0.5563626	0.55520606	0.56915843	0.5345913	-0.5399662	0.5481832	-0.6128427	0.5640853	0.5428319	0.64312506
0.48143885	-0.5813777	0.5551754	0.52829945	-0.5543132	-0.612109	-0.56917953	0.56540835	0.58580106	0.56005245	-0.54822093	0.57980335	-0.58271074	0.5826658	0.6231293	0.5996615
0.47603768	-0.45786285	0.47209165	0.48132852	-0.481486	-0.49121556	-0.43785465	0.46560496	0.52411526	0.4738369	-0.50170225	0.49308103	-0.43915617	0.51395196	0.47082445	0.52376956
-0.12249483	0.1991535	-0.28663528	-0.2281305	0.15846866	0.15709811	0.19491905	-0.16555311	-0.2022878	-0.15618412	0.16072206	-0.238044	0.22304742	-0.14666033	-0.16230313	-0.16166922
-0.69899464	0.68236345	-0.76413214	-0.6857265	0.7644362	0.7092425	0.6726449	-0.7518234	-0.73135966	-0.73564464	0.71697	-0.73164445	0.7162285	-0.7221569	-0.7388311	-0.7289721
0.56201166	-0.56774926	0.5440832	0.5848412	-0.5862558	-0.56578124	-0.53666216	0.49534625	0.60397625	0.58158624	-0.5615446	0.54017884	-0.5123434	0.5070591	0.5524514	0.5257492
-0.10472731	0.23241879	-0.27520522	-0.3260035	0.35256293	0.22736104	0.23089111	-0.29984635	-0.3831189	-0.246981	0.34899625	-0.29204834	0.29116386	-0.24563727	-0.21524188	-0.36043993
0.38337207	-0.4592961	0.46925184	0.42512742	-0.5025567	-0.4494282	-0.47553334	0.4326903	0.50558835	0.5305125	-0.53499174	0.49479917	-0.50877386	0.50533646	0.50353384	0.51253676
0.48154128	-0.5187187	0.53764445	0.472189	-0.5245358	-0.4990935	-0.53274506	0.52331185	0.56604487	0.5207589	-0.4424022	0.5294143	-0.45071536	0.4672607	0.500913	0.49324298
0.29033267	-0.3379377	0.3055573	0.27969846	-0.34201148	-0.3468166	-0.35718423	0.34031492	0.45857647	0.31317255	-0.36368716	0.33717573	-0.28866613	0.29343155	0.348348	0.4456602
-0.30341247	0.4284954	-0.48691332	-0.5081209	0.5439072	0.4061896	0.35957986	-0.4646999	-0.54838765	-0.4624315	0.51032585	-0.53362477	0.4602809	-0.40229094	-0.46852455	-0.5410093
-0.19911063	0.21106613	-0.20413186	-0.22354564	0.2721841	0.2517018	0.26873484	-0.30614924	-0.23776084	-0.24929401	0.23593356	-0.22847393	0.2431328	-0.23879306	-0.28790125	-0.2921744
-0.3115718	0.3674069	-0.4164108	-0.4563042	0.43929064	0.3655702	0.37534904	-0.38561583	-0.45572594	-0.37419587	0.46321282	-0.43869987	0.39499405	-0.37911043	-0.45244095	-0.4548248
-0.567501	0.6587914	-0.6847321	-0.56780994	0.6723226	0.62893957	0.57709783	-0.5757142	-0.6767761	-0.59731174	0.62228996	-0.6583938	0.5565523	-0.5881367	-0.65033436	-0.6113381
-0.73527837	0.76542735	-0.83098304	-0.76844585	0.80405116	0.80233645	0.7243151	-0.7769612	-0.7473131	-0.74717635	0.72253364	-0.8068818	0.77671236	-0.7658302	-0.7724544	-0.7723285
0.30050454	-0.3264961	0.32036346	0.30370918	-0.30675504	-0.318979	-0.3362612	0.3215143	0.41522554	0.30980304	-0.34452203	0.32291195	-0.27621156	0.31855956	0.30966893	0.32986903
0.23520947	-0.25422323	0.32979265	0.25342298	-0.35228375	-0.25050437	-0.29815936	0.25524262	0.34285617	0.3271902	-0.27057248	0.25446805	-0.32115892	0.28103942	0.2409718	0.33005294
-0.29005653	0.3016325	-0.30575925	-0.2748864	0.30599543	0.23281828	0.27384502	-0.24923919	-0.32369414	-0.26728496	0.25194222	-0.28920287	0.33429614	-0.32056105	-0.27291167	-0.29849827
-0.09741981	0.37681237	-0.36602426	-0.40042606	0.4608939	0.2476983	0.25199506	-0.4355363	-0.563027	-0.33319813	0.4625549	-0.44905034	0.37150756	-0.32084188	-0.35268694	-0.4536411
-0.404751	0.4519125	-0.56562525	-0.5487442	0.53926116	0.4926308	0.50105554	-0.49717972	-0.5896152	-0.5288587	0.5503534	-0.4854746	0.54270214	-0.49471328	-0.4759918	-0.5933306
-0.32296982	0.50234413	-0.5033177	-0.4722609	0.49998224	0.40833354	0.41548347	-0.46569744	-0.60133284	-0.4600083	0.493129	-0.5275076	0.45525122	-0.44294578	-0.45024526	-0.5628609
0.07596574	0.09044784	-0.08603864	-0.09412961	0.0715461	0.06545765	0.04335179	-0.10984674	-0.10856866	-0.08330877	0.07807927	-0.061450325	0.055465803	-0.022700103	-0.030492058	-0.13538043
0.5237718	-0.58648133	0.5348352	0.54598045	-0.53390217	-0.5184184	-0.5834142	0.54771173	0.58539754	0.58701736	-0.5398299	0.52766055	-0.5686349	0.592177	0.53986424	0.5862227
-0.640316	0.561569	-0.6247539	-0.5598405	0.58099014	0.6059872	0.6112329	-0.604238	-0.5865386	-0.627273	0.64637136	-0.63804317	0.5896219	-0.5840417	-0.5900241	-0.66723347
0.6221638	-0.63271517	0.5854335	0.6420518	-0.63405854	-0.550471	-0.5691826	0.6036693	0.6388368	0.5638305	-0.6341667	0.6506631	-0.6026216	0.58303446	0.60066366	0.64376396
0.5276635	-0.4764239	0.46868306	0.5436991	-0.49239248	-0.5621478	-0.5407253	0.5087027	0.5551883	0.53005815	-0.4880102	0.48076984	-0.4997399	0.49960947	0.5203892	0.49305633
-0.2171735	0.19234861	-0.20605971	-0.10015126	0.14236148	0.17429484	0.13620533	-0.121953264	-0.13255595	-0.1590677	0.1186759	-0.17332412	0.12775002	-0.16736533	-0.11463339	-0.1846947
0.35958564	-0.40018225	0.36777622	0.40457156	-0.45110676	-0.41373777	-0.35637152	0.4001787	0.47716466	0.40860376	-0.40735015	0.47176865	-0.374996	0.40953344	0.42420718	0.47842497
0.4651925	-0.52773917	0.48588708	0.45691806	-0.51298845	-0.4871887	-0.44930482	0.48391408	0.5240224	0.45939276	-0.5427965	0.47464064	-0.45924425	0.5335551	0.44407567	0.55001235
0.44904777	-0.47348595	0.42816073	0.41763508	-0.4231321	-0.46269706	-0.40779793	0.45484057	0.4281478	0.50912064	-0.4077073	0.40732864	-0.42683208	0.4545681	0.4201851	0.49606746
0.40137178	-0.49220127	0.48857966	0.49599797	-0.48137552	-0.45089006	-0.47231194	0.44598085	0.5358692	0.53658026	-0.55827016	0.5574247	-0.46689662	0.49569955	0.5277824	0.55401355
0.45511457	-0.5002393	0.5446869	0.51089984	-0.4841693	-0.52433157	-0.5210146	0.4838044	0.54504406	0.5057532	-0.54367054	0.5328889	-0.43782687	0.50177693	0.5047745	0.5259946
0.27398494	-0.354088	0.2756869	0.2924895	-0.34347433	-0.3047303	-0.2655655	0.27898186	0.388883	0.29583067	-0.3524058	0.33466434	-0.29323807	0.30350164	0.29085407	0.33941567
0.4940358	-0.5229724	0.5250803	0.4939898	-0.5232166	-0.51969236	-0.5248767	0.554276	0.6423032	0.5504675	-0.51934904	0.5509536	-0.49688628	0.56970906	0.49120617	0.55650765
0.22749801	-0.18643698	0.2080403	0.2654115	-0.24466754	-0.2833244	-0.24111792	0.23415227	0.23132306	0.26407164	-0.21943834	0.22533664	-0.18393217	0.2506281	0.24854334	0.26855323
0.31017235	-0.33036965	0.36197138	0.36620662	-0.3361077	-0.2909461	-0.28181633	0.35350046	0.31938303	0.28854272	-0.34567127	0.29020622	-0.36611146	0.28369206	0.35721934	0.34808356
-0.72982496	0.774402	-0.8162711	-0.79384613	0.73902726	0.787025	0.73122674	-0.7612204	-0.731427	-0.71645695	0.7351013	-0.7409597	0.75947523	-0.78382254	-0.7549914	-0.8124889
-0.49484372	0.5007368	-0.5174344	-0.54204994	0.49925175	0.47055247	0.5035792	-0.5298649	-0.52791107	-0.51790446	0.51103365	-0.5510587	0.46066067	-0.50503874	-0.5092502	-0.52482057
0.33478743	-0.2599673	0.34604988	0.27549118	-0.3221337	-0.26118448	-0.24490288	0.26309747	0.34970656	0.30252045	-0.30960596	0.31645763	-0.30651486	0.31610352	0.31429777	0.34969506
-0.75542676	0.7617159	-0.8314039	-0.7805287	0.8230304	0.76473683	0.7393925	-0.7314055	-0.8554153	-0.76840895	0.78890747	-0.76743877	0.80269593	-0.7656018	-0.74698085	-0.839711
-0.43497148	0.4348407	-0.39719632	-0.43160605	0.4252555	0.41292727	0.43753827	-0.43379095	-0.41435197	-0.44367632	0.402558	-0.3706999	0.427484	-0.4275114	-0.4004085	-0.37355882
-0.36776003	0.32939717	-0.41073993	-0.4044637	0.33908677	0.40874007	0.35196102	-0.33748797	-0.3648877	-0.39618805	0.3482894	-0.36319453	0.3172094	-0.40750137	-0.35976687	-0.33472532
0.09018683	-0.10421509	0.09898307	0.06851481	-0.14238971	-0.15764886	-0.19855268	0.129663	0.11585189	0.18660031	-0.13277441	0.12108393	-0.16254438	0.11261671	0.10270706	0.10486906
0.110939294	0.020657022	-0.029607205	-0.04849978	0.0536545	-0.047810398	0.00573955	-0.092874214	-0.043484915	-0.017852545	-0.01355853	-0.058874257	0.024343206	0.04774432	-0.0055566323	0.024004059
-0.8395451	0.8031055	-0.8503329	-0.7552547	0.8203829	0.7583111	0.7410688	-0.82877123	-0.79901916	-0.80430144	0.8345109	-0.7657324	0.8023366	-0.7999407	-0.8050752	-0.85605323
0.17824785	-0.08467952	0.053231202	0.11244594	-0.06824639	-0.15627532	-0.15449005	0.021442639	0.084052436	0.118205756	-0.030808503	0.12188367	-0.10762364	0.09632066	0.082469724	0.0719063
-0.18814795	0.40603647	-0.3559167	-0.4366055	0.429928	0.26307932	0.31949502	-0.38645282	-0.4857485	-0.39909038	0.4494012	-0.4392443	0.4192491	-0.38749453	-0.33823988	-0.46908632
-0.83780223	0.8370344	-0.8367461	-0.8494749	0.842095	0.77456635	0.8466855	-0.79847616	-0.8498552	-0.81117916	0.82212096	-0.86958086	0.7793705	-0.8431079	-0.79317653	-0.80572164
0.20011666	-0.2154803	0.19772322	0.23233555	-0.20549455	-0.15178731	-0.1935023	0.17521751	0.23964438	0.20282164	-0.20544362	0.1557618	-0.17207928	0.18914022	0.19819419	0.21916124
-0.09339966	0.057693418	-0.09655075	-0.13560614	0.10299107	0.10162001	0.07437723	-0.10258565	-0.1102812	-0.11921187	0.05469501	-0.1154483	0.09279689	-0.1159254	-0.13026702	-0.079592526
0.3411219	-0.32263488	0.30130535	0.32001263	-0.34088862	-0.3188819	-0.32230425	0.31574377	0.28661135	0.29751936	-0.3393165	0.3415642	-0.34411755	0.27008784	0.32937434	0.28177485
-0.4277392	0.45072237	-0.43703637	-0.39649296	0.4256694	0.4664058	0.4168054	-0.41590407	-0.45018423	-0.442513	0.45066053	-0.39309973	0.38139027	-0.40264285	-0.4628317	-0.47199464
-0.26113972	0.32873464	-0.2701436	-0.35057166	0.31721234	0.34707436	0.2990447	-0.30761462	-0.32845423	-0.31820935	0.26892093	-0.30188346	0.26355845	-0.2815927	-0.26537377	-0.27808267
0.46623936	-0.4961471	0.47138834	0.51169646	-0.49956626	-0.47915825	-0.49583545	0.43923444	0.5448614	0.44510078	-0.43886167	0.4938435	-0.4992026	0.47368482	0.4926202	0.5478525
-0.26037675	0.40462396	-0.45254862	-0.44044435	0.4394371	0.40176457	0.35556018	-0.45589706	-0.489299	-0.40299624	0.4363355	-0.43294793	0.41025254	-0.39020774	-0.38110954	-0.43234432
0.5525355	-0.60821223	0.6048841	0.57900023	-0.6027634	-0.54621947	-0.53676385	0.6200472	0.5850145	0.5975373	-0.5612808	0.53409165	-0.52030426	0.5899045	0.5742333	0.58489716
0.3846053	-0.40854928	0.31878784	0.35367075	-0.38756952	-0.3730406	-0.38038188	0.3869387	0.350737	0.39882267	-0.37967503	0.40758514	-0.37113246	0.39659894	0.3806406	0.32491845
0.4738242	-0.50769687	0.5515384	0.45689294	-0.49325806	-0.5323502	-0.46787226	0.5082588	0.5371253	0.48597372	-0.50882995	0.55371773	-0.4374343	0.5200822	0.537496	0.5983882
0.33369192	-0.29933587	0.3842604	0.3352703	-0.32708883	-0.29390895	-0.32697785	0.33130533	0.36933893	0.34880367	-0.36650455	0.32937023	-0.31342635	0.38773176	0.34636834	0.3091335
-0.001211864	0.22050595	-0.23614056	-0.25838518	0.35814565	0.12073734	0.22206041	-0.28528574	-0.32512277	-0.21028234	0.3111594	-0.25896332	0.29423848	-0.23743577	-0.21458331	-0.28035882
-0.13235146	0.29881892	-0.30537456	-0.30442438	0.36313394	0.29714632	0.31017622	-0.34531245	-0.37912178	-0.35663298	0.3238093	-0.38746372	0.29363334	-0.3389267	-0.29532135	-0.34176958
-0.3467079	0.37315077	-0.33864513	-0.38226172	0.3835057	0.37765402	0.40561834	-0.38035932	-0.35830504	-0.33550203	0.342374	-0.34368223	0.34898904	-0.35498774	-0.38567582	-0.38014606
-0.042567737	0.0052928887	-0.08140942	-0.09830529	0.04756389	0.018693233	0.050423916	-0.06700397	-0.027870778	-0.027439099	0.024985136	-0.07235181	0.009262777	-0.062832326	-0.06431008	-0.09090434
-0.46592	0.41537648	-0.39839223	-0.45517412	0.3919403	0.43654072	0.43019816	-0.4831164	-0.39998162	-0.43336484	0.41550463	-0.42972234	0.47369725	-0.48109645	-0.46061325	-0.39661232
0.50594246	-0.503139	0.6059907	0.52210367	-0.53890806	-0.58656085	-0.5272183	0.4852548	0.5185809	0.52718484	-0.5767888	0.50038177	-0.5457077	0.5740337	0.54592264	0.5719374
0.499286	-0.48142105	0.49057728	0.49151424	-0.5197441	-0.52609694	-0.5354026	0.4996885	0.56737137	0.48322576	-0.4831978	0.55128425	-0.5048495	0.49021935	0.50954276	0.49540132
0.39182812	-0.31702223	0.3357061	0.3434373	-0.37918967	-0.41050962	-0.34683284	0.3027111	0.32448694	0.33646345	-0.32151893	0.36694425	-0.3280891	0.3502435	0.39826316	0.35854152
0.010968448	0.29375872	-0.28521106	-0.3280715	0.3974466	0.27542832	0.29223147	-0.3305304	-0.51905215	-0.30493695	0.3851755	-0.39574558	0.3816096	-0.33539546	-0.32086998	-0.48671246
-0.23923361	0.37938252	-0.41257623	-0.4030859	0.43697894	0.28099057	0.28855312	-0.41197434	-0.48112896	-0.36450058	0.4000368	-0.47603175	0.43258142	-0.33682054	-0.33581474	-0.42951655
-0.42517698	0.5621744	-0.56378406	-0.56353045	0.53432846	0.51432997	0.4636872	-0.51674116	-0.5558913	-0.5420776	0.513862	-0.569483	0.50642484	-0.5326268	-0.47830272	-0.55511
-0.56315976	0.54468536	-0.5792007	-0.62392735	0.58118755	0.5551721	0.62709224	-0.5817296	-0.5915455	-0.606635	0.5980253	-0.5872466	0.59087104	-0.5927421	-0.60531795	-0.5853581
0.6008222	-0.6266852	0.6079276	0.6334218	-0.6383021	-0.6143659	-0.58906585	0.58438134	0.62535733	0.57369715	-0.5898534	0.66554064	-0.55340123	0.6281417	0.6152828	0.65117866
-0.1426959	0.4220217	-0.4170854	-0.38902324	0.511522	0.26407394	0.27442902	-0.421701	-0.5777562	-0.42218506	0.4430231	-0.4838115	0.3952424	-0.34033448	-0.36107635	-0.49626464
-0.5420282	0.6511951	-0.6743857	-0.65867925	0.62003714	0.6031996	0.59615725	-0.6027716	-0.65316707	-0.6450449	0.6386612	-0.6511323	0.604139	-0.6099348	-0.6056914	-0.67315245
-0.71513385	0.7180316	-0.68429327	-0.6638904	0.6822406	0.7464771	0.66658616	-0.7487299	-0.72974217	-0.7460423	0.6995433	-0.7613681	0.6482794	-0.6920191	-0.68226516	-0.68951434
-0.4793551	0.42559126	-0.47452244	-0.4462377	0.3976555	0.38317692	0.37956873	-0.4044578	-0.46781862	-0.4765206	0.41264254	-0.4006042	0.42169794	-0.4211389	-0.41476005	-0.4500061
0.5711837	-0.5638108	0.5804817	0.60505605	-0.62862307	-0.5185163	-0.5900228	0.49393883	0.5572191	0.5893337	-0.61770976	0.5763441	-0.55119395	0.5352894	0.6003214	0.6145335
-0.43947792	0.47284538	-0.47261843	-0.46487877	0.46648687	0.5128912	0.52143747	-0.5377628	-0.45257553	-0.44197953	0.43025187	-0.4529965	0.43788353	-0.48371184	-0.5280859	-0.47362944
-0.72100884	0.74959314	-0.75651693	-0.73574036	0.7444547	0.73301965	0.74416983	-0.7308933	-0.7098636	-0.7475334	0.73270833	-0.6984586	0.75898457	-0.7766301	-0.77556294	-0.7581334
0.33624822	-0.36113518	0.30154425	0.2764457	-0.26662916	-0.2837907	-0.27060893	0.31352457	0.31690207	0.34006605	-0.32567626	0.29479584	-0.34631196	0.35925016	0.36600247	0.28004614
-0.7609557	0.68988854	-0.7761136	-0.69199765	0.7108112	0.70355743	0.74156874	-0.70625144	-0.73292774	-0.7422998	0.7472955	-0.735048	0.7629127	-0.7501318	-0.6976502	-0.7336287
0.75459677	-0.73518443	0.74577534	0.7514354	-0.7121626	-0.727383	-0.7461045	0.71243817	0.7155142	0.7226658	-0.7366858	0.7026014	-0.7173718	0.76637346	0.7607464	0.80376035
0.01646453	0.0785745	-0.014143492	-0.043084785	0.0062424587	0.012614729	0.026290443	0.002112193	0.011006991	-0.0338635	-0.0020948572	-0.05088414	0.03793078	-0.035664886	-0.0120797	-0.07723205
0.7682829	-0.815666	0.81104976	0.8169997	-0.8019886	-0.7615274	-0.7492454	0.7988913	0.8006432	0.80565107	-0.7693368	0.7821538	-0.8252813	0.79674864	0.7660031	0.85443455
-0.62810904	0.6242513	-0.6760959	-0.64018476	0.6000758	0.62985134	0.6190373	-0.64999163	-0.63685507	-0.6797582	0.62655765	-0.61603594	0.6213971	-0.59263337	-0.6395942	-0.6438397
-0.1192673	0.08635908	-0.0436629	-0.0468069	0.10752149	0.107384056	0.10037506	-0.08813079	-0.0996595	-0.039558224	0.1121114	-0.100427516	0.058636058	-0.11967226	-0.12820059	-0.115743496
0.5270525	-0.50853914	0.5604544	0.5543462	-0.54046696	-0.5737383	-0.5663251	0.5115196	0.5266729	0.56099206	-0.5460994	0.5632941	-0.57093984	0.49625924	0.540269	0.5195134
0.019902501	0.063646704	-0.107706465	-0.035879888	0.09449647	0.029193394	0.035845	-0.02372763	-0.037078895	-0.07563555	0.07210019	-0.020514514	0.08946308	-0.09261507	-0.09355985	-0.024059977
-0.5942915	0.55237216	-0.60244805	-0.5658821	0.64239717	0.5671714	0.5588453	-0.5931868	-0.5636361	-0.5682016	0.54306895	-0.6373343	0.6102213	-0.6262365	-0.5602457	-0.6059587
0.26494765	-0.4601554	0.36484483	0.38953602	-0.46696037	-0.46506184	-0.37947658	0.3558446	0.5650449	0.4384808	-0.4739783	0.51002455	-0.38049966	0.44136766	0.4547409	0.51199496
-0.5316311	0.6283598	-0.65747297	-0.6419025	0.64517486	0.59855694	0.6494669	-0.61788887	-0.6687329	-0.6389843	0.6553117	-0.6152334	0.5718599	-0.66073275	-0.61297345	-0.6834392
-0.3781978	0.4481705	-0.4604663	-0.4618136	0.4509066	0.4090928	0.42738074	-0.3999901	-0.48068017	-0.46074966	0.4012839	-0.40685496	0.3746708	-0.44833538	-0.4567352	-0.39934817
-0.7409352	0.793114	-0.7955435	-0.79030424	0.74534637	0.7583268	0.7963544	-0.780346	-0.7476386	-0.72617024	0.73171335	-0.8137072	0.781574	-0.73565286	-0.7305499	-0.78383595
0.14782791	-0.21719803	0.20065957	0.19861883	-0.26695442	-0.2279099	-0.20828533	0.18315317	0.37210953	0.29311827	-0.30447546	0.2727409	-0.2115945	0.25242487	0.28328913	0.31359443
-0.5596095	0.5717619	-0.5651655	-0.57206184	0.52594423	0.49057046	0.5821929	-0.4957323	-0.5840861	-0.5899217	0.5037911	-0.5844818	0.52225673	-0.5090919	-0.548475	-0.59424734
0.42609772	-0.45442882	0.49139184	0.4340518	-0.5258639	-0.46144706	-0.50641966	0.45737457	0.5091661	0.5032229	-0.49650848	0.4564297	-0.44207948	0.51102674	0.4461702	0.53185034
0.7224838	-0.7431838	0.72221565	0.66061836	-0.729698	-0.7159629	-0.7410968	0.7189795	0.76932275	0.64735836	-0.7051901	0.68703425	-0.70394474	0.724951	0.7387933	0.7344525
-0.290934	0.30941847	-0.34283692	-0.33463663	0.35838306	0.31589618	0.28473836	-0.30728227	-0.3467689	-0.30912185	0.27982834	-0.31139234	0.31095758	-0.28066397	-0.33196977	-0.34142178
0.46501732	-0.52753204	0.5613612	0.5371974	-0.4908774	-0.5044897	-0.53937286	0.52575064	0.60549057	0.5075643	-0.48926798	0.5550688	-0.53331053	0.49663314	0.48974583	0.5609557
0.3421888	-0.4833889	0.40388137	0.47564465	-0.5144364	-0.4379421	-0.44428685	0.44751605	0.5100287	0.45795298	-0.4228689	0.47597185	-0.3910009	0.42221427	0.43447766	0.5079505
-0.1785577	0.35112625	-0.34975833	-0.3910966	0.4016292	0.29419976	0.30356747	-0.39535147	-0.41173247	-0.36417633	0.41626403	-0.33932346	0.31845596	-0.3449252	-0.35291588	-0.3844434
0.7156805	-0.66942185	0.7260167	0.64572805	-0.7161419	-0.65205795	-0.66647977	0.62889636	0.66496915	0.6952953	-0.6994653	0.70906943	-0.60713255	0.6521528	0.66283804	0.6975398
-0.70099163	0.66045177	-0.6433218	-0.6990899	0.6890557	0.67117745	0.73164266	-0.73056865	-0.69803	-0.74097997	0.6878614	-0.6508108	0.7310366	-0.6750787	-0.6641375	-0.7158338
0.62803286	-0.65829873	0.66533566	0.6536271	-0.626449	-0.6302811	-0.6769761	0.66213274	0.6503862	0.6583957	-0.61665654	0.6244174	-0.64691985	0.67731	0.6157497	0.642204
-0.49079198	0.5566528	-0.5273785	-0.5264611	0.58672684	0.48655456	0.5545186	-0.5358453	-0.53188175	-0.56485796	0.5641101	-0.56851906	0.5387138	-0.49106824	-0.5661867	-0.58367836
-0.46217462	0.47655877	-0.5050884	-0.5211675	0.5541034	0.5418656	0.52023005	-0.5053487	-0.57832336	-0.48546273	0.5054356	-0.5113376	0.48607948	-0.52115506	-0.5474048	-0.5565087
-0.44150198	0.41104373	-0.44948384	-0.43293625	0.45315	0.4826417	0.45007768	-0.43641922	-0.5018104	-0.49299204	0.4988879	-0.4480862	0.4751595	-0.42007416	-0.42067975	-0.44463837
0.48146912	-0.6289442	0.54653436	0.53901434	-0.59400934	-0.5402353	-0.56368035	0.59331703	0.61421776	0.5680691	-0.55431366	0.6177315	-0.5381033	0.59300876	0.59650266	0.5834475
-0.1594363	0.35434678	-0.4069546	-0.33633882	0.38809267	0.2422495	0.33797112	-0.3705446	-0.5035521	-0.342406	0.392697	-0.42994356	0.38469437	-0.33622265	-0.34310207	-0.46888393
-0.30143642	0.33377793	-0.43433028	-0.40025643	0.34101462	0.40538895	0.37900865	-0.35318306	-0.4013969	-0.40009862	0.33169386	-0.4032114	0.31515685	-0.376824	-0.39972124	-0.37785375
-0.56205153	0.574398	-0.6547491	-0.59178704	0.5842559	0.591523	0.56689227	-0.6120026	-0.6332605	-0.5842341	0.6217156	-0.5641166	0.6150113	-0.62058806	-0.55745083	-0.6653662
0.6681243	-0.72345954	0.712838	0.7158518	-0.66993105	-0.7161912	-0.7077838	0.6892932	0.6922207	0.7307249	-0.68022704	0.73664236	-0.73644716	0.713688	0.71170914	0.6866778
-0.51838887	0.52374387	-0.50916183	-0.4757742	0.49854177	0.49831283	0.5415987	-0.46212158	-0.5051618	-0.4913416	0.46883842	-0.53988856	0.5171279	-0.5441274	-0.465402	-0.5486164
0.15049462	-0.19034748	0.19483475	0.18947656	-0.2181803	-0.18336	-0.16086791	0.2023741	0.32729197	0.23081277	-0.2765418	0.23275147	-0.21738608	0.1980745	0.25071716	0.24870342
-0.6500913	0.6934465	-0.760574	-0.6458302	0.6492186	0.7032786	0.69786733	-0.7189169	-0.7327183	-0.72202843	0.6568186	-0.67093253	0.71730405	-0.64936614	-0.6634732	-0.7023633
-0.5157841	0.554779	-0.63356614	-0.581945	0.62050587	0.615696	0.6123072	-0.5880787	-0.6164734	-0.5703544	0.5913575	-0.590086	0.5515985	-0.6246999	-0.5754901	-0.5929983
0.6246702	-0.6622469	0.6612252	0.6749576	-0.64011246	-0.6618465	-0.6708012	0.65772307	0.65486616	0.63562834	-0.6957252	0.62061125	-0.6230775	0.62354225	0.59544355	0.6445612
-0.39999604	0.3524056	-0.45970652	-0.3770815	0.37836137	0.40373072	0.3902344	-0.46248809	-0.4384088	-0.44491178	0.37214515	-0.43784273	0.4162298	-0.40019992	-0.37312758	-0.37961143
0.52691126	-0.4062296	0.48643818	0.4783034	-0.45118067	-0.50771594	-0.49375963	0.5017251	0.45571804	0.43971574	-0.4350632	0.45926702	-0.42087057	0.4544199	0.42734694	0.46727318
0.6505791	-0.6439099	0.7270937	0.7120597	-0.6752489	-0.70708716	-0.7129968	0.7010267	0.70956135	0.6445953	-0.6689151	0.6553461	-0.64988756	0.6597786	0.69962084	0.6899158
0.0740049	-0.015167613	0.057019323	0.033194114	-0.054428317	-0.027743716	-0.057376906	0.028229328	-0.02623534	0.032303635	0.00631337	-0.012002349	0.008987896	0.039718788	0.048989337	-0.010190682
0.523164	-0.5628305	0.58123994	0.5668668	-0.5774255	-0.5696572	-0.5522033	0.48741424	0.5889392	0.57500684	-0.51182586	0.60038084	-0.58528125	0.5706331	0.58956456	0.56837445
-0.09963867	0.11335527	-0.14702931	-0.10962649	0.12874065	0.100769825	0.16663182	-0.1711199	-0.18037452	-0.1203812	0.19375108	-0.15319405	0.11321723	-0.16589975	-0.1273245	-0.14205068
0.59797627	-0.57246226	0.6079153	0.58814836	-0.5747144	-0.5927265	-0.5257274	0.59203905	0.62824917	0.5504954	-0.53299415	0.5883438	-0.5344463	0.55194324	0.5709364	0.6180992
-0.22128208	0.25460562	-0.2187254	-0.1883329	0.21788545	0.17687576	0.22457549	-0.1882012	-0.17353056	-0.25487366	0.17846934	-0.16185868	0.17966351	-0.23812205	-0.17960624	-0.24456844
-0.61859953	0.66010696	-0.6457115	-0.6662475	0.6120951	0.6852483	0.6567504	-0.66588515	-0.71469253	-0.6929988	0.62878376	-0.64920735	0.60029656	-0.6474866	-0.6894188	-0.6932041
0.5035799	-0.57482684	0.58907384	0.5113401	-0.56545085	-0.55129564	-0.55755585	0.5755594	0.5283611	0.50436187	-0.50459427	0.55490744	-0.5835649	0.5463133	0.5293905	0.55838555
0.030483028	0.086356945	-0.20635746	-0.198902	0.16764086	0.039909344	0.1479091	-0.19996274	-0.2310343	-0.15140094	0.14987771	-0.1599457	0.14411582	-0.14304505	-0.12642305	-0.25431463
0.09926976	-0.08604991	0.061131902	0.041078165	-0.11086278	-0.0611155	-0.03665861	0.026677854	0.06465492	0.10726715	-0.053867664	0.096369706	-0.06424212	0.04591997	0.038319644	0.060810473
-0.005167565	0.030610831	-0.013817067	-0.021665266	0.07968678	0.09108585	0.038959384	-0.086206265	-0.056525614	-0.018132802	0.029213436	-0.0643045	0.0078536635	-0.01727484	-0.0912618	-0.07367249
0.61703837	-0.60870296	0.5811673	0.5459717	-0.54615986	-0.5830869	-0.552632	0.52528054	0.6129804	0.60109377	-0.6153047	0.547491	-0.55911046	0.56838596	0.61512494	0.61504203
0.49228305	-0.48894417	0.5345298	0.54638046	-0.50202537	-0.50654715	-0.5098895	0.5487885	0.54162085	0.53835326	-0.50936353	0.57626545	-0.5646779	0.52716935	0.54222983	0.5105978
0.22827488	-0.23407613	0.25198472	0.21100032	-0.18272531	-0.24463707	-0.20950787	0.19661303	0.19145802	0.17216872	-0.19743404	0.24943821	-0.17087416	0.24691908	0.18957618	0.20587148
0.51234263	-0.5706245	0.5509903	0.5732936	-0.5574844	-0.5644266	-0.6090243	0.52418745	0.6436075	0.5299117	-0.5719867	0.53315854	-0.54502887	0.53271586	0.552345	0.60352564
0.12764321	-0.19163834	0.2078955	0.22677712	-0.28956053	-0.15346962	-0.16025065	0.16850296	0.35524282	0.20088062	-0.2376081	0.19163966	-0.21334477	0.21757667	0.19972022	0.22396334
0.10776337	-0.19631366	0.16293362	0.24725445	-0.27528188	-0.20655583	-0.15453261	0.16347666	0.33099744	0.17053339	-0.20555095	0.26019478	-0.15338288	0.2217698	0.15249386	0.23498687
0.54971224	-0.6145074	0.53150445	0.56534916	-0.6053564	-0.5645602	-0.6234175	0.567876	0.5749965	0.6044736	-0.6011386	0.53839815	-0.58172303	0.5881594	0.61474544	0.6330688
0.21220846	-0.13739082	0.1518212	0.19381371	-0.16133066	-0.22414029	-0.22476266	0.1087404	0.20597535	0.14616783	-0.22507884	0.17161559	-0.16716972	0.16074142	0.21230914	0.23135887
0.5346014	-0.61293274	0.60675806	0.5594917	-0.5457627	-0.5414231	-0.5227428	0.5206669	0.65066046	0.6115441	-0.6270817	0.5533045	-0.6078299	0.55797374	0.5776719	0.57069576
0.716946	-0.64735615	0.7060033	0.63873696	-0.6575712	-0.67490155	-0.7303313	0.6938563	0.7508745	0.6770316	-0.7382075	0.73524934	-0.6388259	0.70457083	0.694127	0.76723474
-0.32724917	0.33210403	-0.31554264	-0.2895887	0.29367507	0.276744	0.27586955	-0.28594178	-0.36978126	-0.32138106	0.27001357	-0.27076006	0.33135244	-0.3574854	-0.348732	-0.3690514
-0.4739234	0.5215473	-0.4938522	-0.472729	0.4879535	0.48845676	0.5129448	-0.51304644	-0.51447135	-0.47950944	0.5492099	-0.51087147	0.5340174	-0.49201858	-0.53030235	-0.50652707
-0.6379497	0.7056652	-0.739639	-0.6501374	0.6421115	0.6805552	0.65788734	-0.6587225	-0.7040061	-0.61810666	0.6326128	-0.62864333	0.6424372	-0.65635157	-0.69682896	-0.69729966
-0.46307775	0.52876705	-0.52790487	-0.5603671	0.5067229	0.5229179	0.5209403	-0.567208	-0.565997	-0.49054238	0.55962163	-0.5724681	0.47727782	-0.5649003	-0.48532677	-0.51538813
-0.20628932	0.2509057	-0.26128125	-0.22707742	0.21179807	0.2193153	0.20792054	-0.19985996	-0.18817577	-0.26598215	0.22537537	-0.1797024	0.23402095	-0.21980518	-0.26436654	-0.2563374
0.7063818	-0.64154255	0.7262238	0.6964934	-0.6589896	-0.74333984	-0.6764889	0.6579788	0.72694385	0.69045484	-0.696229	0.6894038	-0.6457941	0.74140364	0.6652373	0.7449091
-0.37752345	0.34984142	-0.43449292	-0.4122811	0.38575673	0.4039216	0.4509971	-0.42023283	-0.44070637	-0.38399145	0.38217682	-0.41886523	0.39609224	-0.37780294	-0.38808015	-0.40670127
0.30631566	-0.3393628	0.36291426	0.3482526	-0.39013863	-0.34477365	-0.31631148	0.35616812	0.3863109	0.38401783	-0.29233947	0.3651422	-0.29941285	0.36342144	0.2997536	0.3067742
-0.5172785	0.61134374	-0.5681653	-0.59723127	0.5888397	0.5865266	0.6010917	-0.6316738	-0.66834366	-0.63408715	0.5970351	-0.6006589	0.5461756	-0.6116966	-0.59158605	-0.57035947
0.37969732	-0.44823927	0.4843631	0.4311873	-0.45380563	-0.4789017	-0.47282925	0.42234844	0.51510215	0.47025174	-0.52182144	0.47161382	-0.4863408	0.47528005	0.49543276	0.53405225
-0.46248755	0.52394986	-0.5207755	-0.5054724	0.54195184	0.4940452	0.54787916	-0.51999	-0.6114181	-0.4865601	0.48375085	-0.5107825	0.5317914	-0.5146628	-0.5439366	-0.59933865
0.44928622	-0.4868894	0.5445849	0.55982363	-0.51303625	-0.4883038	-0.5600674	0.49644232	0.5860632	0.47886667	-0.4942149	0.5356509	-0.5501804	0.5316841	0.51977307	0.53586507
-0.04880749	0.0835367	-0.15925652	-0.16422243	0.18947859	0.11362219	0.13135016	-0.23067786	-0.2267666	-0.15532012	0.18084562	-0.24320202	0.20406468	-0.12497016	-0.15328671	-0.21895783
-0.5897998	0.5865347	-0.6045615	-0.59317863	0.5963813	0.61690134	0.5856116	-0.57128215	-0.62084943	-0.6520767	0.6666203	-0.6672029	0.64413285	-0.6481667	-0.58005476	-0.6745786
0.5096472	-0.5687211	0.56303823	0.5298087	-0.5359507	-0.49386045	-0.5667633	0.5328419	0.5979799	0.54824704	-0.4890282	0.5216855	-0.49255732	0.51449156	0.5416789	0.5605578
-0.34023377	0.35565636	-0.4154388	-0.29911336	0.31167588	0.28187016	0.36229938	-0.3916118	-0.39412192	-0.30706522	0.32816425	-0.31701696	0.31512016	-0.3572254	-0.31643632	-0.35605416
-0.011221988	0.02617691	0.059163004	-0.0158655	0.007462327	3.3511965e-06	0.0017673144	-0.0104080625	-0.011371785	0.062634476	0.004370812	0.072001606	0.024239622	0.07262602	-0.0011860674	0.07702561
-0.27790487	0.25308776	-0.25504062	-0.21457934	0.23954763	0.24606438	0.24473585	-0.30093616	-0.29521438	-0.2653009	0.2712775	-0.25097808	0.31613532	-0.27386713	-0.31593582	-0.28970793
0.07187855	-0.08804898	0.05252418	0.047267675	-0.04626948	-0.097112276	-0.10389457	0.084520996	0.060866084	0.08279157	-0.08115044	0.069425546	-0.11666135	0.086882085	0.06536356	0.09732088
0.34156716	-0.4836187	0.359854	0.3830658	-0.48721796	-0.42713353	-0.38931194	0.36943075	0.5498253	0.44751102	-0.5018595	0.47264332	-0.41990826	0.43509936	0.46533102	0.60108906
-0.57958096	0.6385949	-0.6512279	-0.5972477	0.6667941	0.6431391	0.58886504	-0.60426193	-0.6795915	-0.6634988	0.6703596	-0.64784366	0.6505651	-0.6605885	-0.668131	-0.6348231
0.4959907	-0.55198866	0.527519	0.5700499	-0.5928744	-0.50081825	-0.57779646	0.5024802	0.52183396	0.5952267	-0.5426151	0.5372383	-0.59045637	0.5568974	0.57456654	0.5470803
-0.43282166	0.5062453	-0.4760975	-0.5029526	0.51772815	0.4541174	0.53667736	-0.46973062	-0.47636342	-0.47476354	0.5477069	-0.52689356	0.4677248	-0.5097111	-0.46336493	-0.5549889
-0.45996112	0.43704054	-0.51101106	-0.524963	0.47712317	0.43922177	0.44528618	-0.50037867	-0.49746397	-0.5306461	0.4641459	-0.52488536	0.52995384	-0.5346028	-0.49775803	-0.49639615
0.48335853	-0.48146	0.5019288	0.49468675	-0.55950934	-0.49227744	-0.5753848	0.5549687	0.5839097	0.535737	-0.5608143	0.55656666	-0.5154944	0.51479185	0.53356045	0.5120087
0.42836195	-0.55670285	0.5638107	0.5445928	-0.57575846	-0.58347106	-0.54455286	0.5660548	0.60171854	0.56975555	-0.5951658	0.58844036	-0.5574409	0.5416334	0.5950646	0.6010344
0.26649442	-0.2902097	0.32169142	0.2415528	-0.2806519	-0.28857592	-0.2411897	0.25139174	0.31362292	0.26812792	-0.32180643	0.35657758	-0.2917736	0.29825848	0.2586113	0.2951488
-0.100223914	0.28390163	-0.33741218	-0.33239838	0.34514818	0.23132154	0.2043383	-0.3293097	-0.44686636	-0.26462495	0.30255997	-0.3567075	0.25547287	-0.25073656	-0.25053686	-0.40917683
-0.1022851	0.28719532	-0.2544234	-0.3206577	0.39734688	0.20840491	0.20095076	-0.3121599	-0.42384914	-0.26081455	0.37072074	-0.32627296	0.2825608	-0.23581174	-0.27720118	-0.42785984
0.4547505	-0.58003855	0.49374825	0.5481962	-0.5954716	-0.48923448	-0.47498244	0.4752003	0.54038584	0.5131576	-0.5830092	0.5361884	-0.52460855	0.50659245	0.48530704	0.56629425
-0.8624733	0.82162833	-0.84479547	-0.80436695	0.83154553	0.86381406	0.80761534	-0.79808855	-0.86494917	-0.869596	0.8788941	-0.79764616	0.8244671	-0.81299365	-0.8641526	-0.86531174
0.5164611	-0.5782154	0.5255162	0.5696899	-0.57825994	-0.533955	-0.5455274	0.51590234	0.61997944	0.5662447	-0.5589268	0.5530809	-0.5925912	0.5581117	0.526754	0.60032445
0.5191388	-0.6211278	0.61127245	0.5375358	-0.60306424	-0.6057378	-0.6241089	0.5323588	0.6138192	0.61510813	-0.59742695	0.5714834	-0.5483185	0.6088571	0.5473867	0.6259056
-0.3628305	0.32985225	-0.3669779	-0.29924968	0.34765503	0.3098052	0.3236505	-0.380147	-0.3254911	-0.3470371	0.35597327	-0.31260565	0.30626178	-0.33507296	-0.30838224	-0.3169583
0.5675567	-0.58993185	0.6057815	0.5803373	-0.59219176	-0.53863025	-0.61217153	0.54387546	0.5701373	0.62942433	-0.5733216	0.592844	-0.57623863	0.5628378	0.55845416	0.61168253
0.706991	-0.7672881	0.72025824	0.71010244	-0.7795148	-0.77773494	-0.74056053	0.7248025	0.73529977	0.68473506	-0.69902134	0.6914712	-0.73848057	0.7774343	0.7766702	0.7964662
-0.09971114	0.14029847	-0.09974713	-0.16087355	0.14978376	0.09235371	0.12051659	-0.12415336	-0.15140833	-0.16688456	0.17771128	-0.1745796	0.11318688	-0.16413805	-0.15330492	-0.12950285
-0.44403493	0.5525816	-0.5473783	-0.57519275	0.57190996	0.5226989	0.5581086	-0.5691945	-0.5656327	-0.5467315	0.5457356	-0.51663107	0.58195716	-0.5057582	-0.5416066	-0.6318874
0.5015679	-0.50345165	0.48076367	0.5624785	-0.5579092	-0.5263219	-0.49489	0.53883654	0.5410451	0.5085379	-0.50473714	0.5471037	-0.5702599	0.549715	0.52491176	0.5045848
0.5461749	-0.6042283	0.5780054	0.5878163	-0.63857275	-0.5756163	-0.6321483	0.572233	0.64696324	0.6182744	-0.58388406	0.562885	-0.6196277	0.6199662	0.5631764	0.655393
-0.40974894	0.42322585	-0.3813244	-0.40639162	0.44299626	0.39773113	0.3813002	-0.37590408	-0.4290643	-0.39554456	0.38459262	-0.41476288	0.36857268	-0.41571763	-0.3969278	-0.41549096
-0.29101923	0.33903065	-0.35722414	-0.30288917	0.33165303	0.3261228	0.25525904	-0.35687804	-0.3274852	-0.28260052	0.26698104	-0.35767543	0.30647355	-0.30674148	-0.35001105	-0.30976337
-0.7863358	0.8164898	-0.84411013	-0.8272469	0.81434464	0.764138	0.8454002	-0.82536495	-0.80853456	-0.7676114	0.8077348	-0.8232029	0.75520116	-0.7830699	-0.76659524	-0.81058216
-0.48774138	0.54684305	-0.51515186	-0.60202277	0.59344035	0.53971	0.5769648	-0.55273026	-0.5951769	-0.6226516	0.604062	-0.55000794	0.5841426	-0.60625726	-0.57227945	-0.63238317
0.207674	-0.14140911	0.2473902	0.22144127	-0.1693749	-0.18515137	-0.13834386	0.16333629	0.17895442	0.1847601	-0.19716212	0.21126868	-0.15320666	0.15759267	0.19049835	0.17907147
0.1327136	-0.20474896	0.21437211	0.17358375	-0.18476692	-0.1494625	-0.15355255	0.15453649	0.20720974	0.2313397	-0.14069606	0.1774099	-0.18901566	0.18289785	0.1883977	0.1417399
0.29792556	-0.2797848	0.26070222	0.33180434	-0.2789396	-0.33679736	-0.3088991	0.23302458	0.3712715	0.27357328	-0.30395228	0.29158852	-0.31670395	0.3112732	0.27602544	0.3383504
0.5303127	-0.5664413	0.6537738	0.5980207	-0.6260726	-0.59679896	-0.63375086	0.5608175	0.6665921	0.63734955	-0.6009571	0.65849715	-0.58666724	0.5834819	0.5645103	0.64986664
0.17275165	-0.20448558	0.1921358	0.21241367	-0.31521177	-0.18742889	-0.20042908	0.18776967	0.3734792	0.23378114	-0.2597503	0.32635605	-0.18479547	0.22600773	0.20660926	0.28674495
-0.59275126	0.6309397	-0.60864407	-0.56311923	0.613027	0.595239	0.5640464	-0.60130113	-0.6727006	-0.61019003	0.5913098	-0.58865803	0.5564437	-0.5784062	-0.59148055	-0.67386377
-0.3527729	0.2971972	-0.2873969	-0.28921542	0.2653424	0.3229568	0.28191146	-0.2814312	-0.2695198	-0.32400694	0.28004673	-0.29746467	0.2621353	-0.34030637	-0.34455198	-0.26612297
-0.17714258	0.22193082	-0.28446552	-0.27488473	0.2510222	0.16873069	0.20008636	-0.23180988	-0.20065933	-0.18324299	0.26355377	-0.24060252	0.17201947	-0.19804516	-0.19492802	-0.22812843
-0.36284718	0.51951814	-0.46360615	-0.47640097	0.5593073	0.46588072	0.4939717	-0.5348387	-0.49439657	-0.4580905	0.5062065	-0.494757	0.5075457	-0.5230382	-0.4730445	-0.5769005
-0.22173677	0.18750916	-0.17946869	-0.21282516	0.21067593	0.2179398	0.14979447	-0.21885689	-0.19886136	-0.22672515	0.15745394	-0.1596704	0.2039792	-0.2505449	-0.2295968	-0.2443459
-0.33057088	0.47140634	-0.5490462	-0.48110557	0.5649965	0.49120253	0.48837647	-0.55584615	-0.61164534	-0.5130843	0.47213924	-0.555455	0.5256925	-0.5074657	-0.47914448	-0.54655856
0.2345833	-0.21050884	0.22555639	0.2589796	-0.2578204	-0.23016274	-0.21008256	0.24763896	0.3275086	0.25421724	-0.20672777	0.20991233	-0.219391	0.286257	0.2755426	0.32062727
-0.3536383	0.45060208	-0.39553338	-0.48503554	0.4662678	0.48355046	0.47109404	-0.4672078	-0.54846877	-0.482957	0.44814616	-0.5033525	0.4637943	-0.49012473	-0.4678424	-0.4743845
0.3538553	-0.46708858	0.4902983	0.45111585	-0.48323175	-0.45337224	-0.4555014	0.5022417	0.58397	0.5270002	-0.51155037	0.51735556	-0.4553595	0.5460209	0.45887667	0.5596759
-0.18349355	0.2177855	-0.30112204	-0.21197295	0.21367148	0.25651357	0.2230735	-0.22030772	-0.25276592	-0.21990912	0.24310188	-0.2171676	0.25029078	-0.18448499	-0.20287564	-0.26361597
0.07567211	-0.13918455	0.12364831	0.107855275	-0.108560294	-0.107779704	-0.088895015	0.054118477	0.12017664	0.09451518	-0.1464489	0.11246214	-0.14438038	0.10268953	0.1406524	0.070869
-0.16772416	0.1290112	-0.1726114	-0.12947774	0.14110015	0.10713748	0.13745263	-0.14533171	-0.111330785	-0.13532788	0.11013725	-0.12640828	0.18614966	-0.15512736	-0.15676467	-0.13373993
0.49513116	-0.5381495	0.49037072	0.5353531	-0.5503769	-0.5344602	-0.48491535	0.52121025	0.572703	0.48605436	-0.52355886	0.55526435	-0.56682515	0.48957098	0.5000355	0.5078781
0.31363675	-0.42154068	0.41610348	0.4073068	-0.45526996	-0.36654934	-0.3396757	0.3769227	0.44619408	0.42026109	-0.35895696	0.45208606	-0.33091334	0.36359158	0.37066916	0.48883212
0.30974558	-0.35707593	0.30965677	0.3329673	-0.32783052	-0.32242575	-0.35709143	0.27471387	0.35124263	0.3534054	-0.3292917	0.32679173	-0.310352	0.2825477	0.31578568	0.3584863
0.18473981	-0.4421464	0.5139811	0.4998127	-0.4992042	-0.37450838	-0.31286722	0.5473768	0.5003186	0.4232749	-0.43149152	0.4522544	-0.4317732	0.39817992	0.38158202	0.43710867
0.15546985	-0.4118107	0.5366796	0.5516025	-0.44176492	-0.37309432	-0.42147064	0.56552815	0.51507014	0.41148195	-0.49410123	0.5177989	-0.5215184	0.40440315	0.42280504	0.4464709
0.32083237	-0.3662325	0.3543711	0.37677974	-0.37643394	-0.3336207	-0.35790485	0.30804512	0.41832042	0.3514244	-0.4309087	0.43066812	-0.37078276	0.39173532	0.41569066	0.41765133
0.54757565	-0.59793776	0.6677565	0.6120727	-0.6051874	-0.64740217	-0.64293724	0.61458313	0.7084714	0.66261244	-0.60844666	0.6149368	-0.5826567	0.6250522	0.6661497	0.65517515
-0.43871242	0.543601	-0.47820914	-0.53010666	0.529283	0.52130914	0.5229401	-0.5121929	-0.51996875	-0.48479447	0.48179176	-0.46192384	0.46424708	-0.44882932	-0.45397428	-0.5598526
-0.011473512	0.18185575	-0.13968728	-0.17857231	0.23543586	0.08779773	0.09273508	-0.19813368	-0.31901097	-0.20638835	0.18098912	-0.19230871	0.15384497	-0.15503162	-0.12352437	-0.22095124
0.13565303	-0.17194854	0.16137369	0.12362303	-0.17197704	-0.16295929	-0.16432828	0.20227815	0.1946021	0.13418919	-0.16522549	0.16008216	-0.15245563	0.1324493	0.15281087	0.197554
-0.59139127	0.5435556	-0.61536163	-0.57776767	0.5815461	0.64301807	0.6014428	-0.57197016	-0.6127571	-0.5688451	0.5626637	-0.5877601	0.5691668	-0.5751494	-0.5735506	-0.5743521
-0.7736859	0.71531314	-0.7422136	-0.7279547	0.74704915	0.71225595	0.7954773	-0.70710593	-0.7594304	-0.7870641	0.7178565	-0.7541755	0.75489783	-0.7536707	-0.7484044	-0.7406592
0.70116794	-0.7914608	0.7461546	0.70482963	-0.7303883	-0.7879902	-0.7629259	0.6873386	0.7858941	0.69296676	-0.7378401	0.7769246	-0.7052815	0.77026844	0.7134822	0.79714036
-0.23281166	0.31284085	-0.3869046	-0.35736635	0.40941378	0.30870557	0.26587284	-0.4113474	-0.5180423	-0.37518394	0.36586794	-0.40138185	0.33952135	-0.394421	-0.30777174	-0.45681232
0.4629679	-0.44673482	0.44399002	0.44730568	-0.4813607	-0.46542424	-0.4801269	0.45647457	0.46908155	0.4127348	-0.4314728	0.40592414	-0.48624137	0.48057875	0.453519	0.49120656
-0.7875041	0.82673013	-0.828565	-0.8423489	0.85734135	0.7945489	0.82473004	-0.8452549	-0.8823154	-0.80817026	0.8148589	-0.8564231	0.84129673	-0.8019667	-0.862714	-0.86985415
0.57097065	-0.5989629	0.5284754	0.5556228	-0.57560176	-0.5018986	-0.5494634	0.53451276	0.5615267	0.5187163	-0.5174148	0.5575983	-0.5331983	0.5272565	0.5469148	0.5368942
-0.6993123	0.69591796	-0.77303576	-0.66067284	0.7526019	0.72386533	0.71875894	-0.71967924	-0.77030843	-0.672991	0.698178	-0.7556775	0.69709736	-0.6675001	-0.7042567	-0.75447685
-0.67804295	0.6514024	-0.6309904	-0.6668122	0.6510252	0.6053014	0.6843886	-0.62241936	-0.71307653	-0.6354163	0.6564321	-0.63071585	0.6375318	-0.64865637	-0.6329217	-0.6486089
0.33476982	-0.26820907	0.3390449	0.3088254	-0.35024825	-0.33867157	-0.3351876	0.2245844	0.34604254	0.30468914	-0.27745566	0.27393728	-0.27367648	0.31900373	0.29306838	0.3290545
-0.123273775	0.3151502	-0.41666266	-0.38793954	0.4349457	0.2759953	0.29915822	-0.37342626	-0.5035338	-0.32037294	0.42924017	-0.47991738	0.35507843	-0.33398372	-0.32062253	-0.48945552
-0.3953309	0.44241044	-0.463287	-0.40414345	0.4299762	0.41809547	0.42699745	-0.40146327	-0.45907104	-0.40138412	0.45741987	-0.43113115	0.3985661	-0.4048978	-0.39072472	-0.4556639
-0.4232677	0.52004504	-0.58143306	-0.53803843	0.57904184	0.561424	0.5569447	-0.5922054	-0.6408362	-0.6143981	0.6252843	-0.58235234	0.5662962	-0.55028176	-0.53252345	-0.61597943
0.42922637	-0.4642277	0.49493006	0.4113223	-0.5050974	-0.43648988	-0.43625966	0.42206642	0.46696842	0.47361207	-0.4213615	0.4324356	-0.46296078	0.45216554	0.45917574	0.5023816
-0.34503865	0.29494646	-0.32170218	-0.35464516	0.35556984	0.2917776	0.31798622	-0.31543997	-0.36057135	-0.2632459	0.32349682	-0.27165487	0.3253038	-0.34578648	-0.31002176	-0.2767697
-0.20257418	0.3754248	-0.3736068	-0.36579055	0.42922336	0.34656736	0.3731811	-0.40284765	-0.461646	-0.42640522	0.40687978	-0.4429907	0.3809319	-0.36661762	-0.36132172	-0.5018477
0.28474638	-0.27386054	0.32638988	0.32709777	-0.311028	-0.2532713	-0.2606475	0.30106297	0.24158989	0.33262816	-0.24604084	0.28897172	-0.25682443	0.26141754	0.3209874	0.3305573
0.18096587	-0.29649177	0.27509582	0.2337079	-0.37381086	-0.29619133	-0.28767043	0.2369998	0.45689657	0.27663735	-0.33580333	0.32169604	-0.29591978	0.31041086	0.26245874	0.35352847
0.7198587	-0.7531016	0.78295344	0.72273356	-0.7094612	-0.7275936	-0.6861664	0.6836405	0.7833415	0.69923	-0.7068154	0.67233336	-0.7138821	0.6817256	0.7106937	0.7496751
0.4400278	-0.4193121	0.46363312	0.47792795	-0.47101453	-0.46216658	-0.42311484	0.40338194	0.5266971	0.42093605	-0.4983792	0.46963462	-0.44140828	0.44694147	0.49453083	0.5036474
0.35655156	-0.33523503	0.39095536	0.29330406	-0.3222809	-0.3217796	-0.35039213	0.30804083	0.36140922	0.34026933	-0.37390694	0.38910183	-0.3653951	0.36815238	0.32266656	0.36404628
-0.77837074	0.76539075	-0.81707436	-0.721818	0.8015132	0.8261325	0.7520809	-0.72770256	-0.8136807	-0.7385505	0.7429972	-0.8050478	0.814573	-0.83157974	-0.79483724	-0.786744
0.454247	-0.47679728	0.50780123	0.52866846	-0.4898171	-0.4708635	-0.47659585	0.44506097	0.48210293	0.47400978	-0.4930243	0.51615113	-0.47386968	0.47281486	0.4694976	0.5374852
-0.5614805	0.47962672	-0.53654534	-0.50427634	0.48880103	0.517462	0.56281525	-0.5843058	-0.5018892	-0.57370615	0.53565556	-0.5009428	0.5521792	-0.52731025	-0.54798114	-0.5563771
-0.26462743	0.3752943	-0.41237465	-0.36720383	0.43131992	0.3725799	0.3885874	-0.44603252	-0.45261416	-0.4339788	0.41775182	-0.40641576	0.4173444	-0.4377431	-0.426977	-0.46691498
-0.12709516	0.41716307	-0.43847862	-0.4148498	0.5241709	0.30387142	0.32699546	-0.48249504	-0.595406	-0.38316622	0.51751065	-0.45466202	0.4755495	-0.4167437	-0.41535068	-0.5415538
-0.20856462	0.37238067	-0.4668889	-0.41974226	0.5007382	0.34544632	0.31623098	-0.41478375	-0.45697498	-0.34872115	0.41429514	-0.41667548	0.41294554	-0.42130426	-0.36958244	-0.46340784
0.6965374	-0.6471683	0.6782217	0.6432958	-0.70471233	-0.66619956	-0.7415453	0.67716634	0.7364704	0.7380059	-0.6984602	0.7483399	-0.68488365	0.6988931	0.6849735	0.7016743
0.33935514	-0.4198398	0.42293462	0.3624771	-0.43822533	-0.38680908	-0.36115327	0.4342421	0.3680095	0.4349932	-0.42031077	0.39197725	-0.35163045	0.42376703	0.39603862	0.4150628
0.4801461	-0.5608777	0.4793744	0.48786128	-0.5301355	-0.49113223	-0.45832995	0.4531641	0.58035284	0.46540087	-0.50447506	0.47806063	-0.506417	0.54910344	0.48295462	0.52519345
0.39719418	-0.4937901	0.4505099	0.43277276	-0.5054777	-0.46706	-0.49829164	0.4722346	0.52013355	0.45996076	-0.4443402	0.44221723	-0.43246856	0.42590725	0.47935095	0.46244448
0.43332192	-0.44969112	0.4563446	0.51361734	-0.5184822	-0.4902607	-0.43115053	0.42213047	0.5055185	0.4483444	-0.45638958	0.53255683	-0.4243416	0.44933537	0.44219637	0.47537476
0.49065632	-0.5223469	0.48791164	0.48699278	-0.5015176	-0.5310959	-0.5253913	0.5360651	0.57298934	0.5205286	-0.5638003	0.5750888	-0.5280579	0.53112155	0.5261582	0.57289326
-0.2678516	0.31788442	-0.26326123	-0.31556603	0.29034084	0.24811436	0.22525948	-0.3236743	-0.30273363	-0.27400932	0.26265997	-0.2870026	0.2537794	-0.3260243	-0.23429313	-0.32224274
-0.6916034	0.6690379	-0.7362225	-0.6895629	0.6859358	0.66684085	0.65216655	-0.7439086	-0.701767	-0.7487929	0.74132746	-0.6863212	0.70978826	-0.6853481	-0.7036373	-0.74700797
-0.6852911	0.7255053	-0.7027841	-0.6677646	0.7049503	0.6363978	0.712842	-0.65133137	-0.6586399	-0.7204404	0.6862024	-0.6981541	0.6362468	-0.72341436	-0.66415954	-0.6811391
0.053964067	-0.063856855	0.09980927	0.024441585	-0.06465011	-0.028200364	-0.025332138	0.05124243	0.032679617	0.04618552	-0.031337198	0.07123696	0.009933421	0.023403909	0.06918542	0.05675387
0.5967317	-0.59158874	0.5558283	0.62147146	-0.6490379	-0.6628953	-0.6457639	0.5598536	0.6293084	0.6403857	-0.6331916	0.60027015	-0.6549697	0.6706214	0.6631187	0.6247668
0.69633824	-0.68079853	0.6718352	0.66985345	-0.70462924	-0.6877023	-0.73410904	0.7311542	0.7486175	0.70960414	-0.6674257	0.67398953	-0.7169881	0.71717274	0.6653205	0.7473909
-0.22731423	0.22434707	-0.16016126	-0.18300752	0.25450033	0.26445025	0.2489269	-0.17470126	-0.25620404	-0.17229392	0.16716881	-0.23506384	0.20965004	-0.22927842	-0.24374653	-0.19745915
-0.60572565	0.5971312	-0.5710608	-0.60120696	0.6244824	0.5608396	0.5536101	-0.61635536	-0.62116295	-0.606441	0.61382836	-0.61979496	0.54210746	-0.6016712	-0.5644599	-0.64250773
-0.4428204	0.5978245	-0.55143684	-0.5548644	0.60034376	0.5423782	0.5500772	-0.58617115	-0.676058	-0.54896057	0.59815496	-0.5677727	0.58379644	-0.571867	-0.5308439	-0.6348974
-0.6997302	0.67194355	-0.73023856	-0.6353464	0.6572081	0.6354591	0.68457013	-0.729872	-0.7322012	-0.6679741	0.67411506	-0.7313501	0.66020036	-0.6791726	-0.6644929	-0.69804025
0.47407386	-0.58350843	0.5426217	0.59092784	-0.5863446	-0.6114403	-0.5648246	0.5822561	0.6677515	0.5817345	-0.6145552	0.6335098	-0.63044226	0.6456287	0.6214332	0.6223466
0.46425143	-0.46452534	0.5094062	0.4891003	-0.5215386	-0.46077535	-0.450988	0.4551642	0.5620877	0.51271915	-0.50059545	0.5123346	-0.50709563	0.4991715	0.5352063	0.47487167
-0.5845828	0.6641119	-0.6539505	-0.65931493	0.66003513	0.6347388	0.64335036	-0.65193135	-0.6842461	-0.5990843	0.6290361	-0.6664976	0.6326053	-0.6067896	-0.6419733	-0.65449506
-0.48828018	0.6042678	-0.6246592	-0.57552034	0.58528256	0.58572567	0.60491085	-0.5631514	-0.6653664	-0.541062	0.5747832	-0.60558176	0.53365344	-0.6272302	-0.5807092	-0.6338279
-0.007309839	0.086168595	-0.11182038	-0.059829246	0.022812586	0.057704333	0.077444136	-0.063783154	-0.07022745	-0.05309711	0.062215745	-0.063172005	0.051818233	-0.024674365	-0.058057304	-0.05531449
-0.21344562	0.2240904	-0.26360875	-0.22283235	0.2108753	0.25778267	0.23319674	-0.20238468	-0.2875693	-0.22649983	0.21671209	-0.27683473	0.21389735	-0.25776547	-0.24054962	-0.25511768
0.5403735	-0.43198416	0.48462123	0.4093846	-0.45240277	-0.4927083	-0.4170054	0.4343394	0.46513534	0.47727376	-0.41760263	0.47277004	-0.4486415	0.4470927	0.4279288	0.4459377
-0.70829993	0.72367346	-0.7326204	-0.7045211	0.7026648	0.7263428	0.7636877	-0.73416793	-0.78918934	-0.75063455	0.7402551	-0.6926878	0.69971627	-0.76942873	-0.6703424	-0.7549861
-0.57932705	0.5860198	-0.6014848	-0.6010852	0.5666548	0.5857866	0.5857122	-0.5943158	-0.67440385	-0.5926158	0.624628	-0.634491	0.61810493	-0.5823593	-0.6000921	-0.65518516
-0.17014349	0.2989749	-0.31673792	-0.32463726	0.38022774	0.26051575	0.30907542	-0.38666376	-0.36351457	-0.3302846	0.3302809	-0.31351632	0.36166316	-0.29912925	-0.31890908	-0.3537393
-0.5384881	0.594368	-0.61224306	-0.57531524	0.5724139	0.56542253	0.5819958	-0.6148217	-0.60419834	-0.56334156	0.61646456	-0.58811885	0.5784976	-0.5584086	-0.565501	-0.55252385
-0.16832896	0.34987685	-0.30094317	-0.3204749	0.330501	0.29405388	0.26801053	-0.34474602	-0.39441687	-0.29441503	0.36523232	-0.32498723	0.28262106	-0.27533907	-0.31678587	-0.39377654
-0.71858317	0.66842127	-0.6856177	-0.6805546	0.71625566	0.7519251	0.6638507	-0.72476673	-0.766027	-0.73192245	0.67101127	-0.72819483	0.7145158	-0.7245207	-0.69422126	-0.7077452
-0.7041632	0.6797558	-0.7082434	-0.6514616	0.691855	0.63954705	0.6673762	-0.62162006	-0.66975546	-0.67043006	0.6809021	-0.6547319	0.6377008	-0.6185678	-0.69560134	-0.67041636
-0.8283994	0.80081695	-0.75652885	-0.8132648	0.78622085	0.80433524	0.734336	-0.74822146	-0.79964423	-0.82662374	0.7746236	-0.7492519	0.72134817	-0.8132347	-0.75244075	-0.8123565
0.17086911	-0.34081072	0.251427	0.3423774	-0.3226167	-0.33014163	-0.25606784	0.29282296	0.46743685	0.3648901	-0.32732618	0.34285602	-0.27667713	0.32647276	0.3262602	0.41872185
-0.43194336	0.49180987	-0.4689272	-0.43582132	0.46455806	0.4728185	0.49408802	-0.4537834	-0.4827219	-0.427575	0.46058232	-0.47034004	0.47437224	-0.45214215	-0.49341762	-0.49653488
0.021263577	-0.023103563	0.018759402	0.033766896	-0.05383313	0.012160058	-0.009365002	0.04259585	0.09262729	0.08662751	-0.048659027	0.03913372	-0.07050563	0.07098739	0.07513631	0.014373341
-0.38273343	0.43894538	-0.4547485	-0.46344772	0.5085945	0.42945254	0.4985741	-0.44697195	-0.45532638	-0.46494985	0.5013645	-0.44674265	0.426993	-0.43315467	-0.42456576	-0.44653133
0.3658725	-0.44157264	0.43091193	0.42789167	-0.49306038	-0.42967093	-0.3918309	0.3437051	0.5430565	0.42602655	-0.46485618	0.4783641	-0.39772353	0.4631418	0.43055958	0.50741833
0.28322545	-0.28442487	0.2923172	0.2669809	-0.32277295	-0.33166608	-0.3449576	0.26664093	0.3497973	0.35788608	-0.3639118	0.3231798	-0.34036466	0.27841857	0.32963556	0.40179604
-0.78871113	0.81383485	-0.8332484	-0.8317915	0.8090717	0.8414518	0.75988716	-0.7625309	-0.8689884	-0.755095	0.8053721	-0.81355834	0.79491395	-0.8453384	-0.8226652	-0.80171156
0.14983271	-0.21547335	0.17606664	0.1498021	-0.14424412	-0.18561566	-0.1679616	0.18481092	0.13147767	0.17499804	-0.19726682	0.22027688	-0.20755178	0.22527961	0.22851144	0.22092071
-0.48521593	0.5515927	-0.5933991	-0.6109286	0.5904643	0.5508142	0.51442826	-0.5394308	-0.65824515	-0.5182738	0.6272084	-0.6037439	0.59378344	-0.5424388	-0.53554344	-0.57896405
0.5693324	-0.57177913	0.59044766	0.60458463	-0.6239589	-0.5767569	-0.57811105	0.6190694	0.64324933	0.62427866	-0.627928	0.63342464	-0.5548654	0.6051142	0.6419902	0.66261446
0.1825242	-0.3800806	0.25338262	0.35553703	-0.3813737	-0.36254242	-0.33930057	0.3078051	0.3992034	0.36489102	-0.3391546	0.3408817	-0.3010906	0.3680695	0.29683223	0.3488666
0.51130044	-0.53999126	0.59574306	0.54630464	-0.5890395	-0.5882635	-0.5679478	0.52176905	0.5919583	0.5448106	-0.5898713	0.54922104	-0.56018394	0.5588505	0.5303805	0.5552287
0.744977	-0.7411096	0.74375093	0.6719007	-0.72284216	-0.7407334	-0.7415521	0.70814395	0.7311756	0.712229	-0.7648322	0.7480005	-0.7085694	0.67203236	0.71528256	0.7126226
-0.65441626	0.6640846	-0.7163556	-0.68725175	0.6637287	0.72362924	0.64265615	-0.7244128	-0.72371536	-0.69592106	0.65160394	-0.6609594	0.6335742	-0.6946889	-0.6973577	-0.71159387
-0.6772522	0.6092956	-0.6533442	-0.63404715	0.6956295	0.6217671	0.6508181	-0.65883666	-0.6493766	-0.6196453	0.6739174	-0.68383646	0.61835736	-0.64436316	-0.65072536	-0.6803267
-0.56865805	0.5790047	-0.57066846	-0.5682369	0.58441454	0.5917428	0.58677	-0.5528446	-0.5274845	-0.5720109	0.55723304	-0.5250681	0.57929313	-0.52159375	-0.5264103	-0.55645204
0.76905376	-0.7012803	0.81327707	0.7703591	-0.72849995	-0.81516963	-0.74452275	0.74368984	0.8427225	0.7246669	-0.72063094	0.7234156	-0.7719362	0.77654994	0.80051106	0.8226981
-0.78371614	0.83512676	-0.84233844	-0.8329385	0.785927	0.776573	0.80322146	-0.77049416	-0.8018303	-0.80933815	0.8155864	-0.8444142	0.8161368	-0.82906526	-0.79418445	-0.8286691
0.4760566	-0.44511834	0.4228224	0.48161453	-0.4418989	-0.4153756	-0.4397159	0.45718637	0.44855776	0.49402714	-0.43854874	0.43068334	-0.41348892	0.44172576	0.4940641	0.47312948
0.44553748	-0.44860575	0.45510453	0.43674955	-0.47210416	-0.508276	-0.49823308	0.44269028	0.54187053	0.44530794	-0.50389177	0.5007572	-0.46498764	0.4829678	0.46333787	0.516465
0.6133198	-0.67322034	0.6748442	0.67373955	-0.72382534	-0.65252656	-0.7076174	0.6940685	0.7155637	0.7153236	-0.6786978	0.66447014	-0.6340107	0.6828223	0.6222184	0.73275596
-0.14987396	0.16405669	-0.13485205	-0.171142	0.16138539	0.1398994	0.1265819	-0.20462424	-0.14547929	-0.16812137	0.2217358	-0.15033326	0.15030997	-0.22143957	-0.22062546	-0.20026775
-0.30461642	0.2623714	-0.32030496	-0.2921469	0.35053644	0.35993904	0.34389338	-0.2806817	-0.2938426	-0.2855425	0.29239565	-0.33222187	0.34550118	-0.3164832	-0.31112137	-0.28224704
0.79119366	-0.7385964	0.7800496	0.7751967	-0.8354098	-0.82970387	-0.7478956	0.83585566	0.85694474	0.8140566	-0.7776808	0.77139467	-0.79143053	0.7808937	0.80652785	0.84347486
-0.19868436	0.26799977	-0.26996002	-0.27024877	0.18839231	0.24516048	0.22103004	-0.25468418	-0.2408258	-0.20643052	0.17529161	-0.17519633	0.20294069	-0.23009606	-0.246641	-0.19358532
-0.63970697	0.65105563	-0.6461607	-0.60070986	0.6238436	0.6550934	0.6291401	-0.57034427	-0.64373165	-0.6029925	0.6211718	-0.5647582	0.6206349	-0.5994963	-0.6318361	-0.6569577
-0.8075922	0.83762044	-0.8405939	-0.77169055	0.777824	0.8142185	0.7801965	-0.7887948	-0.8219981	-0.8618815	0.7616096	-0.838893	0.7771994	-0.82235724	-0.7651836	-0.84435314
-0.61968064	0.5647857	-0.6110281	-0.6104417	0.5865389	0.63922006	0.5819258	-0.556727	-0.6153213	-0.6271542	0.6005702	-0.63990426	0.62309146	-0.634759	-0.56757325	-0.66771793
-0.5322914	0.5790561	-0.64036465	-0.60704935	0.6088081	0.54774404	0.60828114	-0.60520464	-0.6250614	-0.6234749	0.64520377	-0.611283	0.54387325	-0.61597574	-0.553127	-0.6494768
-0.1359859	0.32686386	-0.35285687	-0.32607272	0.45298353	0.2764601	0.24909759	-0.32625794	-0.54275864	-0.27709898	0.41709888	-0.3636903	0.39533946	-0.29733288	-0.32421625	-0.41245106
0.4956893	-0.45242152	0.4910467	0.5355364	-0.49083045	-0.5122987	-0.4812841	0.49829748	0.5486409	0.44407347	-0.52428615	0.46606874	-0.46217355	0.49714157	0.45503077	0.5480846
-0.22405055	0.23549615	-0.31484297	-0.21400633	0.2900628	0.28480455	0.2545322	-0.28012437	-0.28452164	-0.26813927	0.19309106	-0.2636535	0.20072696	-0.27743822	-0.22195967	-0.24886067
-0.2513438	0.2261452	-0.26025712	-0.2690618	0.24660698	0.18833797	0.18475784	-0.19353104	-0.22981748	-0.21455342	0.2544987	-0.2288153	0.21852747	-0.23051715	-0.22781204	-0.24330677
-0.8443666	0.7766169	-0.82851493	-0.759444	0.8181704	0.7858176	0.81589055	-0.8400101	-0.8268116	-0.84699607	0.82084966	-0.85456043	0.8444199	-0.8312284	-0.82686186	-0.8795913
0.0058886297	-0.024109365	0.015284185	0.08040098	-0.0274356	-0.024409082	-0.015873047	0.010198198	0.043325372	0.00028009538	-0.073132105	0.0717153	-0.08354144	0.023532089	0.049062107	0.0282075
-0.39186525	0.32861617	-0.4232688	-0.35047215	0.34270617	0.4137609	0.33838218	-0.34285915	-0.35630658	-0.36692223	0.42500502	-0.34874362	0.3945348	-0.3535332	-0.37728864	-0.3359353
-0.085840695	0.05738299	-0.06314488	-0.028538207	0.07852698	0.038160365	0.042880826	-0.073570564	-0.06274035	-0.073781334	0.09370965	-0.10095381	0.08414514	-0.1068456	-0.06647802	-0.024955802
0.22925876	-0.26832303	0.23779477	0.25907266	-0.3042513	-0.26657093	-0.2226103	0.26840326	0.36036682	0.23665334	-0.2477627	0.30991745	-0.28243178	0.22236226	0.28058997	0.34402815
0.026324194	-0.07145231	0.03113743	0.09210009	-0.124631874	-0.09756399	-0.10445966	0.10936948	0.14844695	0.12036585	-0.10839161	0.08260088	-0.07604917	0.11250483	0.14209267	0.099422954
-0.23566242	0.24089007	-0.29755244	-0.33410856	0.3379094	0.3095887	0.27322513	-0.29686537	-0.3529804	-0.26934907	0.29506582	-0.3070723	0.24343449	-0.3246649	-0.2801518	-0.31294617
-0.61073923	0.62611955	-0.66420305	-0.69625795	0.6978781	0.63969314	0.6645003	-0.6369883	-0.669662	-0.7061095	0.6388755	-0.6761114	0.704124	-0.6603672	-0.6469709	-0.73542583
0.34473616	-0.4635486	0.42573434	0.48613802	-0.44714916	-0.48679075	-0.41439795	0.5007653	0.51285046	0.46769062	-0.47390684	0.4996947	-0.41918823	0.4531334	0.48897496	0.52396077
0.40501583	-0.3575847	0.3542353	0.31623167	-0.32252264	-0.33009258	-0.34102333	0.34644604	0.3831696	0.3428625	-0.33685648	0.40851977	-0.38057238	0.41257605	0.33416146	0.34034663
-0.5813769	0.57194513	-0.5498513	-0.5898088	0.5988517	0.5438888	0.5564479	-0.6167216	-0.6485618	-0.6059381	0.54831904	-0.62105846	0.51892287	-0.5497463	-0.552562	-0.5800608
0.46117142	-0.5836672	0.59895295	0.5690651	-0.55019146	-0.53020185	-0.53006285	0.591693	0.65905094	0.52260685	-0.61103594	0.5996715	-0.49351573	0.5753076	0.572168	0.62650394
0.47005385	-0.56881267	0.5670173	0.4965172	-0.57379985	-0.5515859	-0.5749898	0.5731444	0.5443053	0.574433	-0.57548237	0.5537347	-0.5294118	0.57436883	0.52863616	0.6246261
-0.29647377	0.27815726	-0.2352652	-0.2535678	0.30878758	0.28877726	0.2716638	-0.2657478	-0.22783755	-0.2891314	0.30103317	-0.30472288	0.22562371	-0.27993917	-0.26452917	-0.23672381
-0.47907826	0.42378974	-0.50592464	-0.41134387	0.4890574	0.46898082	0.48897552	-0.47337738	-0.5051359	-0.49047235	0.48315716	-0.47276124	0.43801522	-0.4760517	-0.4928785	-0.487396
0.47081536	-0.6203402	0.54934955	0.5327872	-0.5421565	-0.525315	-0.5238289	0.56220156	0.666442	0.5309462	-0.59959966	0.58874214	-0.51347023	0.5676611	0.5919235	0.60843694
0.7319003	-0.7398185	0.7577064	0.8034507	-0.78517723	-0.7609847	-0.7430925	0.81056243	0.834132	0.79820657	-0.81922615	0.79821604	-0.81104213	0.8205265	0.7884494	0.83344424
0.29486677	-0.3413034	0.28272635	0.341054	-0.3972841	-0.31627557	-0.3261931	0.24035534	0.42753977	0.3570315	-0.30273223	0.36730757	-0.2915581	0.30419886	0.37375718	0.4077642
0.3042107	-0.2773753	0.35862154	0.30844742	-0.33328268	-0.30242515	-0.28174362	0.30715504	0.33099803	0.29568255	-0.3187433	0.29417384	-0.26387239	0.27577546	0.30070627	0.35197356
-0.7468916	0.79025394	-0.795113	-0.7239167	0.71751374	0.7977386	0.76396996	-0.7952249	-0.7575145	-0.7485044	0.72724223	-0.7733404	0.75718504	-0.7288817	-0.79392767	-0.739456
-0.28906602	0.30706906	-0.35125154	-0.33924988	0.4177767	0.3591539	0.32036072	-0.3368728	-0.45698127	-0.30324474	0.4124643	-0.41699257	0.38202807	-0.3857999	-0.31903872	-0.41138542
0.49469072	-0.45853904	0.53457636	0.46208805	-0.4875267	-0.51352465	-0.47778606	0.45771122	0.5721822	0.5434337	-0.51613593	0.5435879	-0.5275865	0.5104266	0.48108	0.5504532
-0.7952224	0.8053712	-0.82290417	-0.8696974	0.8327785	0.855829	0.7968861	-0.84295547	-0.919443	-0.86205816	0.8238459	-0.8142885	0.8020178	-0.85147667	-0.81470853	-0.88720983
0.527929	-0.5965887	0.57523793	0.5502008	-0.59343433	-0.61084163	-0.6445456	0.6243123	0.6352674	0.6538907	-0.5748859	0.67005366	-0.6038761	0.62824786	0.5682286	0.6396751
0.25894475	-0.35408682	0.3495169	0.34204867	-0.40497932	-0.296056	-0.29966918	0.333027	0.4492655	0.37377053	-0.3707404	0.40227976	-0.29472852	0.39396018	0.38213596	0.45688993
-0.7922549	0.8545633	-0.8605417	-0.8536386	0.7751629	0.7617565	0.78149	-0.8164442	-0.8807382	-0.7894363	0.84157956	-0.8441761	0.82176715	-0.76783425	-0.81233984	-0.8629043
0.42579234	-0.5560391	0.54959553	0.55719876	-0.57074904	-0.5564646	-0.48532456	0.49679276	0.6733266	0.52295154	-0.53955865	0.51674384	-0.5369265	0.5202207	0.4749899	0.6222537
0.4962656	-0.55635184	0.5654078	0.553261	-0.513425	-0.53874046	-0.51052105	0.49996555	0.61102885	0.514996	-0.57642996	0.53246635	-0.5821838	0.5191478	0.5423777	0.6135013
-0.41467994	0.35971498	-0.46136892	-0.3689164	0.43445453	0.41089976	0.3902022	-0.3442768	-0.40922618	-0.41517738	0.4310641	-0.37881896	0.40426	-0.4188648	-0.3984674	-0.4417656
0.542501	-0.53513074	0.6074854	0.57230747	-0.59462065	-0.611606	-0.59063345	0.59544903	0.56148475	0.56051576	-0.5628056	0.5519073	-0.5762235	0.5889251	0.58312774	0.57490826
0.21718153	-0.22963105	0.18833151	0.17097186	-0.21986093	-0.15776399	-0.16360366	0.18937327	0.19473466	0.24282658	-0.1854252	0.21843892	-0.21598378	0.17953046	0.22600608	0.17846563
0.4846463	-0.45524427	0.5371066	0.49410364	-0.5430115	-0.45439878	-0.5509832	0.49262348	0.5411367	0.513738	-0.4669311	0.52786016	-0.50237995	0.47809213	0.52262634	0.56386113
-0.4402126	0.43582124	-0.49831375	-0.4636036	0.46695155	0.4337611	0.44797295	-0.41566133	-0.4522611	-0.50985724	0.42478955	-0.4807144	0.40323085	-0.43033418	-0.48275152	-0.49430448
0.28519928	-0.28988612	0.3578338	0.34351546	-0.34340882	-0.32761773	-0.2799529	0.2718737	0.3614201	0.3719385	-0.28646106	0.31985655	-0.27437562	0.29398763	0.2809651	0.34663212
0.5047192	-0.57978684	0.522709	0.5591322	-0.5642315	-0.6106251	-0.5221094	0.5269086	0.55376583	0.53608227	-0.6011136	0.6196897	-0.60887367	0.5374673	0.5757794	0.6240874
0.63175046	-0.6197268	0.6069954	0.61641914	-0.66918814	-0.6383726	-0.5857942	0.6627599	0.67581797	0.57919097	-0.6121202	0.6006257	-0.6235621	0.6610902	0.60604805	0.60703695
-0.51042706	0.57942796	-0.6213441	-0.61555254	0.60923815	0.6303423	0.6002729	-0.5486476	-0.68430287	-0.6281275	0.6185103	-0.5996152	0.6059728	-0.57951236	-0.63519585	-0.584495
0.35323724	-0.26794913	0.38106543	0.33756924	-0.3325426	-0.3640827	-0.2926883	0.37215367	0.35424137	0.36477333	-0.35088608	0.26562914	-0.3387335	0.27906814	0.29564774	0.3267563
0.37559286	-0.45896873	0.43846354	0.4346472	-0.46214896	-0.48095042	-0.41835922	0.3914273	0.49536908	0.44501433	-0.48656744	0.5002423	-0.457344	0.410125	0.42763832	0.55559385
-0.46247804	0.50214964	-0.5372109	-0.5642638	0.54224855	0.5582367	0.51998776	-0.48699674	-0.5850274	-0.48099223	0.57273406	-0.5641718	0.55344236	-0.5082936	-0.53077096	-0.5344504
0.19222848	-0.15998481	0.13581514	0.13639948	-0.19257274	-0.14506131	-0.14232337	0.17495315	0.1689978	0.10232123	-0.13274287	0.09374379	-0.15236793	0.149541	0.17614381	0.12594771
-0.5596894	0.6625872	-0.63600975	-0.6672671	0.6167535	0.6361539	0.59828234	-0.6397515	-0.6602718	-0.5944034	0.6378157	-0.64474714	0.66602963	-0.6590207	-0.59316	-0.63255364
0.23445617	-0.27724746	0.2506688	0.27615607	-0.24495901	-0.2244785	-0.21260522	0.24851137	0.25168902	0.25579953	-0.24430004	0.29865715	-0.2634025	0.218949	0.19972408	0.28619614
0.033360396	0.02049125	-0.0029170641	0.037296064	-0.0709461	-0.0021958773	-0.041963913	-0.073016085	-0.024162639	-0.021305809	-0.043978844	0.04810952	-0.006330682	-0.019988023	0.0019139166	0.04500246
0.573936	-0.68085796	0.6610898	0.6379368	-0.7159208	-0.66115713	-0.6951912	0.7127127	0.7004568	0.6709492	-0.65737194	0.69089794	-0.6521529	0.6865553	0.6272941	0.67890894
-0.20919695	0.26090083	-0.29521808	-0.22388038	0.26002184	0.25136817	0.21864633	-0.2812699	-0.30944687	-0.20490883	0.29771927	-0.21842279	0.20176917	-0.24847476	-0.2884757	-0.28000352
-0.64730895	0.6807687	-0.62361115	-0.70935124	0.6431918	0.66324586	0.6816345	-0.62325835	-0.6636195	-0.70630753	0.67593473	-0.6458503	0.6202424	-0.67245984	-0.67322284	-0.7221241
0.33997348	-0.3688684	0.39996213	0.3774328	-0.36603686	-0.35016397	-0.37879768	0.38058493	0.40251172	0.3671516	-0.31639877	0.3261031	-0.3301098	0.31813377	0.3178906	0.38811013
0.11249656	-0.06774629	0.10533602	0.076715164	-0.110607356	-0.11001047	-0.10880925	0.0965882	0.13394214	0.10604981	-0.12756944	0.11319932	-0.1366599	0.084254086	0.0636442	0.083789475
-0.2975895	0.47891468	-0.51938707	-0.5508964	0.56530553	0.49222034	0.43571147	-0.54170346	-0.5747723	-0.50986063	0.5164293	-0.49118456	0.53072673	-0.4823961	-0.5051304	-0.6165933
-0.015390621	0.048956368	-0.07526634	-0.049290184	0.11817192	0.08570111	0.03971451	-0.02054835	-0.1031253	-0.08955085	0.047995493	-0.031760585	0.060755394	-0.018074626	-0.026288267	-0.042094022
0.2719479	-0.310625	0.3358757	0.37113068	-0.4184933	-0.3393774	-0.34096158	0.34020516	0.4469005	0.31642255	-0.3288887	0.32256824	-0.34429166	0.39120004	0.37452674	0.35749286
-0.49574134	0.47822475	-0.45339045	-0.42311084	0.44045657	0.48329836	0.46203455	-0.4248976	-0.5225663	-0.42979968	0.47138894	-0.503752	0.46215016	-0.45948067	-0.45619228	-0.5103048
0.3651236	-0.39884806	0.43695137	0.357113	-0.4499834	-0.3676617	-0.40015525	0.38707277	0.52414906	0.4058201	-0.47579044	0.4665559	-0.35102603	0.42701137	0.3948167	0.510355
-0.56419075	0.5871299	-0.6638512	-0.59501386	0.6079784	0.57213145	0.6220019	-0.5894578	-0.6613553	-0.6125768	0.6232897	-0.6443109	0.61250293	-0.6122824	-0.627624	-0.5864681
-0.10582474	0.07052377	-0.07471868	-0.03183706	0.061785113	0.022625726	0.110827334	-0.02008157	-0.022654286	-0.03851417	0.056162205	-0.09841342	0.061794173	-0.061009564	-0.039931536	-0.038178086
0.033747442	-0.024829442	0.038907778	-0.034083705	-0.037658278	0.0028731036	-0.06602278	0.006732234	-0.011710278	0.03190767	0.010372011	0.00301106	-0.054967433	-0.018495826	-0.017657096	0.029133813
0.56507975	-0.5646108	0.5342306	0.5696841	-0.53512865	-0.56205046	-0.58673716	0.5771262	0.56315196	0.50206274	-0.5061158	0.5265598	-0.5123521	0.52801836	0.5641696	0.55459803
-0.23964134	0.2943254	-0.25361273	-0.31751493	0.2785602	0.28248873	0.32758912	-0.2931881	-0.30831304	-0.28137448	0.25726748	-0.31524965	0.32643133	-0.31813842	-0.28667676	-0.31366837
-0.6900432	0.7509647	-0.70376647	-0.703765	0.7483915	0.7007595	0.67470425	-0.70865905	-0.744149	-0.72538793	0.69604033	-0.7154186	0.72549164	-0.71881956	-0.6633165	-0.74572307
-0.2912499	0.3213319	-0.320442	-0.23086318	0.29140785	0.2994137	0.24625209	-0.2571733	-0.2457448	-0.30578762	0.26095366	-0.3187083	0.2591865	-0.29157737	-0.2268735	-0.31222495
0.11942359	-0.15066406	0.19856963	0.18731494	-0.17126581	-0.14486502	-0.116346814	0.10454143	0.1340725	0.17371401	-0.16730633	0.17297393	-0.19272175	0.10464326	0.15065122	0.1419941
0.8656023	-0.8455648	0.88807297	0.81731904	-0.8984495	-0.8195373	-0.89408493	0.8694281	0.9394673	0.8684428	-0.8829563	0.8751214	-0.85303354	0.90998197	0.8647019	0.93558145
0.19769612	-0.24440391	0.18507205	0.23115844	-0.20010348	-0.24008805	-0.20390831	0.14946176	0.18527755	0.260108	-0.17797427	0.18148687	-0.24429336	0.18469724	0.22238447	0.21242732
-0.43371433	0.4827185	-0.5848855	-0.5619266	0.51009923	0.45474267	0.4567047	-0.5525275	-0.5420718	-0.54284656	0.48551944	-0.5045149	0.5071258	-0.47561654	-0.5178318	-0.5084491
-0.5738401	0.62198746	-0.5969618	-0.5634938	0.6133175	0.5816254	0.54724765	-0.6115207	-0.6165479	-0.5601543	0.5879736	-0.5672429	0.5562553	-0.55126834	-0.5352144	-0.59922665
0.6699424	-0.70888823	0.7273357	0.7554089	-0.7704395	-0.7718105	-0.7104652	0.702055	0.77926517	0.76984155	-0.69550455	0.7493808	-0.70374846	0.71688735	0.7691857	0.7703763
0.34855744	-0.35153046	0.34769902	0.32478765	-0.36384436	-0.36284074	-0.32865378	0.32207328	0.38202345	0.30836484	-0.28288397	0.3611374	-0.26042867	0.31183022	0.26951262	0.3643808
-0.48931354	0.5998522	-0.57923335	-0.53139114	0.5966746	0.5933675	0.56805843	-0.6126169	-0.59056026	-0.58956075	0.5450066	-0.61089337	0.54006004	-0.6079405	-0.56419164	-0.5857735
-0.55913466	0.62020284	-0.6613107	-0.60260385	0.65886223	0.5494515	0.6427124	-0.63862044	-0.6367191	-0.575838	0.57732826	-0.6471688	0.5925407	-0.6487294	-0.61158895	-0.60565025
-0.6188537	0.5833464	-0.6184722	-0.5882171	0.666778	0.62513393	0.6523205	-0.6250813	-0.60388243	-0.6346488	0.62012047	-0.5811927	0.64052445	-0.62421274	-0.602387	-0.65053624
-0.4378059	0.46750256	-0.5396617	-0.5398897	0.5825626	0.44653806	0.48548013	-0.49913478	-0.56006616	-0.5356058	0.5077031	-0.5516001	0.5232204	-0.48558107	-0.4597031	-0.5536126
0.059987035	-0.1693491	0.091767505	0.12637398	-0.12901223	-0.111184455	-0.15350129	0.14063852	0.25879443	0.17304513	-0.19782302	0.16377075	-0.10262343	0.17100899	0.15089214	0.13484706
0.46685693	-0.41191873	0.42618355	0.42252856	-0.4864015	-0.46190217	-0.43055287	0.42727447	0.45836106	0.4637662	-0.39018056	0.4079444	-0.425764	0.4818654	0.47482637	0.4278026
0.41843858	-0.40363613	0.39324972	0.3580288	-0.42176265	-0.4478068	-0.3675836	0.46588728	0.40356386	0.44413117	-0.42553467	0.4153226	-0.43681943	0.39610255	0.40160152	0.39473814
0.45782137	-0.41799456	0.43711528	0.4088291	-0.43252566	-0.42590588	-0.45891163	0.38938358	0.45197383	0.46496597	-0.44334158	0.4149055	-0.42421958	0.43434456	0.43513632	0.40632865
0.403323	-0.45587954	0.4071667	0.51595443	-0.47003996	-0.42105696	-0.4592193	0.4906283	0.49795976	0.47650328	-0.4296659	0.49136457	-0.47583586	0.4515542	0.4131805	0.54053557
0.7128069	-0.7301328	0.7454229	0.7383279	-0.70427877	-0.7306932	-0.6928789	0.71822315	0.78161186	0.7812678	-0.6893476	0.7092258	-0.6891998	0.69722384	0.74515873	0.7668291
-0.5941556	0.60454154	-0.73805416	-0.64790714	0.63082653	0.653059	0.63659316	-0.6881867	-0.74968314	-0.6136204	0.67105335	-0.6405089	0.6844127	-0.6210784	-0.6736331	-0.663594
-0.57178867	0.6132642	-0.6035719	-0.5993125	0.64896	0.5999911	0.5646843	-0.6663307	-0.64110756	-0.65961874	0.65773505	-0.59633076	0.6305229	-0.6274923	-0.6594123	-0.60655844
-0.55232435	0.5842991	-0.5512463	-0.5965295	0.52973425	0.5405033	0.5463238	-0.5613175	-0.5460616	-0.5936643	0.49749953	-0.51330847	0.4971878	-0.5305427	-0.58630824	-0.5161836
0.68736184	-0.71162945	0.6967842	0.7140798	-0.66719544	-0.66877526	-0.7149197	0.63275796	0.70336306	0.65909284	-0.71741766	0.70966446	-0.7279935	0.6559053	0.70929456	0.70087546
0.296748	-0.3126598	0.36760384	0.30239904	-0.35738796	-0.34927893	-0.33910957	0.33282763	0.30030245	0.33598176	-0.3392753	0.3091839	-0.3182955	0.30094028	0.36310902	0.31405565
-0.10807758	0.14930306	-0.16504352	-0.15289955	0.099397145	0.15285814	0.15244862	-0.16774547	-0.11239246	-0.16177958	0.12786461	-0.17504959	0.08292539	-0.13042179	-0.10904931	-0.1349405
0.077347614	-0.07509403	0.100126974	0.13744666	-0.09440394	-0.117312916	-0.069788866	0.1476187	0.068548106	0.12489586	-0.12845157	0.112597376	-0.08779255	0.06300825	0.14402324	0.080958605
-0.3322373	0.40154758	-0.4120325	-0.3622339	0.34835365	0.37307018	0.41559017	-0.31416753	-0.3583115	-0.34539866	0.35065567	-0.36562422	0.33510047	-0.37081674	-0.34869814	-0.37203196
-0.0071040047	0.34192824	-0.38659292	-0.37321073	0.46746066	0.20369971	0.2949936	-0.37402007	-0.57438827	-0.30977058	0.5027803	-0.44482863	0.42245418	-0.35305315	-0.314287	-0.5306906
-0.4177123	0.3719072	-0.4809547	-0.41447026	0.41177872	0.37522668	0.41413668	-0.36791947	-0.46756783	-0.46299738	0.3795931	-0.4632609	0.40671387	-0.45400703	-0.46164045	-0.468667
-0.42848718	0.38584498	-0.38914257	-0.42039856	0.38923246	0.3806288	0.42532712	-0.43542328	-0.36893436	-0.43239146	0.37801552	-0.39226586	0.4088958	-0.45884874	-0.3911506	-0.47221488
-0.648857	0.6557035	-0.65159047	-0.619454	0.6836088	0.6212707	0.6069235	-0.61582184	-0.71705896	-0.67641675	0.6712312	-0.62624806	0.6503586	-0.65436345	-0.6192846	-0.70021045
-0.7236554	0.72201484	-0.73852915	-0.7362041	0.704704	0.6908195	0.67687666	-0.6793003	-0.7844952	-0.74362653	0.712451	-0.7237661	0.72498965	-0.7558472	-0.6957405	-0.76627827
0.46788436	-0.47612697	0.4928644	0.4836908	-0.4961293	-0.43248898	-0.41929674	0.48156172	0.44350466	0.42745337	-0.4048085	0.4068176	-0.46615165	0.49439704	0.41701967	0.43435502
0.0123385815	-0.039569955	0.04318007	0.017647447	-0.025192993	-0.057969067	0.022378117	-0.0042822673	0.037259754	0.022540215	-0.039599866	-0.022842273	-0.042183816	0.04121866	-0.00796769	0.0552939
0.5430473	-0.5731645	0.5236095	0.56889087	-0.60159236	-0.6229002	-0.61825866	0.5687697	0.61647075	0.60573846	-0.5770657	0.5995539	-0.5372688	0.5994109	0.5730308	0.62248206
-0.19415817	0.19965836	-0.19661935	-0.2250834	0.25605413	0.24465394	0.2083205	-0.2554484	-0.18672073	-0.24750346	0.22172692	-0.2259761	0.23281159	-0.20688677	-0.23336855	-0.17885745
0.4667043	-0.50095624	0.491813	0.53039867	-0.53363687	-0.5264645	-0.46931913	0.43751928	0.51162267	0.53715384	-0.45990592	0.5176531	-0.50640863	0.5215372	0.4609183	0.51816034
-0.112042375	0.15943407	-0.13621326	-0.10834312	0.1250613	0.15433802	0.18939109	-0.10758678	-0.13165781	-0.15382737	0.099719554	-0.12783326	0.18269011	-0.15083621	-0.11925409	-0.13508001
0.1757707	-0.17317252	0.16107403	0.09200251	-0.16851848	-0.15681827	-0.12398165	0.109797016	0.16806114	0.15164658	-0.17774306	0.16121545	-0.11755489	0.081665	0.106006004	0.11711873
-0.026087437	0.058428258	-0.14050792	-0.14479326	0.15034984	0.11997576	0.039815232	-0.19052044	-0.14783013	-0.08037617	0.13680936	-0.11739608	0.16364318	-0.13266806	-0.056143105	-0.07968958
0.32789528	-0.41550398	0.38628674	0.40429795	-0.45930937	-0.42087248	-0.38311303	0.36946848	0.43632004	0.37457818	-0.36773336	0.44164303	-0.39887425	0.40263742	0.38705826	0.45094284
-0.4103086	0.4612695	-0.48782054	-0.5354012	0.48197073	0.5028177	0.44229203	-0.53397185	-0.537253	-0.48520625	0.5412449	-0.5096526	0.48437485	-0.5270466	-0.48816684	-0.5420638
-0.42062095	0.5245488	-0.5568064	-0.49729747	0.52989745	0.5383546	0.48396584	-0.4951386	-0.60963714	-0.4602756	0.5136929	-0.5592765	0.5387355	-0.50942874	-0.4678721	-0.57969314
-0.575906	0.6227337	-0.63542426	-0.57166964	0.6228405	0.5798433	0.594938	-0.5447439	-0.6744037	-0.6417479	0.5882871	-0.5692657	0.64565706	-0.56902844	-0.6089727	-0.58339983
-0.42566398	0.53025466	-0.52369124	-0.5298938	0.60030615	0.56176245	0.48358297	-0.538791	-0.53130776	-0.49054363	0.55809027	-0.57861483	0.56317973	-0.5563114	-0.52041143	-0.6018058
0.6766913	-0.69661224	0.67136765	0.681384	-0.684057	-0.63146657	-0.6100243	0.61155826	0.71630025	0.68921465	-0.62455255	0.6871472	-0.6059432	0.6425247	0.6972485	0.67012525
0.01623365	0.26277858	-0.2190363	-0.30110174	0.2980846	0.13052468	0.14573525	-0.27816492	-0.36212203	-0.21993761	0.2752301	-0.32146922	0.24082358	-0.2241325	-0.2952184	-0.33596417
0.1321479	-0.01862493	0.015146628	-0.053276684	0.12635076	-0.06655307	-0.04011129	-0.1015737	-0.11234294	-0.030028205	0.097910464	-0.047016457	0.08548503	-0.055000514	-0.00019190615	-0.056052227
0.5896256	-0.5689181	0.5960201	0.5633139	-0.59688735	-0.57309586	-0.60192174	0.59999794	0.69437546	0.64486843	-0.5816973	0.66376084	-0.6409754	0.5937571	0.6645999	0.65788823
-0.61757684	0.6417171	-0.687506	-0.63700384	0.7046269	0.6769654	0.6709213	-0.63435054	-0.7184369	-0.6888151	0.630297	-0.6807303	0.69615465	-0.6982978	-0.6881155	-0.6934783
0.6124666	-0.6545181	0.6489492	0.6320025	-0.66582435	-0.65916806	-0.68742985	0.7002815	0.7068558	0.6424672	-0.71034837	0.6680943	-0.64734584	0.65646404	0.67038256	0.7186976
0.059572183	-0.14536011	0.09518863	0.1387245	-0.25121504	-0.17178823	-0.15768601	0.1466554	0.2887713	0.17948504	-0.24440297	0.18713415	-0.114567704	0.16371989	0.20198816	0.2533022
0.4642802	-0.5092577	0.4583172	0.48678294	-0.56110555	-0.5237342	-0.5038188	0.42652217	0.53249925	0.4833245	-0.5021847	0.5542394	-0.5016143	0.517074	0.44647098	0.56950355
0.41993114	-0.5608767	0.4777011	0.49629074	-0.5178645	-0.5472898	-0.55337316	0.48140964	0.5317312	0.54627603	-0.55800587	0.5627602	-0.5315396	0.55568254	0.49543077	0.5160464
-0.31156898	0.30477569	-0.33851117	-0.2872226	0.35616705	0.29258046	0.27322805	-0.35291088	-0.32807946	-0.32645625	0.3256802	-0.29719424	0.29863513	-0.36989808	-0.32665867	-0.3074476
0.486268	-0.5297939	0.5324202	0.49886757	-0.60398996	-0.5633694	-0.51390225	0.5015774	0.5980084	0.5309321	-0.5868529	0.52619183	-0.48965883	0.545263	0.54113823	0.580793
-0.4487332	0.5316671	-0.59856457	-0.5585489	0.5668421	0.5565095	0.5027639	-0.5476459	-0.659247	-0.53998137	0.5630759	-0.5861479	0.5453686	-0.5759586	-0.5599724	-0.62905335
-0.59320205	0.66637796	-0.61293215	-0.5895491	0.6243988	0.67734057	0.6415783	-0.6091904	-0.670482	-0.6844475	0.62024623	-0.6004119	0.67089707	-0.6436524	-0.6305792	-0.7072056
-0.4556983	0.4420708	-0.51134473	-0.4242845	0.50105995	0.43315667	0.45966348	-0.4849805	-0.44304377	-0.45411485	0.4348396	-0.50555706	0.42991018	-0.47674456	-0.48076534	-0.5257879
0.5905136	-0.653463	0.65870285	0.62497544	-0.726654	-0.70573413	-0.6425515	0.6588794	0.7138818	0.6759704	-0.65449005	0.70951843	-0.69648695	0.6771953	0.629864	0.68862206
0.32835642	-0.27897128	0.28239265	0.33815566	-0.27636036	-0.31904185	-0.3002077	0.28495342	0.34461334	0.30703166	-0.2553194	0.31743577	-0.2874589	0.32112226	0.28827628	0.27166805
0.40353686	-0.46759468	0.4235444	0.415321	-0.48249593	-0.4648284	-0.45986435	0.46748403	0.46479738	0.40954667	-0.3925373	0.48487994	-0.44802672	0.48544484	0.3919298	0.4856186
-0.61053574	0.6234635	-0.6619719	-0.5948062	0.661465	0.6704178	0.63409203	-0.6403695	-0.68484217	-0.6048954	0.67501956	-0.6425276	0.6144018	-0.6654887	-0.652646	-0.62891454
-0.4464508	0.49913073	-0.51682615	-0.5712427	0.5176161	0.5149379	0.5135662	-0.51009077	-0.5237752	-0.53289247	0.48037347	-0.5401696	0.51781803	-0.46010217	-0.54632413	-0.53813255
0.6533557	-0.6735804	0.73112464	0.7028729	-0.7236316	-0.71789974	-0.7058598	0.7004894	0.6691619	0.65332246	-0.6954552	0.64746517	-0.666297	0.6655665	0.62820876	0.67344624
0.5044085	-0.5233483	0.54071796	0.47076005	-0.56241316	-0.5658502	-0.481876	0.4981337	0.5492252	0.47861534	-0.51400495	0.4923232	-0.5494804	0.566552	0.51958853	0.48969948
-0.4223768	0.4263717	-0.48106387	-0.40472874	0.46339113	0.39341107	0.38207772	-0.42975697	-0.48196995	-0.40730652	0.44851223	-0.4476939	0.44382945	-0.40498987	-0.44956753	-0.46531397
-0.55669665	0.6542584	-0.6819649	-0.6396087	0.6325688	0.61697227	0.62276936	-0.65355396	-0.6314199	-0.5772248	0.62232184	-0.66703844	0.59930575	-0.5863218	-0.59483355	-0.6441779
-0.57103235	0.6333132	-0.6314827	-0.58521986	0.59559244	0.58352464	0.65187985	-0.61001873	-0.6412127	-0.5974397	0.5943419	-0.6701513	0.5907589	-0.6016855	-0.57541734	-0.6098054
-0.17726171	0.28104553	-0.27259567	-0.2719016	0.35399738	0.21314143	0.2072803	-0.3015988	-0.32933223	-0.2367688	0.3312639	-0.33778778	0.3126501	-0.23323388	-0.3045603	-0.34928036
0.24630934	-0.35371	0.36171654	0.34380478	-0.35970992	-0.3387116	-0.31360704	0.3833899	0.4678703	0.37549803	-0.40682364	0.37911764	-0.3390695	0.41646105	0.3155471	0.47470236
-0.26588547	0.47277543	-0.49548548	-0.54454637	0.5484211	0.45378757	0.44439337	-0.5247749	-0.57254696	-0.44738868	0.4928217	-0.46554336	0.46931332	-0.47857133	-0.4329599	-0.55580676
0.44103673	-0.47271147	0.4590641	0.45627758	-0.49595553	-0.52307415	-0.4840814	0.47522697	0.56087136	0.5563326	-0.52147025	0.54692405	-0.50482196	0.49234992	0.5313932	0.531435
-0.6261765	0.6196043	-0.61701816	-0.6920037	0.6716596	0.6353428	0.61866456	-0.64269996	-0.6750347	-0.6957182	0.6587419	-0.6680927	0.5994063	-0.62177974	-0.64177406	-0.64675003
-0.6745713	0.6536516	-0.669674	-0.6879533	0.7063711	0.6674837	0.67498523	-0.7093063	-0.7479499	-0.6637342	0.67507315	-0.6528343	0.6887735	-0.7003494	-0.71217585	-0.7170406
0.20626462	-0.08569796	0.10153972	0.06706588	-0.0022814085	-0.17659879	-0.18250579	0.04112614	0.082931414	0.11290169	-0.07165103	0.002526631	0.029802622	0.08006174	0.097517185	0.026360057
0.52592874	-0.49563375	0.5675173	0.46966136	-0.56183755	-0.53737706	-0.5215409	0.5466493	0.5152436	0.5591878	-0.5262355	0.48387894	-0.47071514	0.51857036	0.55573153	0.5599363
0.36589548	-0.41384256	0.4003006	0.40774727	-0.41400543	-0.37604508	-0.40433887	0.35841942	0.48556444	0.40260527	-0.43517497	0.4184176	-0.34625	0.38181433	0.3561111	0.4779484
-0.24721445	0.39987314	-0.47278184	-0.45833626	0.3955853	0.40722123	0.3314919	-0.41808903	-0.5110367	-0.4045731	0.4239867	-0.41941625	0.42142877	-0.4234846	-0.4301978	-0.4202085
-0.7368615	0.7173027	-0.69565845	-0.6793237	0.6831297	0.69882345	0.69224215	-0.6362127	-0.7500681	-0.64864945	0.6473209	-0.65440243	0.7112413	-0.6968294	-0.6637645	-0.76242363
0.32454988	-0.46616292	0.42194298	0.36569828	-0.48724976	-0.39894655	-0.39713517	0.43864226	0.47591382	0.40337086	-0.44607022	0.44682965	-0.41561007	0.3872918	0.3670044	0.46229404
0.43115762	-0.5494498	0.4905132	0.44147047	-0.53991085	-0.5150636	-0.48443416	0.48182487	0.54454696	0.5032487	-0.5110759	0.544815	-0.42673823	0.533646	0.500892	0.55761445
-0.3840758	0.38749617	-0.42038587	-0.36659232	0.44802922	0.3613568	0.37463683	-0.41829014	-0.46688545	-0.41547656	0.43217027	-0.40229046	0.4344913	-0.37002882	-0.43416974	-0.4136799
0.088695996	-0.07457232	0.14917769	0.14488249	-0.13305683	-0.12356545	-0.14166793	0.14983106	0.1443625	0.10612985	-0.13246775	0.13049142	-0.08135708	0.110603966	0.11304125	0.12154905
-0.15021671	0.16162759	-0.15545166	-0.1108768	0.08869385	0.13391258	0.10642401	-0.096281454	-0.13926174	-0.081904516	0.14941758	-0.12543997	0.11110145	-0.083085105	-0.10672717	-0.10847145
-0.49976227	0.47610614	-0.5197371	-0.49285838	0.46031532	0.43322113	0.469799	-0.5035053	-0.4696509	-0.46772975	0.48344257	-0.47511265	0.49054202	-0.48165384	-0.5032052	-0.5141996
0.56127656	-0.631431	0.6487068	0.61497295	-0.60908043	-0.5436511	-0.61211807	0.51684254	0.6489152	0.57817835	-0.62821144	0.56559783	-0.53509444	0.60912746	0.53788424	0.6379397
0.70526737	-0.66489613	0.6446307	0.6570005	-0.65077573	-0.6664254	-0.6351118	0.7158273	0.6320135	0.6700284	-0.66746926	0.65737706	-0.61035174	0.63302463	0.62107784	0.6609817
-0.23006581	0.19308083	-0.19091587	-0.2683546	0.2656267	0.19496511	0.2540987	-0.21951462	-0.23218629	-0.19554842	0.19054252	-0.2026695	0.22174165	-0.26646847	-0.23263201	-0.18762225
0.21163402	-0.25938392	0.27738896	0.2830355	-0.19109808	-0.2189303	-0.24422626	0.25112566	0.23392439	0.254349	-0.2006225	0.2072341	-0.22023009	0.276618	0.2713536	0.25530374
0.70374364	-0.7204574	0.7588783	0.73328227	-0.7018082	-0.7473731	-0.74806786	0.75002384	0.7793861	0.7197168	-0.73994535	0.74269146	-0.751927	0.77719706	0.68829304	0.78385174
-0.47233075	0.52466196	-0.49766147	-0.5568212	0.5579103	0.46897453	0.4716824	-0.53519434	-0.56118053	-0.5086074	0.5058992	-0.56738347	0.54066956	-0.50343585	-0.5285804	-0.5846553
-0.679517	0.7221477	-0.7556097	-0.76002747	0.7298749	0.76265043	0.70421344	-0.72866374	-0.7469992	-0.7723747	0.7198716	-0.77248573	0.7089864	-0.7853063	-0.7205593	-0.7841444
-0.05754711	0.10022602	-0.1112066	-0.055668183	0.107216865	0.11171809	0.06069037	-0.12628353	-0.12206044	-0.059763104	0.053744618	-0.10883102	0.11619522	-0.1309253	-0.050548207	-0.13288946
-0.38415322	0.40004304	-0.39921236	-0.37955195	0.37340546	0.4177151	0.36179563	-0.38885075	-0.4484381	-0.4047309	0.40108863	-0.3923177	0.38027373	-0.4171114	-0.42877412	-0.4350689
0.5413069	-0.4759977	0.5566247	0.528126	-0.5310397	-0.5211909	-0.49763522	0.4977564	0.56909233	0.5406376	-0.5378571	0.5150739	-0.50599146	0.4684202	0.51466745	0.5584966
0.61111534	-0.6303731	0.6268358	0.6621623	-0.6305701	-0.6614971	-0.67083454	0.64038324	0.6737536	0.67718554	-0.60128075	0.64678955	-0.6249359	0.67821085	0.650449	0.67579937
0.52249044	-0.5476375	0.5996233	0.5563905	-0.52646714	-0.55475336	-0.6077057	0.6042469	0.58610785	0.5599163	-0.55950534	0.52694446	-0.5611031	0.538514	0.5111022	0.60723525
0.59341	-0.6013861	0.53109187	0.5241817	-0.5832458	-0.5738908	-0.6166725	0.57170063	0.6642375	0.6130112	-0.5541721	0.59133935	-0.55369765	0.6081856	0.6065515	0.6020342
0.375703	-0.42387694	0.45380273	0.44555604	-0.46973455	-0.38936856	-0.440365	0.3989693	0.53515506	0.433013	-0.42775753	0.4460258	-0.45502838	0.4082031	0.43891406	0.48764056
0.46724904	-0.5496813	0.52277064	0.53949785	-0.48673886	-0.5430414	-0.5537785	0.5229598	0.5952364	0.5282055	-0.5640049	0.49735186	-0.5167228	0.47052744	0.50102645	0.54052305
-0.035059858	0.017308345	-0.104070224	-0.106836654	0.08688605	0.09724324	0.07212088	-0.07014732	-0.053811073	-0.058748607	0.026682734	-0.06806518	0.056596085	-0.10303714	-0.0936108	-0.040263362
-0.75976014	0.73535323	-0.7700258	-0.7861117	0.73643064	0.7693546	0.7848796	-0.78924596	-0.8024231	-0.76028335	0.77587616	-0.726538	0.7751394	-0.7188377	-0.7046088	-0.8043119
-0.38678697	0.46239766	-0.4682183	-0.532094	0.54587066	0.4617446	0.53293484	-0.49401495	-0.57623166	-0.52633184	0.55222666	-0.49262604	0.54127914	-0.55068296	-0.5111487	-0.50978667
0.5042079	-0.5777329	0.5394907	0.5891825	-0.635339	-0.6309097	-0.5570802	0.6039429	0.6272423	0.5499138	-0.5768895	0.58952	-0.55230325	0.6100116	0.57449883	0.5930539
0.32676116	-0.33082184	0.30158058	0.29264045	-0.38978344	-0.27955443	-0.3444362	0.27782643	0.36826146	0.32872233	-0.38647008	0.33200443	-0.29194885	0.33724725	0.31293178	0.36626497
-0.5446447	0.635749	-0.6570803	-0.6181289	0.57586354	0.5888718	0.5452761	-0.5777393	-0.6013784	-0.5523467	0.6331086	-0.61931527	0.6255398	-0.5893125	-0.6176791	-0.5681089
0.5549189	-0.558096	0.5929635	0.5566976	-0.6282195	-0.62522596	-0.531808	0.5035309	0.6263373	0.62198687	-0.575683	0.5887221	-0.5663361	0.6125017	0.5602173	0.6243177
0.50226533	-0.60587037	0.54094577	0.5294448	-0.64863646	-0.5682719	-0.60173434	0.5508882	0.5968394	0.60844004	-0.5551258	0.6151592	-0.5445735	0.6039151	0.575665	0.58001566
0.5447036	-0.5574482	0.6785637	0.6084745	-0.58321697	-0.65591514	-0.6498611	0.55384314	0.6912701	0.58648545	-0.65613776	0.6068916	-0.60496414	0.6302242	0.6234412	0.59716237
-0.5114704	0.502228	-0.5888892	-0.50519294	0.5684343	0.5363525	0.5508956	-0.52021295	-0.5378067	-0.55486834	0.58035237	-0.58703274	0.56187195	-0.55047375	-0.5135396	-0.5728565
-0.39691046	0.5325754	-0.60826325	-0.5581893	0.6166004	0.52265936	0.47935554	-0.60915697	-0.65738666	-0.509313	0.5981039	-0.5561922	0.56871176	-0.59354144	-0.53153634	-0.6382105
0.016012838	0.31317562	-0.31216413	-0.39771003	0.52872014	0.18201423	0.24045868	-0.38738889	-0.59188706	-0.39010972	0.45837945	-0.5228559	0.39866212	-0.3014952	-0.3666455	-0.5283805
-0.52382636	0.5803409	-0.5812029	-0.52179027	0.51702046	0.6070283	0.54001224	-0.58763164	-0.5869602	-0.556312	0.55833495	-0.51688105	0.51768774	-0.5271615	-0.56203145	-0.61091983
-0.18406577	0.23658782	-0.21703789	-0.1833116	0.2616371	0.2203817	0.15854283	-0.28426212	-0.29576373	-0.26677004	0.27307448	-0.22772689	0.18166418	-0.26944438	-0.19904718	-0.27401832
-0.3022851	0.38163805	-0.38376558	-0.35277885	0.42775673	0.29146418	0.3033087	-0.4021044	-0.38721818	-0.36478922	0.3979395	-0.39134556	0.42337522	-0.36877963	-0.36914676	-0.3928198
0.13969155	0.031370558	-0.02958988	-0.056624886	0.07801902	-0.025173344	-0.014693108	-0.034131423	-0.015564421	-0.028554242	0.0702212	-0.02701234	0.07888256	-0.025367873	-0.027786901	-0.0005028354
0.5833203	-0.56716126	0.55165154	0.5561486	-0.6191297	-0.5816901	-0.54119706	0.57202053	0.56074226	0.5788919	-0.53475475	0.6000463	-0.5913557	0.55092454	0.57748467	0.579749
-0.6728179	0.58507127	-0.6786008	-0.6654613	0.6518231	0.6566455	0.6286981	-0.62204605	-0.7003228	-0.62122774	0.68201816	-0.6031236	0.623778	-0.64099145	-0.59892386	-0.62021834
-0.672737	0.6765789	-0.72789824	-0.654646	0.6582803	0.6667444	0.6630922	-0.6697065	-0.72967297	-0.6827179	0.7002865	-0.67712945	0.71601933	-0.7200186	-0.73592085	-0.692059
0.39592674	-0.43474373	0.45833287	0.46738183	-0.49830344	-0.37854147	-0.38317403	0.462953	0.49843958	0.45973545	-0.40196922	0.46751308	-0.43643847	0.40305132	0.4103769	0.4916904
0.38819528	-0.39186084	0.42204258	0.4379285	-0.4881862	-0.42166096	-0.40709832	0.44750813	0.50724334	0.42055222	-0.4620738	0.4903511	-0.4389577	0.41327453	0.4065445	0.46291575
0.59573394	-0.6688797	0.64357543	0.6234847	-0.65013546	-0.63246316	-0.67289776	0.57987624	0.67716575	0.6165668	-0.67880124	0.610021	-0.62158376	0.5932904	0.61525196	0.6044784
0.039124787	0.09115763	-0.07871322	-0.027887054	0.10539085	0.027963465	0.051697478	-0.062161427	-0.09350278	-0.027366523	0.060805883	-0.059805494	0.051040713	-0.043690734	-0.0132197775	-0.03491508
0.25141233	-0.26315233	0.26825917	0.3113207	-0.2956721	-0.21654771	-0.2970728	0.242904	0.27480352	0.288126	-0.25090337	0.28537577	-0.28847265	0.27389902	0.31214988	0.31286797
0.44709387	-0.47322577	0.42250022	0.4496444	-0.38099366	-0.42385334	-0.47191334	0.4466238	0.45999536	0.4350342	-0.38392645	0.42877027	-0.42414418	0.4605271	0.39439726	0.45059413
-0.37793142	0.48171538	-0.5208185	-0.5415843	0.53452694	0.46250933	0.49765182	-0.4757928	-0.5203374	-0.5268512	0.52683276	-0.5278186	0.5190617	-0.5275416	-0.46337253	-0.5385365
-0.6533713	0.6217583	-0.70387965	-0.6743484	0.6408302	0.69900507	0.6048527	-0.62437797	-0.63722306	-0.6437653	0.6956929	-0.6645866	0.65342486	-0.6865211	-0.6929121	-0.6876157
0.7363566	-0.69212717	0.787285	0.7517479	-0.7805177	-0.68501675	-0.75607485	0.72059816	0.7828509	0.7400499	-0.6882541	0.78223395	-0.7166212	0.7730099	0.72292805	0.7102381
0.29568395	-0.3413327	0.36533	0.3385689	-0.4380886	-0.34268042	-0.35678148	0.33506694	0.4499025	0.3698528	-0.40223655	0.43255877	-0.39795393	0.3630021	0.33699462	0.41546807
0.5602943	-0.6189617	0.6230701	0.5458581	-0.5816463	-0.59848744	-0.5662972	0.5884336	0.58974904	0.5957811	-0.55029017	0.60732996	-0.5798161	0.54744226	0.5835008	0.62566036
-0.08815837	0.2693682	-0.32436562	-0.31388572	0.4648768	0.20713049	0.27909648	-0.33922726	-0.4830503	-0.2958123	0.4131583	-0.39529377	0.3353462	-0.25423726	-0.2520576	-0.4837966
0.84506685	-0.8149266	0.88774323	0.8100646	-0.77064365	-0.82717	-0.85296327	0.8563833	0.8653381	0.7675228	-0.8560052	0.8213911	-0.82496935	0.8427149	0.81368077	0.8211547
0.28060016	-0.47716448	0.35875472	0.45065618	-0.46530902	-0.40096936	-0.39986438	0.33865806	0.5699966	0.481818	-0.45452288	0.43781215	-0.44433433	0.3983671	0.4563178	0.49653992
0.5795239	-0.55526394	0.52414817	0.50853634	-0.5368804	-0.55327046	-0.59217465	0.50181067	0.6296763	0.53385127	-0.53624696	0.57638234	-0.5499887	0.5508948	0.50939226	0.57071894
0.32630122	-0.4657418	0.41837084	0.4105312	-0.39013624	-0.46626097	-0.44746742	0.36275986	0.44137362	0.37987897	-0.47248948	0.43955785	-0.43634602	0.43538168	0.43853807	0.45579642
0.12211247	-0.16820236	0.17864583	0.2430127	-0.19854788	-0.16624758	-0.20638114	0.16275632	0.26886666	0.21823113	-0.18533242	0.18595055	-0.18871684	0.23861447	0.15772077	0.28639972
-0.27729127	0.47070554	-0.47379994	-0.46524552	0.49316567	0.40466976	0.38592044	-0.43374953	-0.5081202	-0.43235222	0.487159	-0.48088628	0.40353107	-0.39376333	-0.4074606	-0.51305515
-0.38009942	0.504124	-0.606518	-0.57493496	0.5729314	0.5603831	0.5591577	-0.618048	-0.6014266	-0.57962096	0.5742663	-0.59570897	0.5869089	-0.524674	-0.517911	-0.6268866
0.38250312	-0.3633524	0.4114049	0.3060124	-0.30762237	-0.33646026	-0.31102183	0.33774757	0.31354684	0.308869	-0.3733503	0.3187049	-0.3812826	0.36601704	0.31149814	0.33338818
-0.041367207	0.11890888	-0.1269865	-0.06048446	0.13040522	0.11836002	0.073728055	-0.07896881	-0.15117882	-0.045136686	0.13333793	-0.050564334	0.12145987	-0.091370486	-0.08633107	-0.063824706
0.5983936	-0.5458282	0.5919661	0.5847051	-0.5687616	-0.5670853	-0.62715787	0.6076685	0.6524731	0.6234132	-0.5746191	0.60449195	-0.628838	0.54806167	0.58254915	0.6396463
0.5378405	-0.5558073	0.64337075	0.6234702	-0.5641393	-0.59022236	-0.5957017	0.6016781	0.6093665	0.54209006	-0.549459	0.5480306	-0.60593134	0.64091957	0.556015	0.6431134
0.4192401	-0.41048014	0.41438368	0.4242661	-0.45996833	-0.41175804	-0.42899838	0.47978052	0.48807433	0.4108404	-0.4911246	0.48517847	-0.39586997	0.46287268	0.48711747	0.53579724
-0.34302336	0.370365	-0.40651938	-0.3714938	0.36107665	0.3578336	0.31788898	-0.31133005	-0.3585072	-0.3421196	0.36707342	-0.31939197	0.31283927	-0.3475415	-0.3355515	-0.32720432
-0.34924337	0.3559596	-0.35125116	-0.3739908	0.40866417	0.3814068	0.3324425	-0.3872147	-0.34474137	-0.39362428	0.38361686	-0.4061298	0.37579802	-0.39497733	-0.36431292	-0.36103466
0.5838175	-0.58789104	0.6001181	0.6391898	-0.5894246	-0.5974204	-0.60760504	0.6526447	0.67297286	0.6442582	-0.6024325	0.6714195	-0.64079076	0.6637676	0.6146819	0.65032977
0.24620393	-0.312777	0.2863028	0.31933406	-0.28119528	-0.26373506	-0.274844	0.27603838	0.39227712	0.3239926	-0.342936	0.30236763	-0.24904296	0.26892212	0.3120692	0.28564912
0.09956823	-0.18769056	0.09127294	0.115475416	-0.18419121	-0.17591782	-0.11790417	0.19094868	0.22594246	0.10659107	-0.11175047	0.13931184	-0.144984	0.1255013	0.14264986	0.16433595
-0.05839587	0.12385622	-0.14099155	-0.15726075	0.24661228	0.111005984	0.15442304	-0.18148929	-0.19785301	-0.13865994	0.22700681	-0.154738	0.1190364	-0.14048895	-0.1447563	-0.2537785
0.5124449	-0.47411218	0.5515711	0.49177715	-0.4985312	-0.49151185	-0.4689341	0.4376373	0.4529334	0.49552402	-0.46990758	0.48652914	-0.45443797	0.48479515	0.5148224	0.506351
0.0051458008	0.008800259	-0.032916714	-0.011680397	0.057997975	0.08602833	0.04336967	-0.090665095	-0.053035077	-0.012240757	0.08095406	0.00827044	0.018320668	-0.086810745	0.0005016986	-0.03668847
0.424538	-0.4362778	0.41624963	0.3893849	-0.40782693	-0.4411513	-0.40047473	0.39724022	0.43950137	0.42182934	-0.36632466	0.417058	-0.34323347	0.40764567	0.36607972	0.40870404
-0.25335345	0.2645624	-0.27881876	-0.2488471	0.33015537	0.31578925	0.27136075	-0.31235015	-0.30676964	-0.30110034	0.27775523	-0.2680445	0.28720608	-0.29278848	-0.26854813	-0.25209302
-0.40194592	0.51982725	-0.56387264	-0.5139414	0.52987325	0.42489493	0.47168398	-0.5304876	-0.5354731	-0.4707844	0.5010562	-0.4708481	0.46199548	-0.5295275	-0.49724442	-0.5638389
